0.0      1.000e-01      
      1      1.000e-01      
      368      1.000e-01      
      369      5.000e-01      
      370      1.000e-01      
      402      1.000e-01      
      403      7.300e-01      
      404      2.050e+00      
      405      9.100e-01      
      406      5.900e-01      
      407      5.200e-01      
      408      4.300e-01      
      412      3.300e-01      
      413      2.200e-01      
      414      1.310e+00      
      415      5.580e+00      
      416      3.360e+00      
      417      1.460e+00      
      418      9.000e-01      
      419      7.200e-01      
      421      6.800e-01      
      422      5.600e-01      
      423      8.500e-01      
      424      7.300e-01      
      425      8.700e-01      
      426      1.260e+00      
      427      7.900e-01      
      428      7.400e-01      
      429      6.100e-01      
      430      4.100e-01      
      434      5.100e-01      
      435      5.600e-01      
      438      6.600e-01      
      439      6.900e-01      
      442      7.400e-01      
      443      2.300e+00      
      444      2.160e+00      
      445      2.050e+00      
      446      1.650e+00      
      447      1.440e+00      
      448      1.260e+00      
      449      1.170e+00      
      450      1.130e+00      
      451      9.900e-01      
      458      1.060e+00      
      459      1.090e+00      
      461      1.160e+00      
      462      1.290e+00      
      463      1.330e+00      
      464      1.470e+00      
      465      1.510e+00      
      466      1.630e+00      
      475      1.600e+00      
      476      1.530e+00      
      479      1.450e+00      
      480      1.430e+00      
      486      1.420e+00      
      487      1.280e+00      
      489      1.190e+00      
      490      1.180e+00      
      496      1.080e+00      
      497      1.060e+00      
      498      9.300e-01      
      499      8.800e-01      
      500      8.300e-01      
      503      7.500e-01      
      504      6.400e-01      
      513      5.400e-01      
      514      5.300e-01      
      521      4.900e-01      
      522      3.800e-01      
      525      3.400e-01      
      526      2.400e-01      
      544      2.000e-01      
      545      1.000e-01      
      1068      1.000e-01      
      1069      1.151e+01      
      1070      3.860e+00      
      1071      1.940e+00      
      1072      8.200e-01      
      1073      3.800e-01      
      1074      2.000e-01      
      1207      1.000e-01      
      1208      1.033e+01      
      1209      2.690e+00      
      1210      6.100e-01      
      1211      6.870e+00      
      1212      2.510e+00      
      1213      2.350e+00      
      1214      1.670e+00      
      1215      1.100e+00      
      1216      8.700e-01      
      1217      7.600e-01      
      1219      6.700e-01      
      1220      5.500e-01      
      1221      4.300e-01      
      1222      3.300e-01      
      1223      3.200e-01      
      1228      3.600e-01      
      1229      4.300e-01      
      1230      5.100e-01      
      1231      6.000e-01      
      1232      6.900e-01      
      1233      8.800e-01      
      1234      9.600e-01      
      1235      1.010e+00      
      1236      1.060e+00      
      1237      1.110e+00      
      1238      1.250e+00      
      1239      1.380e+00      
      1240      1.270e+00      
      1241      1.370e+00      
      1244      1.280e+00      
      1245      1.260e+00      
      1246      1.140e+00      
      1247      1.240e+00      
      1259      1.160e+00      
      1260      1.140e+00      
      1263      1.060e+00      
      1264      1.040e+00      
      1267      9.500e-01      
      1268      8.000e-01      
      1272      7.100e-01      
      1273      7.000e-01      
      1289      6.400e-01      
      1290      5.300e-01      
      1295      4.700e-01      
      1296      3.600e-01      
      1313      3.600e-01      
      1314      2.500e-01      
      1316      2.400e-01      
      1317      1.300e-01      
      1511      1.700e-01      
      1512      2.300e+00      
      1513      2.060e+00      
      1514      7.700e-01      
      1515      7.600e-01      
      1516      4.300e-01      
      1517      2.900e-01      
      1522      3.300e-01      
      1523      4.120e+00      
      1524      2.140e+00      
      1525      1.240e+00      
      1526      7.600e-01      
      1527      6.000e-01      
      1528      4.200e-01      
      1529      3.800e-01      
      1530      2.500e-01      
      1537      2.100e-01      
      1538      1.100e-01      
      1549      1.100e-01      
      1550      2.200e-01      
      1561      3.200e-01      
      1562      3.300e-01      
      1578      3.700e-01      
      1579      4.800e-01      
      1582      4.800e-01      
      1583      3.700e-01      
      1603      2.900e-01      
      1604      1.900e-01      
      1633      2.800e-01      
      1634      1.640e+00      
      1635      4.030e+00      
      1636      2.620e+00      
      1637      1.410e+00      
      1638      9.500e-01      
      1639      7.500e-01      
      1640      6.600e-01      
      1641      5.200e-01      
      1643      4.800e-01      
      1644      3.800e-01      
      1653      2.900e-01      
      1654      2.000e-01      
      1655      2.000e-01      
      1656      4.500e-01      
      1662      3.600e-01      
      1663      6.000e-01      
      1664      1.240e+00      
      1665      1.320e+00      
      1666      1.030e+00      
      1667      9.200e-01      
      1668      1.600e+00      
      1669      2.710e+00      
      1670      9.470e+00      
      1671      5.410e+00      
      1672      5.210e+00      
      1673      2.870e+00      
      1674      1.880e+00      
      1675      1.450e+00      
      1676      1.820e+00      
      1677      1.640e+00      
      1678      1.440e+00      
      1680      1.430e+00      
      1681      1.330e+00      
      1682      1.360e+00      
      1683      2.440e+00      
      1684      4.910e+00      
      1685      5.530e+00      
      1686      4.070e+00      
      1687      3.240e+00      
      1688      2.850e+00      
      1689      2.730e+00      
      1695      2.830e+00      
      1696      2.860e+00      
      1697      2.990e+00      
      1698      3.030e+00      
      1699      3.160e+00      
      1704      3.260e+00      
      1705      3.280e+00      
      1713      3.220e+00      
      1714      3.170e+00      
      1716      3.100e+00      
      1717      3.060e+00      
      1718      3.010e+00      
      1719      2.870e+00      
      1720      2.810e+00      
      1721      2.620e+00      
      1722      2.410e+00      
      1723      2.350e+00      
      1724      2.280e+00      
      1725      2.120e+00      
      1728      2.030e+00      
      1729      1.920e+00      
      1731      1.900e+00      
      1732      1.760e+00      
      1733      1.740e+00      
      1734      1.640e+00      
      1735      1.740e+00      
      1743      1.670e+00      
      1744      1.550e+00      
      1745      1.510e+00      
      1746      1.360e+00      
      1747      1.310e+00      
      1748      1.230e+00      
      1749      1.070e+00      
      1751      9.900e-01      
      1752      9.700e-01      
      1758      8.800e-01      
      1759      8.700e-01      
      1760      7.600e-01      
      1767      6.600e-01      
      1768      6.500e-01      
      1769      6.400e-01      
      1770      5.300e-01      
      1776      4.400e-01      
      1777      4.300e-01      
      1780      3.300e-01      
      1781      3.200e-01      
      1804      2.200e-01      
      1805      2.100e-01      
      1818      2.100e-01      
      1819      1.100e-01      
      1828      1.100e-01      
      1829      2.100e-01      
      1831      2.100e-01      
      1832      1.100e-01      
      2099      1.000e-01      
      2100      1.300e+01      
      2101      4.930e+01      
      2102      1.156e+01      
      2103      4.580e+00      
      2104      2.080e+00      
      2105      8.700e-01      
      2106      4.000e-01      
      2107      2.200e-01      
      2109      1.900e-01      
      2110      1.000e-01      
      2201      1.000e-01      
      2202      3.310e+00      
      2203      1.370e+00      
      2204      6.400e-01      
      2205      3.200e-01      
      2206      1.800e-01      
      2420      1.000e-01      
      2421      5.430e+00      
      2422      8.840e+00      
      2423      2.680e+00      
      2424      1.180e+00      
      2425      4.900e-01      
      2426      2.500e-01      
      2427      1.400e-01      
      2562      1.000e-01      
      2563      9.990e+00      
      2564      6.140e+00      
      2565      1.700e+00      
      2566      7.900e-01      
      2567      5.900e-01      
      2568      1.150e+00      
      2569      2.130e+00      
      2570      6.900e-01      
      2571      6.200e-01      
      2572      5.300e-01      
      2575      4.400e-01      
      2576      3.300e-01      
      2577      3.200e-01      
      2578      2.200e-01      
      2579      2.100e-01      
      2580      1.100e-01      
      2588      1.200e-01      
      2589      1.120e+00      
      2590      9.200e-01      
      2591      4.900e-01      
      2592      4.500e-01      
      2593      3.800e-01      
      2602      3.900e-01      
      2603      5.300e-01      
      2628      5.600e-01      
      2629      6.600e-01      
      2631      6.400e-01      
      2632      5.300e-01      
      2636      4.400e-01      
      2637      4.200e-01      
      2638      3.100e-01      
      2659      2.200e-01      
      2660      1.100e-01      
      2864      1.000e-01      
      2865      2.800e-01      
      2866      1.000e-01      
      3381      1.000e-01      
      3382      3.000e-01      
      3383      1.900e+00      
      3384      1.000e-01      
      3385      2.300e-01      
      3386      1.500e-01      
      3387      1.100e-01      
      3394      1.100e-01      
      3395      7.600e-01      
      3396      2.300e+00      
      3397      7.800e-01      
      3398      3.600e-01      
      3404      3.300e-01      
      3405      2.200e-01      
      3406      2.200e-01      
      3407      1.100e-01      
      3556      1.000e-01      
      3557      1.100e+00      
      3558      1.000e-01      
      3565      1.000e-01      
      3566      5.000e-01      
      3567      4.350e+00      
      3568      2.090e+00      
      3569      6.200e-01      
      3574      5.300e-01      
      3575      5.200e-01      
      3577      4.200e-01      
      3578      2.100e-01      
      3580      2.100e-01      
      3581      1.100e-01      

