0      0.0      
      1      0.000e+00      
      32      4.124e-04      
      33      1.306e-03      
      34      3.246e-03      
      35      6.351e-03      
      36      9.812e-03      
      37      1.203e-02      
      38      1.177e-02      
      39      9.286e-03      
      40      6.004e-03      
      41      3.270e-03      
      42      1.575e-03      
      43      7.294e-04      
      44      3.626e-04      
      359      1.068e-03      
      360      3.563e-03      
      361      1.074e-02      
      362      2.847e-02      
      363      6.454e-02      
      364      1.230e-01      
      365      1.956e-01      
      366      2.603e-01      
      367      2.913e-01      
      368      2.769e-01      
      369      2.263e-01      
      370      1.613e-01      
      371      1.022e-01      
      372      5.869e-02      
      373      3.123e-02      
      374      1.570e-02      
      375      7.578e-03      
      376      3.564e-03      
      377      1.670e-03      
      378      8.182e-04      
      379      4.590e-04      
      411      9.970e-04      
      412      1.563e-03      
      413      2.504e-03      
      414      3.705e-03      
      415      4.800e-03      
      418      4.502e-03      
      419      3.421e-03      
      420      2.339e-03      
      421      1.492e-03      
      422      9.497e-04      
      606      1.046e-04      
      607      9.429e-05      
      1061      6.699e-04      
      1062      1.215e-03      
      1063      1.963e-03      
      1064      3.095e-03      
      1065      5.242e-03      
      1066      9.798e-03      
      1067      1.899e-02      
      1068      3.506e-02      
      1069      5.807e-02      
      1070      8.342e-02      
      1071      1.023e-01      
      1072      1.065e-01      
      1073      9.431e-02      
      1074      7.168e-02      
      1075      4.755e-02      
      1076      2.819e-02      
      1077      1.536e-02      
      1078      7.897e-03      
      1079      3.905e-03      
      1080      1.888e-03      
      1081      9.223e-04      
      1203      8.504e-04      
      1204      3.067e-03      
      1205      9.494e-03      
      1206      2.429e-02      
      1207      5.115e-02      
      1208      8.906e-02      
      1209      1.291e-01      
      1210      1.573e-01      
      1211      1.628e-01      
      1212      1.450e-01      
      1213      1.130e-01      
      1214      7.860e-02      
      1215      4.994e-02      
      1216      2.954e-02      
      1217      1.648e-02      
      1218      8.727e-03      
      1219      4.413e-03      
      1220      2.170e-03      
      1221      1.092e-03      
      1236      2.486e-04      
      1237      2.375e-04      
      1674      9.300e-04      
      1675      2.765e-03      
      1676      6.688e-03      
      1677      1.333e-02      
      1678      2.227e-02      
      1679      3.175e-02      
      1680      3.918e-02      
      1681      4.211e-02      
      1682      3.931e-02      
      1683      3.170e-02      
      1684      2.206e-02      
      1685      1.335e-02      
      1686      7.198e-03      
      1687      3.623e-03      
      1688      1.836e-03      
      1689      1.029e-03      
      1690      6.734e-04      
      1982      8.982e-04      
      1983      2.055e-03      
      1984      3.968e-03      
      1985      6.327e-03      
      1986      8.297e-03      
      1988      8.005e-03      
      1989      5.975e-03      
      1990      3.795e-03      
      1991      2.125e-03      
      1992      1.120e-03      
      1995      2.751e-04      
      1996      2.230e-04      
      2093      9.302e-04      
      2094      2.379e-03      
      2095      5.161e-03      
      2096      9.376e-03      
      2097      1.434e-02      
      2098      1.861e-02      
      2099      2.051e-02      
      2100      1.912e-02      
      2101      1.498e-02      
      2102      9.842e-03      
      2103      5.467e-03      
      2104      2.658e-03      
      2105      1.232e-03      
      2107      4.044e-04      
      2108      3.188e-04      
      2193      3.836e-04      
      2194      1.189e-03      
      2195      3.496e-03      
      2196      9.151e-03      
      2197      2.127e-02      
      2198      4.406e-02      
      2199      8.101e-02      
      2200      1.307e-01      
      2201      1.827e-01      
      2202      2.191e-01      
      2203      2.246e-01      
      2204      1.973e-01      
      2205      1.502e-01      
      2206      1.007e-01      
      2207      6.073e-02      
      2208      3.371e-02      
      2209      1.761e-02      
      2210      8.839e-03      
      2211      4.337e-03      
      2212      2.133e-03      
      2213      1.101e-03      
      2246      2.476e-04      
      2247      2.372e-04      
      2397      5.193e-04      
      2398      1.148e-03      
      2399      2.143e-03      
      2400      3.243e-03      
      2403      3.135e-03      
      2404      2.148e-03      
      2405      1.343e-03      
      2406      8.725e-04      
      2559      4.597e-04      
      2560      1.878e-03      
      2561      6.968e-03      
      2562      2.158e-02      
      2563      5.502e-02      
      2564      1.158e-01      
      2565      2.021e-01      
      2566      2.947e-01      
      2567      3.618e-01      
      2568      3.777e-01      
      2569      3.392e-01      
      2570      2.657e-01      
      2571      1.845e-01      
      2572      1.156e-01      
      2573      6.674e-02      
      2574      3.618e-02      
      2575      1.874e-02      
      2576      9.406e-03      
      2577      4.622e-03      
      2578      2.264e-03      
      2579      1.158e-03      
      2593      3.076e-04      
      2594      2.904e-04      
      2768      5.399e-04      
      2769      1.395e-03      
      2770      3.169e-03      
      2771      6.040e-03      
      2772      9.546e-03      
      2773      1.246e-02      
      2774      1.341e-02      
      2775      1.192e-02      
      2776      8.809e-03      
      2777      5.514e-03      
      2778      3.042e-03      
      2779      1.595e-03      
      2780      8.880e-04      
      2781      5.766e-04      
      2944      9.949e-04      
      2945      1.939e-03      
      2946      3.095e-03      
      2947      4.005e-03      
      2949      3.651e-03      
      2950      2.663e-03      
      2951      1.699e-03      
      2952      1.008e-03      
      2953      6.062e-04      
      3273      8.493e-04      
      3274      1.651e-03      
      3275      2.544e-03      
      3279      1.710e-03      
      3280      1.024e-03      
      3283      2.041e-04      
      3284      1.417e-04      
      3339      5.781e-04      
      3340      1.518e-03      
      3341      3.178e-03      
      3342      5.333e-03      
      3343      7.223e-03      
      3345      7.206e-03      
      3346      5.441e-03      
      3347      3.503e-03      
      3348      1.995e-03      
      3349      1.070e-03      
      3352      2.488e-04      
      3353      1.888e-04      
      3422      9.606e-04      
      3423      1.694e-03      
      3424      2.506e-03      
      3425      3.037e-03      
      3427      2.531e-03      
      3428      1.870e-03      
      3429      1.328e-03      
      3430      9.978e-04
3624   9.978e-04