0      0.0      
      1      0.000e+00      
      33      4.555e-04      
      34      1.142e-03      
      35      2.256e-03      
      36      3.517e-03      
      39      3.302e-03      
      40      2.049e-03      
      41      1.017e-03      
      42      4.040e-04      
      360      4.466e-04      
      361      1.835e-03      
      362      5.983e-03      
      363      1.555e-02      
      364      3.238e-02      
      365      5.441e-02      
      366      7.449e-02      
      367      8.404e-02      
      368      7.932e-02      
      369      6.378e-02      
      370      4.467e-02      
      371      2.791e-02      
      372      1.593e-02      
      373      8.442e-03      
      374      4.166e-03      
      375      1.890e-03      
      376      7.704e-04      
      415      1.726e-03      
      416      2.138e-03      
      420      1.311e-03      
      421      7.035e-04      
      1065      1.610e-03      
      1066      4.070e-03      
      1067      8.852e-03      
      1068      1.655e-02      
      1069      2.657e-02      
      1070      3.651e-02      
      1071      4.284e-02      
      1072      4.284e-02      
      1073      3.654e-02      
      1074      2.670e-02      
      1075      1.689e-02      
      1076      9.382e-03      
      1077      4.643e-03      
      1078      2.062e-03      
      1079      8.183e-04      
      1205      1.332e-03      
      1206      3.790e-03      
      1207      8.755e-03      
      1208      1.651e-02      
      1209      2.558e-02      
      1210      3.272e-02      
      1211      3.475e-02      
      1212      3.084e-02      
      1213      2.312e-02      
      1214      1.487e-02      
      1215      8.406e-03      
      1216      4.287e-03      
      1217      2.010e-03      
      1218      8.635e-04      
      1678      1.262e-03      
      1679      2.243e-03      
      1680      3.335e-03      
      1681      4.087e-03      
      1683      3.277e-03      
      1684      2.112e-03      
      1685      1.087e-03      
      1686      4.458e-04      
      2095      1.486e-03      
      2096      3.245e-03      
      2097      5.868e-03      
      2098      8.759e-03      
      2099      1.072e-02      
      2100      1.069e-02      
      2101      8.626e-03      
      2102      5.597e-03      
      2103      2.909e-03      
      2104      1.207e-03      
      2105      3.987e-04      
      2106      1.048e-04      
      2196      9.028e-04      
      2197      2.981e-03      
      2198      8.039e-03      
      2199      1.779e-02      
      2200      3.241e-02      
      2201      4.882e-02      
      2202      6.100e-02      
      2203      6.350e-02      
      2204      5.544e-02      
      2205      4.104e-02      
      2206      2.616e-02      
      2207      1.465e-02      
      2208      7.339e-03      
      2209      3.323e-03      
      2210      1.352e-03      
      2211      4.848e-04      
      2212      1.489e-04      
      2397      8.603e-04      
      2398      2.148e-03      
      2399      4.222e-03      
      2400      6.554e-03      
      2401      8.075e-03      
      2402      7.965e-03      
      2403      6.395e-03      
      2404      4.308e-03      
      2405      2.556e-03      
      2406      1.417e-03      
      2408      4.270e-04      
      2409      2.831e-04      
      2562      8.643e-04      
      2563      2.559e-03      
      2564      6.164e-03      
      2565      1.209e-02      
      2566      1.934e-02      
      2567      2.541e-02      
      2568      2.760e-02      
      2569      2.505e-02      
      2570      1.924e-02      
      2571      1.267e-02      
      2572      7.258e-03      
      2573      3.663e-03      
      2574      1.644e-03      
      2575      6.565e-04      
      2576      2.310e-04      
      3342      8.352e-04      
      3343      1.451e-03      
      3348      6.286e-04      
      3349      2.566e-04
3624   2.566e-04