0      0.0      
      1      6.667e-03      
      34      1.066e-02      
      35      1.441e-02      
      41      9.402e-03      
      42      7.674e-03      
      360      1.110e-02      
      361      1.721e-02      
      362      2.889e-02      
      363      4.757e-02      
      364      7.146e-02      
      365      9.483e-02      
      366      1.109e-01      
      368      1.109e-01      
      369      9.893e-02      
      370      8.329e-02      
      371      6.622e-02      
      372      4.962e-02      
      373      3.520e-02      
      374      2.407e-02      
      375      1.639e-02      
      376      1.161e-02      
      377      8.914e-03      
      407      1.527e-02      
      408      1.685e-02      
      411      2.292e-02      
      412      2.695e-02      
      413      3.419e-02      
      414      4.488e-02      
      415      5.695e-02      
      416      6.690e-02      
      421      6.195e-02      
      422      5.826e-02      
      423      5.459e-02      
      424      5.087e-02      
      425      4.718e-02      
      426      4.375e-02      
      428      3.829e-02      
      429      3.634e-02      
      473      3.066e-02      
      474      2.934e-02      
      501      2.267e-02      
      502      2.243e-02      
      573      1.608e-02      
      574      1.508e-02      
      667      9.412e-03      
      668      8.418e-03      
      1066      1.221e-02      
      1067      1.696e-02      
      1068      2.423e-02      
      1069      3.321e-02      
      1070      4.168e-02      
      1073      3.947e-02      
      1074      3.008e-02      
      1075      2.094e-02      
      1076      1.412e-02      
      1078      7.932e-03      
      1079      7.071e-03      
      1204      1.324e-02      
      1205      2.215e-02      
      1206      3.929e-02      
      1207      6.661e-02      
      1208      1.015e-01      
      1209      1.363e-01      
      1210      1.617e-01      
      1211      1.724e-01      
      1212      1.687e-01      
      1213      1.545e-01      
      1214      1.348e-01      
      1215      1.135e-01      
      1216      9.306e-02      
      1217      7.479e-02      
      1218      5.947e-02      
      1219      4.733e-02      
      1220      3.823e-02      
      1221      3.180e-02      
      1222      2.760e-02      
      1292      2.149e-02      
      1293      2.069e-02      
      1341      1.410e-02      
      1342      1.385e-02      
      1435      7.355e-03      
      1436      6.923e-03      
      1674      1.117e-02      
      1675      2.004e-02      
      1676      3.833e-02      
      1677      6.674e-02      
      1678      9.869e-02      
      1679      1.219e-01      
      1681      1.154e-01      
      1682      9.489e-02      
      1683      7.383e-02      
      1684      5.616e-02      
      1685      4.248e-02      
      1686      3.238e-02      
      1687      2.523e-02      
      1688      2.036e-02      
      1689      1.718e-02      
      1715      2.374e-02      
      1716      2.448e-02      
      1768      1.851e-02      
      1769      1.733e-02      
      1865      1.066e-02      
      1866      9.335e-03      
      1985      1.554e-02      
      1986      1.749e-02      
      1989      1.217e-02      
      1990      9.547e-03      
      2095      1.491e-02      
      2096      1.977e-02      
      2102      1.383e-02      
      2103      1.149e-02      
      2195      1.331e-02      
      2196      2.043e-02      
      2197      3.217e-02      
      2198      5.004e-02      
      2199      7.592e-02      
      2200      1.109e-01      
      2201      1.525e-01      
      2202      1.934e-01      
      2203      2.242e-01      
      2204      2.379e-01      
      2205      2.333e-01      
      2206      2.129e-01      
      2207      1.816e-01      
      2208      1.455e-01      
      2209      1.110e-01      
      2210      8.266e-02      
      2211      6.177e-02      
      2212      4.754e-02      
      2213      3.834e-02      
      2214      3.266e-02      
      2215      2.941e-02      
      2273      2.400e-02      
      2274      2.267e-02      
      2324      1.608e-02      
      2325      1.508e-02      
      2371      9.335e-03      
      2372      8.162e-03      
      2403      1.426e-02      
      2404      1.544e-02      
      2444      9.412e-03      
      2445      8.418e-03      
      2560      1.437e-02      
      2561      3.293e-02      
      2562      8.104e-02      
      2563      1.821e-01      
      2564      3.521e-01      
      2565      5.782e-01      
      2566      8.069e-01      
      2567      9.643e-01      
      2568      9.983e-01      
      2569      9.096e-01      
      2570      7.451e-01      
      2571      5.646e-01      
      2572      4.098e-01      
      2573      2.961e-01      
      2574      2.204e-01      
      2575      1.730e-01      
      2576      1.441e-01      
      2577      1.263e-01      
      2578      1.146e-01      
      2579      1.061e-01      
      2580      9.928e-02      
      2581      9.333e-02      
      2582      8.800e-02      
      2583      8.320e-02      
      2584      7.887e-02      
      2585      7.485e-02      
      2586      7.102e-02      
      2588      6.445e-02      
      2589      6.228e-02      
      2596      6.782e-02      
      2597      6.990e-02      
      2607      6.325e-02      
      2608      6.090e-02      
      2610      5.494e-02      
      2611      5.173e-02      
      2613      4.579e-02      
      2614      4.351e-02      
      2635      3.759e-02      
      2636      3.608e-02      
      2656      3.049e-02      
      2657      2.867e-02      
      2670      3.427e-02      
      2671      3.603e-02      
      2684      2.941e-02      
      2685      2.818e-02      
      2705      2.198e-02      
      2706      2.000e-02      
      2752      1.439e-02      
      2753      1.328e-02      
      2770      1.913e-02      
      2771      2.621e-02      
      2772      3.673e-02      
      2773      4.866e-02      
      2774      5.874e-02      
      2775      6.461e-02      
      2776      6.609e-02      
      2778      6.031e-02      
      2779      5.458e-02      
      2780      4.764e-02      
      2781      4.033e-02      
      2782      3.364e-02      
      2783      2.827e-02      
      2784      2.447e-02      
      2803      1.864e-02      
      2804      1.760e-02      
      2848      1.184e-02      
      2849      1.066e-02
3624   1.066e-02