0      0.0      
      1      5.405e-04      
      32      1.956e-03      
      33      4.993e-03      
      34      1.153e-02      
      35      2.185e-02      
      36      3.317e-02      
      37      4.021e-02      
      38      3.917e-02      
      39      3.114e-02      
      40      2.076e-02      
      41      1.217e-02      
      42      6.770e-03      
      43      3.912e-03      
      46      1.370e-03      
      47      1.126e-03      
      359      3.615e-03      
      360      8.801e-03      
      361      2.022e-02      
      362      4.158e-02      
      363      7.355e-02      
      364      1.089e-01      
      365      1.333e-01      
      366      1.346e-01      
      367      1.134e-01      
      368      8.141e-02      
      369      5.169e-02      
      370      3.077e-02      
      371      1.867e-02      
      372      1.260e-02      
      373      9.870e-03      
      401      7.228e-03      
      402      7.123e-03      
      407      8.539e-03      
      408      9.845e-03      
      409      1.143e-02      
      410      1.311e-02      
      411      1.515e-02      
      412      1.837e-02      
      413      2.344e-02      
      414      2.966e-02      
      415      3.484e-02      
      417      3.481e-02      
      418      3.056e-02      
      419      2.583e-02      
      420      2.182e-02      
      421      1.888e-02      
      422      1.689e-02      
      423      1.561e-02      
      429      1.302e-02      
      430      1.284e-02      
      450      1.046e-02      
      451      9.804e-03      
      520      7.161e-03      
      521      7.064e-03      
      666      4.475e-03      
      667      4.101e-03      
      788      1.444e-03      
      789      1.387e-03      
      1062      3.198e-03      
      1063      4.474e-03      
      1064      6.034e-03      
      1065      8.515e-03      
      1066      1.303e-02      
      1067      2.052e-02      
      1068      3.076e-02      
      1069      4.152e-02      
      1070      4.916e-02      
      1071      5.061e-02      
      1072      4.552e-02      
      1073      3.651e-02      
      1074      2.732e-02      
      1075      2.048e-02      
      1076      1.648e-02      
      1077      1.455e-02      
      1078      1.365e-02      
      1082      1.136e-02      
      1083      1.047e-02      
      1085      8.445e-03      
      1086      7.606e-03      
      1102      4.987e-03      
      1103      4.849e-03      
      1197      2.256e-03      
      1198      2.088e-03      
      1202      2.656e-03      
      1203      4.795e-03      
      1204      1.133e-02      
      1205      2.682e-02      
      1206      5.503e-02      
      1207      9.357e-02      
      1208      1.310e-01      
      1209      1.519e-01      
      1210      1.482e-01      
      1211      1.245e-01      
      1212      9.358e-02      
      1213      6.668e-02      
      1214      4.833e-02      
      1215      3.748e-02      
      1216      3.116e-02      
      1217      2.701e-02      
      1218      2.385e-02      
      1219      2.131e-02      
      1220      1.924e-02      
      1221      1.758e-02      
      1222      1.631e-02      
      1230      1.373e-02      
      1231      1.354e-02      
      1239      1.087e-02      
      1240      1.068e-02      
      1271      8.022e-03      
      1272      7.902e-03      
      1336      5.266e-03      
      1337      5.172e-03      
      1411      2.906e-03      
      1412      2.334e-03      
      1518      4.841e-03      
      1519      5.212e-03      
      1553      2.588e-03      
      1554      2.140e-03      
      1573      4.610e-03      
      1574      4.949e-03      
      1579      2.450e-03      
      1580      2.058e-03      
      1673      3.716e-03      
      1674      1.116e-02      
      1675      3.053e-02      
      1676      6.881e-02      
      1677      1.247e-01      
      1678      1.811e-01      
      1679      2.115e-01      
      1680      2.005e-01      
      1681      1.571e-01      
      1682      1.052e-01      
      1683      6.382e-02      
      1684      3.845e-02      
      1685      2.551e-02      
      1686      1.971e-02      
      1687      1.724e-02      
      1688      1.601e-02      
      1690      1.397e-02      
      1691      1.285e-02      
      1694      1.023e-02      
      1695      9.723e-03      
      1714      1.239e-02      
      1715      1.417e-02      
      1720      1.159e-02      
      1721      1.039e-02      
      1725      7.783e-03      
      1726      7.503e-03      
      1794      4.900e-03      
      1795      4.357e-03      
      1845      1.702e-03      
      1846      1.538e-03      
      1855      4.159e-03      
      1856      4.307e-03      
      1867      1.970e-03      
      1868      1.580e-03      
      1982      3.147e-03      
      1983      6.509e-03      
      1984      1.207e-02      
      1985      1.894e-02      
      1986      2.483e-02      
      1988      2.592e-02      
      1989      2.179e-02      
      1990      1.708e-02      
      1991      1.319e-02      
      1992      1.046e-02      
      1993      8.678e-03      
      1994      7.496e-03      
      1999      4.994e-03      
      2000      4.790e-03      
      2009      2.174e-03      
      2010      1.883e-03      
      2092      2.446e-03      
      2093      5.928e-03      
      2094      1.360e-02      
      2095      2.617e-02      
      2096      4.097e-02      
      2097      5.225e-02      
      2098      5.517e-02      
      2099      4.967e-02      
      2100      3.980e-02      
      2101      2.995e-02      
      2102      2.230e-02      
      2103      1.699e-02      
      2104      1.332e-02      
      2105      1.061e-02      
      2106      8.490e-03      
      2107      6.843e-03      
      2110      4.329e-03      
      2111      4.017e-03      
      2193      3.575e-03      
      2194      7.460e-03      
      2195      1.625e-02      
      2196      3.190e-02      
      2197      5.388e-02      
      2198      7.875e-02      
      2199      1.022e-01      
      2200      1.211e-01      
      2201      1.323e-01      
      2202      1.327e-01      
      2203      1.214e-01      
      2204      1.022e-01      
      2205      8.157e-02      
      2206      6.468e-02      
      2207      5.293e-02      
      2208      4.520e-02      
      2209      3.999e-02      
      2210      3.629e-02      
      2211      3.351e-02      
      2212      3.130e-02      
      2213      2.945e-02      
      2214      2.787e-02      
      2215      2.653e-02      
      2217      2.449e-02      
      2218      2.373e-02      
      2221      2.153e-02      
      2222      2.059e-02      
      2224      1.842e-02      
      2225      1.734e-02      
      2228      1.494e-02      
      2229      1.450e-02      
      2237      1.207e-02      
      2238      1.176e-02      
      2251      9.203e-03      
      2252      8.961e-03      
      2274      6.300e-03      
      2275      5.688e-03      
      2347      3.330e-03      
      2348      2.696e-03      
      2400      4.990e-03      
      2401      6.382e-03      
      2405      8.431e-03      
      2406      9.263e-03      
      2415      6.790e-03      
      2416      6.081e-03      
      2419      3.784e-03      
      2420      3.201e-03      
      2559      3.522e-03      
      2560      1.082e-02      
      2561      3.410e-02      
      2562      9.165e-02      
      2563      2.009e-01      
      2564      3.566e-01      
      2565      5.139e-01      
      2566      6.059e-01      
      2567      5.914e-01      
      2568      4.869e-01      
      2569      3.479e-01      
      2570      2.257e-01      
      2571      1.419e-01      
      2572      9.345e-02      
      2573      6.810e-02      
      2574      5.497e-02      
      2575      4.741e-02      
      2576      4.223e-02      
      2577      3.819e-02      
      2578      3.494e-02      
      2579      3.236e-02      
      2580      3.035e-02      
      2581      2.878e-02      
      2582      2.751e-02      
      2584      2.545e-02      
      2585      2.451e-02      
      2589      2.183e-02      
      2590      2.145e-02      
      2596      1.883e-02      
      2597      1.846e-02      
      2606      1.592e-02      
      2607      1.561e-02      
      2610      1.356e-02      
      2611      1.263e-02      
      2635      1.022e-02      
      2636      9.791e-03      
      2670      1.159e-02      
      2671      1.320e-02      
      2678      1.075e-02      
      2679      9.914e-03      
      2708      7.247e-03      
      2709      7.041e-03      
      2731      4.945e-03      
      2732      4.197e-03      
      2768      6.809e-03      
      2769      9.761e-03      
      2770      1.604e-02      
      2771      2.647e-02      
      2772      3.959e-02      
      2773      5.118e-02      
      2774      5.654e-02      
      2775      5.399e-02      
      2776      4.595e-02      
      2777      3.658e-02      
      2778      2.881e-02      
      2779      2.340e-02      
      2780      1.986e-02      
      2781      1.749e-02      
      2782      1.584e-02      
      2784      1.370e-02      
      2785      1.296e-02      
      2797      1.027e-02      
      2798      1.009e-02      
      2825      7.457e-03      
      2826      6.923e-03      
      2849      4.322e-03      
      2850      3.607e-03      
      2859      5.698e-03      
      2860      6.347e-03      
      2873      4.161e-03      
      2874      3.458e-03      
      2945      4.611e-03      
      2946      6.161e-03      
      2956      3.690e-03      
      2957      3.456e-03      
      3244      7.829e-04      
      3245      7.502e-04      
      3272      2.597e-03      
      3273      5.585e-03      
      3274      1.027e-02      
      3275      1.535e-02      
      3276      1.846e-02      
      3277      1.796e-02      
      3278      1.441e-02      
      3279      9.897e-03      
      3280      6.188e-03      
      3281      3.831e-03      
      3282      2.534e-03      
      3339      4.425e-03      
      3340      1.025e-02      
      3341      1.969e-02      
      3342      3.045e-02      
      3343      3.777e-02      
      3344      3.783e-02      
      3345      3.107e-02      
      3346      2.155e-02      
      3347      1.331e-02      
      3348      8.006e-03      
      3349      5.184e-03      
      3351      2.988e-03      
      3352      2.458e-03      
      3374      5.106e-03      
      3375      5.961e-03      
      3381      3.795e-03      
      3382      3.254e-03      
      3391      4.892e-03      
      3392      6.119e-03      
      3401      3.804e-03      
      3402      3.238e-03      
      3423      5.888e-03      
      3424      7.427e-03      
      3436      4.925e-03      
      3437      4.526e-03      
      3508      1.889e-03      
      3509      1.780e-03
3624   1.780e-03