0      0.0      
      1      0.000e+00      
      33      1.959e-03      
      34      4.759e-03      
      35      9.038e-03      
      36      1.344e-02      
      37      1.567e-02      
      38      1.436e-02      
      39      1.038e-02      
      40      5.940e-03      
      41      2.704e-03      
      42      9.852e-04      
      43      2.891e-04      
      359      1.485e-03      
      360      3.978e-03      
      361      9.686e-03      
      362      2.128e-02      
      363      4.115e-02      
      364      6.863e-02      
      365      9.820e-02      
      366      1.218e-01      
      367      1.337e-01      
      368      1.337e-01      
      369      1.254e-01      
      370      1.124e-01      
      371      9.735e-02      
      372      8.152e-02      
      373      6.622e-02      
      374      5.253e-02      
      375      4.104e-02      
      376      3.177e-02      
      377      2.442e-02      
      378      1.866e-02      
      379      1.420e-02      
      380      1.080e-02      
      381      8.228e-03      
      382      6.257e-03      
      383      4.702e-03      
      384      3.450e-03      
      385      2.437e-03      
      388      5.185e-04      
      389      2.314e-04      
      412      2.281e-03      
      413      3.652e-03      
      414      5.214e-03      
      415      6.273e-03      
      417      5.431e-03      
      418      4.048e-03      
      419      2.655e-03      
      420      1.528e-03      
      1065      3.597e-03      
      1066      5.636e-03      
      1067      9.324e-03      
      1068      1.537e-02      
      1069      2.394e-02      
      1070      3.395e-02      
      1071      4.271e-02      
      1072      4.696e-02      
      1073      4.509e-02      
      1074      3.837e-02      
      1075      3.000e-02      
      1076      2.284e-02      
      1077      1.793e-02      
      1078      1.483e-02      
      1079      1.264e-02      
      1080      1.072e-02      
      1081      8.851e-03      
      1082      7.071e-03      
      1083      5.468e-03      
      1084      4.080e-03      
      1085      2.897e-03      
      1087      1.127e-03      
      1088      5.783e-04      
      1204      1.786e-03      
      1205      5.141e-03      
      1206      1.206e-02      
      1207      2.331e-02      
      1208      3.768e-02      
      1209      5.179e-02      
      1210      6.169e-02      
      1211      6.518e-02      
      1212      6.300e-02      
      1213      5.799e-02      
      1214      5.294e-02      
      1215      4.888e-02      
      1216      4.515e-02      
      1217      4.081e-02      
      1218      3.554e-02      
      1219      2.978e-02      
      1220      2.419e-02      
      1221      1.926e-02      
      1222      1.519e-02      
      1223      1.195e-02      
      1224      9.389e-03      
      1225      7.390e-03      
      1226      5.854e-03      
      1228      3.794e-03      
      1229      3.076e-03      
      1232      1.389e-03      
      1233      8.952e-04      
      1673      1.203e-03      
      1674      4.290e-03      
      1675      1.216e-02      
      1676      2.741e-02      
      1677      4.932e-02      
      1678      7.115e-02      
      1679      8.311e-02      
      1680      8.016e-02      
      1681      6.639e-02      
      1682      5.085e-02      
      1683      4.012e-02      
      1684      3.537e-02      
      1686      3.385e-02      
      1687      3.248e-02      
      1688      2.976e-02      
      1689      2.612e-02      
      1690      2.213e-02      
      1691      1.826e-02      
      1692      1.476e-02      
      1693      1.173e-02      
      1694      9.147e-03      
      1695      6.953e-03      
      1696      5.124e-03      
      1697      3.654e-03      
      1699      1.644e-03      
      1700      9.859e-04      
      1983      2.441e-03      
      1984      4.639e-03      
      1985      7.080e-03      
      1988      6.841e-03      
      1989      4.395e-03      
      1990      2.277e-03      
      1991      9.512e-04      
      2093      1.532e-03      
      2094      3.788e-03      
      2095      7.391e-03      
      2096      1.146e-02      
      2097      1.426e-02      
      2099      1.219e-02      
      2100      8.725e-03      
      2101      5.392e-03      
      2102      2.889e-03      
      2103      1.330e-03      
      2104      5.176e-04      
      2194      1.371e-03      
      2195      3.557e-03      
      2196      7.536e-03      
      2197      1.349e-02      
      2198      2.143e-02      
      2199      3.183e-02      
      2200      4.548e-02      
      2201      6.176e-02      
      2202      7.732e-02      
      2203      8.759e-02      
      2204      8.997e-02      
      2205      8.543e-02      
      2206      7.680e-02      
      2207      6.659e-02      
      2208      5.619e-02      
      2209      4.635e-02      
      2210      3.753e-02      
      2211      3.003e-02      
      2212      2.388e-02      
      2213      1.894e-02      
      2214      1.501e-02      
      2215      1.185e-02      
      2216      9.306e-03      
      2217      7.237e-03      
      2218      5.566e-03      
      2219      4.229e-03      
      2220      3.161e-03      
      2222      1.560e-03      
      2223      9.609e-04      
      2399      2.771e-03      
      2400      4.091e-03      
      2404      1.929e-03      
      2405      1.272e-03      
      2560      1.951e-03      
      2561      6.811e-03      
      2562      1.955e-02      
      2563      4.663e-02      
      2564      9.348e-02      
      2565      1.596e-01      
      2566      2.352e-01      
      2567      3.034e-01      
      2568      3.470e-01      
      2569      3.557e-01      
      2570      3.308e-01      
      2571      2.828e-01      
      2572      2.263e-01      
      2573      1.730e-01      
      2574      1.292e-01      
      2575      9.602e-02      
      2576      7.186e-02      
      2577      5.443e-02      
      2578      4.171e-02      
      2579      3.222e-02      
      2580      2.502e-02      
      2581      1.950e-02      
      2582      1.525e-02      
      2583      1.196e-02      
      2584      9.391e-03      
      2585      7.390e-03      
      2586      5.855e-03      
      2588      3.819e-03      
      2589      3.160e-03      
      2596      1.304e-03      
      2597      8.701e-04      
      2769      1.719e-03      
      2770      3.968e-03      
      2771      7.405e-03      
      2772      1.119e-02      
      2773      1.370e-02      
      2774      1.363e-02      
      2775      1.106e-02      
      2776      7.390e-03      
      2777      4.131e-03      
      2778      1.978e-03      
      2779      8.299e-04      
      3274      2.104e-03      
      3275      3.061e-03      
      3279      1.126e-03      
      3280      4.695e-04      
      3340      1.568e-03      
      3341      3.326e-03      
      3342      5.593e-03      
      3343      7.457e-03      
      3344      7.882e-03      
      3345      6.604e-03      
      3346      4.384e-03      
      3347      2.305e-03      
      3348      9.593e-04
3624   9.593e-04