0      0.0      
      1      2.340e-03      
      34      5.838e-03      
      35      8.989e-03      
      36      1.224e-02      
      38      1.298e-02      
      39      1.007e-02      
      40      6.794e-03      
      41      4.390e-03      
      360      5.181e-03      
      361      9.696e-03      
      362      1.858e-02      
      363      3.216e-02      
      364      4.722e-02      
      365      5.749e-02      
      366      5.807e-02      
      367      4.948e-02      
      368      3.676e-02      
      369      2.504e-02      
      370      1.670e-02      
      371      1.160e-02      
      372      8.659e-03      
      373      6.889e-03      
      374      5.690e-03      
      376      4.003e-03      
      377      3.369e-03      
      405      5.484e-03      
      406      5.529e-03      
      412      7.346e-03      
      413      9.090e-03      
      414      1.122e-02      
      418      1.059e-02      
      419      8.811e-03      
      420      7.467e-03      
      421      6.637e-03      
      524      4.627e-03      
      525      4.494e-03      
      599      2.422e-03      
      600      2.365e-03      
      1065      4.148e-03      
      1066      5.681e-03      
      1067      8.379e-03      
      1068      1.227e-02      
      1069      1.666e-02      
      1070      2.015e-02      
      1072      1.977e-02      
      1073      1.630e-02      
      1074      1.242e-02      
      1075      9.231e-03      
      1076      7.071e-03      
      1077      5.731e-03      
      1078      4.876e-03      
      1082      2.823e-03      
      1083      2.561e-03      
      1203      3.216e-03      
      1204      5.321e-03      
      1205      1.045e-02      
      1206      2.005e-02      
      1207      3.365e-02      
      1208      4.747e-02      
      1209      5.597e-02      
      1210      5.561e-02      
      1211      4.748e-02      
      1212      3.603e-02      
      1213      2.562e-02      
      1214      1.828e-02      
      1215      1.385e-02      
      1216      1.132e-02      
      1217      9.820e-03      
      1218      8.842e-03      
      1221      7.005e-03      
      1222      6.569e-03      
      1317      4.553e-03      
      1318      4.392e-03      
      1673      3.706e-03      
      1674      7.315e-03      
      1675      1.669e-02      
      1676      3.514e-02      
      1677      6.173e-02      
      1678      8.768e-02      
      1679      9.998e-02      
      1680      9.189e-02      
      1681      6.912e-02      
      1682      4.401e-02      
      1683      2.539e-02      
      1684      1.489e-02      
      1685      9.995e-03      
      1686      7.892e-03      
      1687      6.866e-03      
      1691      4.827e-03      
      1692      4.638e-03      
      1821      2.560e-03      
      1822      2.422e-03      
      1981      4.391e-03      
      1982      4.852e-03      
      1984      6.959e-03      
      1985      8.574e-03      
      1989      7.845e-03      
      1990      6.440e-03      
      2006      4.386e-03      
      2007      4.248e-03      
      2094      6.174e-03      
      2095      9.798e-03      
      2096      1.384e-02      
      2097      1.655e-02      
      2098      1.665e-02      
      2099      1.442e-02      
      2100      1.129e-02      
      2101      8.536e-03      
      2102      6.669e-03      
      2103      5.597e-03      
      2108      3.748e-03      
      2109      3.278e-03      
      2194      3.728e-03      
      2195      5.838e-03      
      2196      9.543e-03      
      2197      1.476e-02      
      2198      2.094e-02      
      2199      2.744e-02      
      2200      3.366e-02      
      2201      3.843e-02      
      2203      3.744e-02      
      2204      3.158e-02      
      2205      2.479e-02      
      2206      1.918e-02      
      2207      1.555e-02      
      2208      1.362e-02      
      2209      1.267e-02      
      2214      1.064e-02      
      2215      1.054e-02      
      2222      8.435e-03      
      2223      8.172e-03      
      2273      6.085e-03      
      2274      6.043e-03      
      2376      4.073e-03      
      2377      3.836e-03      
      2559      4.500e-03      
      2560      6.938e-03      
      2561      1.564e-02      
      2562      3.790e-02      
      2563      8.093e-02      
      2564      1.431e-01      
      2565      2.067e-01      
      2566      2.442e-01      
      2567      2.380e-01      
      2568      1.943e-01      
      2569      1.365e-01      
      2570      8.628e-02      
      2571      5.253e-02      
      2572      3.363e-02      
      2573      2.421e-02      
      2574      1.974e-02      
      2575      1.757e-02      
      2577      1.574e-02      
      2578      1.529e-02      
      2583      1.362e-02      
      2584      1.301e-02      
      2601      1.090e-02      
      2602      1.087e-02      
      2634      8.785e-03      
      2635      8.715e-03      
      2661      6.619e-03      
      2662      6.236e-03      
      2770      7.072e-03      
      2771      9.869e-03      
      2772      1.353e-02      
      2773      1.682e-02      
      2775      1.726e-02      
      2776      1.462e-02      
      2777      1.171e-02      
      2778      9.426e-03      
      2779      7.915e-03      
      2780      6.911e-03      
      2833      4.808e-03      
      2834      4.766e-03      
      2995      2.818e-03      
      2996      2.560e-03      
      3273      3.877e-03      
      3274      5.217e-03      
      3279      3.933e-03      
      3280      3.018e-03      
      3340      4.930e-03      
      3341      7.390e-03      
      3342      1.010e-02      
      3345      9.274e-03      
      3346      6.584e-03      
      3347      4.426e-03
3624   4.426e-03