0      0.0      
      1      0.000e+00      
      33      2.862e-03      
      34      6.919e-03      
      35      1.306e-02      
      36      1.928e-02      
      39      1.452e-02      
      40      8.369e-03      
      41      4.017e-03      
      42      1.768e-03      
      360      3.525e-03      
      361      9.921e-03      
      362      2.324e-02      
      363      4.438e-02      
      364      6.841e-02      
      365      8.518e-02      
      366      8.634e-02      
      367      7.235e-02      
      368      5.141e-02      
      369      3.229e-02      
      370      1.919e-02      
      371      1.190e-02      
      373      6.798e-03      
      374      5.869e-03      
      395      3.725e-04      
      396      1.524e-04      
      410      4.729e-03      
      411      6.339e-03      
      412      8.809e-03      
      413      1.253e-02      
      414      1.697e-02      
      415      2.055e-02      
      418      1.710e-02      
      419      1.376e-02      
      421      8.911e-03      
      422      7.524e-03      
      511      2.074e-03      
      512      1.197e-03      
      1065      3.694e-03      
      1066      9.004e-03      
      1067      1.869e-02      
      1068      3.282e-02      
      1069      4.845e-02      
      1070      5.994e-02      
      1071      6.205e-02      
      1072      5.393e-02      
      1073      3.987e-02      
      1074      2.596e-02      
      1075      1.600e-02      
      1076      1.039e-02      
      1079      5.112e-03      
      1080      3.926e-03      
      1204      3.601e-03      
      1205      9.659e-03      
      1206      2.080e-02      
      1207      3.626e-02      
      1208      5.175e-02      
      1209      6.136e-02      
      1210      6.176e-02      
      1211      5.437e-02      
      1212      4.365e-02      
      1213      3.367e-02      
      1214      2.616e-02      
      1215      2.100e-02      
      1216      1.743e-02      
      1218      1.309e-02      
      1219      1.175e-02      
      1223      6.929e-03      
      1224      6.187e-03      
      1287      1.246e-03      
      1288      5.736e-04      
      1674      5.706e-03      
      1675      1.652e-02      
      1676      3.798e-02      
      1677      6.947e-02      
      1678      1.014e-01      
      1679      1.186e-01      
      1680      1.125e-01      
      1681      8.814e-02      
      1682      5.931e-02      
      1683      3.672e-02      
      1684      2.320e-02      
      1685      1.647e-02      
      1687      1.183e-02      
      1688      1.067e-02      
      1706      5.342e-03      
      1707      4.982e-03      
      1984      9.146e-03      
      1985      1.511e-02      
      1986      2.004e-02      
      1987      2.150e-02      
      1988      1.883e-02      
      1989      1.368e-02      
      1990      8.441e-03      
      1991      4.601e-03      
      2095      9.695e-03      
      2096      1.558e-02      
      2097      2.046e-02      
      2098      2.250e-02      
      2100      1.843e-02      
      2101      1.491e-02      
      2103      9.468e-03      
      2104      7.890e-03      
      2112      3.353e-03      
      2113      2.230e-03      
      2195      5.664e-03      
      2196      1.229e-02      
      2197      2.230e-02      
      2198      3.477e-02      
      2199      4.782e-02      
      2200      5.903e-02      
      2201      6.575e-02      
      2202      6.598e-02      
      2203      5.976e-02      
      2204      4.968e-02      
      2205      3.926e-02      
      2206      3.086e-02      
      2207      2.505e-02      
      2208      2.130e-02      
      2209      1.887e-02      
      2213      1.342e-02      
      2214      1.186e-02      
      2221      6.551e-03      
      2222      6.231e-03      
      2298      1.246e-03      
      2299      5.736e-04      
      2559      1.455e-03      
      2560      6.437e-03      
      2561      2.265e-02      
      2562      6.375e-02      
      2563      1.441e-01      
      2564      2.627e-01      
      2565      3.885e-01      
      2566      4.691e-01      
      2567      4.669e-01      
      2568      3.877e-01      
      2569      2.737e-01      
      2570      1.693e-01      
      2571      9.649e-02      
      2572      5.499e-02      
      2573      3.454e-02      
      2574      2.520e-02      
      2575      2.081e-02      
      2576      1.839e-02      
      2580      1.286e-02      
      2581      1.201e-02      
      2586      6.926e-03      
      2587      6.186e-03      
      2692      1.246e-03      
      2693      5.736e-04      
      2769      4.615e-03      
      2770      1.122e-02      
      2771      2.216e-02      
      2772      3.567e-02      
      2773      4.696e-02      
      2775      4.628e-02      
      2776      3.622e-02      
      2777      2.572e-02      
      2778      1.776e-02      
      2779      1.271e-02      
      2780      9.686e-03      
      2796      4.310e-03      
      2797      3.332e-03      
      3341      6.483e-03      
      3342      1.065e-02      
      3347      5.781e-03      
      3348      3.128e-03
3624   3.128e-03