0      0.0      
      1      0.000e+00      
      367      4.824e-03      
      368      6.671e-03      
      371      1.201e-02      
      372      1.342e-02      
      390      6.873e-03      
      391      6.402e-03      
      1072      1.198e-02      
      1073      1.510e-02      
      1092      8.695e-03      
      1093      8.071e-03      
      1113      1.483e-03      
      1114      1.395e-03      
      1990      8.000e-03      
      1991      9.492e-03      
      2016      2.941e-03      
      2017      2.692e-03      
      2102      9.210e-03      
      2103      9.883e-03      
      2125      3.459e-03      
      2126      3.156e-03      
      2198      7.918e-03      
      2199      1.779e-02      
      2200      3.492e-02      
      2201      6.096e-02      
      2202      9.593e-02      
      2203      1.373e-01      
      2204      1.797e-01      
      2205      2.166e-01      
      2206      2.421e-01      
      2207      2.536e-01      
      2208      2.515e-01      
      2209      2.387e-01      
      2210      2.191e-01      
      2211      1.962e-01      
      2212      1.725e-01      
      2213      1.499e-01      
      2214      1.294e-01      
      2215      1.114e-01      
      2216      9.584e-02      
      2217      8.259e-02      
      2218      7.136e-02      
      2219      6.187e-02      
      2220      5.390e-02      
      2221      4.719e-02      
      2222      4.151e-02      
      2223      3.669e-02      
      2224      3.257e-02      
      2225      2.904e-02      
      2227      2.342e-02      
      2228      2.116e-02      
      2232      1.453e-02      
      2233      1.333e-02      
      2242      6.755e-03      
      2243      6.267e-03      
      3346      9.351e-03      
      3347      1.303e-02      
      3348      1.666e-02      
      3349      2.017e-02      
      3351      2.651e-02      
      3352      2.883e-02      
      3360      2.223e-02      
      3361      2.051e-02      
      3365      1.486e-02      
      3366      1.371e-02      
      3375      7.093e-03      
      3376      6.588e-03
3624   6.588e-03