0      0.0      
      1      0.000e+00      
      35      1.540e-03      
      36      2.240e-03      
      40      8.242e-04      
      41      3.436e-04      
      363      1.457e-03      
      364      3.832e-03      
      365      7.994e-03      
      366      1.326e-02      
      367      1.759e-02      
      369      1.653e-02      
      370      1.225e-02      
      371      7.958e-03      
      372      4.656e-03      
      373      2.450e-03      
      374      1.122e-03      
      375      4.302e-04      
      414      1.618e-03      
      415      2.844e-03      
      426      1.196e-03      
      427      7.817e-04      
      1068      2.585e-03      
      1069      5.983e-03      
      1070      1.095e-02      
      1071      1.585e-02      
      1072      1.816e-02      
      1073      1.648e-02      
      1074      1.187e-02      
      1075      6.800e-03      
      1076      3.107e-03      
      1077      1.136e-03      
      1984      2.361e-03      
      1985      5.776e-03      
      1986      1.107e-02      
      1987      1.667e-02      
      1988      1.976e-02      
      1989      1.853e-02      
      1990      1.382e-02      
      1991      8.281e-03      
      1992      4.028e-03      
      1993      1.614e-03      
      2096      1.825e-03      
      2097      4.008e-03      
      2098      7.131e-03      
      2099      1.032e-02      
      2100      1.217e-02      
      2101      1.167e-02      
      2102      9.063e-03      
      2103      5.679e-03      
      2104      2.856e-03      
      2105      1.148e-03      
      2106      3.674e-04      
      2195      6.420e-04      
      2196      2.547e-03      
      2197      8.041e-03      
      2198      2.030e-02      
      2199      4.128e-02      
      2200      6.826e-02      
      2201      9.296e-02      
      2202      1.060e-01      
      2203      1.031e-01      
      2204      8.781e-02      
      2205      6.750e-02      
      2206      4.871e-02      
      2207      3.434e-02      
      2208      2.425e-02      
      2209      1.718e-02      
      2210      1.203e-02      
      2211      8.168e-03      
      2212      5.252e-03      
      2213      3.119e-03      
      2214      1.663e-03      
      2215      7.743e-04      
      3342      2.026e-03      
      3343      5.242e-03      
      3344      1.076e-02      
      3345      1.759e-02      
      3346      2.301e-02      
      3347      2.420e-02      
      3348      2.059e-02      
      3349      1.428e-02      
      3350      8.139e-03      
      3351      3.855e-03      
      3352      1.533e-03      
      3557      3.201e-03      
      3558      3.627e-03      
      3560      2.200e-03      
      3561      1.177e-03
3624   1.177e-03