0      0.0      
      1      0.000e+00      
      34      4.545e-04      
      35      8.490e-04      
      40      4.545e-04      
      41      1.894e-04      
      362      3.584e-04      
      363      1.136e-03      
      364      2.825e-03      
      365      5.523e-03      
      366      8.518e-03      
      367      1.041e-02      
      368      1.018e-02      
      369      8.107e-03      
      370      5.429e-03      
      371      3.208e-03      
      372      1.751e-03      
      373      8.884e-04      
      374      4.022e-04      
      375      1.540e-04      
      412      4.555e-04      
      413      8.905e-04      
      414      1.518e-03      
      415      2.239e-03      
      416      2.796e-03      
      417      2.889e-03      
      418      2.443e-03      
      419      1.724e-03      
      420      1.133e-03      
      427      9.234e-04      
      428      4.960e-04      
      1067      6.991e-04      
      1068      1.957e-03      
      1069      4.353e-03      
      1070      7.703e-03      
      1071      1.086e-02      
      1072      1.223e-02      
      1073      1.105e-02      
      1074      8.082e-03      
      1075      4.846e-03      
      1076      2.430e-03      
      1077      1.045e-03      
      1078      3.943e-04      
      1983      4.312e-04      
      1984      1.338e-03      
      1985      3.242e-03      
      1986      6.136e-03      
      1987      9.083e-03      
      1988      1.053e-02      
      1989      9.581e-03      
      1990      6.859e-03      
      1991      3.877e-03      
      1992      1.739e-03      
      1993      6.223e-04      
      1995      4.154e-05      
      1996      7.842e-06      
      2094      3.615e-04      
      2095      9.924e-04      
      2096      2.215e-03      
      2097      4.061e-03      
      2098      6.176e-03      
      2099      7.842e-03      
      2101      7.364e-03      
      2102      5.386e-03      
      2103      3.229e-03      
      2104      1.574e-03      
      2105      6.193e-04      
      2107      4.944e-05      
      2108      9.910e-06      
      2194      1.634e-04      
      2195      7.385e-04      
      2196      2.659e-03      
      2197      7.706e-03      
      2198      1.811e-02      
      2199      3.485e-02      
      2200      5.556e-02      
      2201      7.447e-02      
      2202      8.534e-02      
      2203      8.511e-02      
      2204      7.537e-02      
      2205      6.067e-02      
      2206      4.575e-02      
      2207      3.347e-02      
      2208      2.451e-02      
      2209      1.834e-02      
      2210      1.412e-02      
      2211      1.118e-02      
      2212      8.994e-03      
      2213      7.210e-03      
      2214      5.638e-03      
      2215      4.245e-03      
      2216      3.074e-03      
      2217      2.152e-03      
      2218      1.459e-03      
      2219      9.514e-04      
      2220      5.842e-04      
      2399      7.885e-04      
      2400      1.177e-03      
      2403      1.741e-03      
      2404      2.112e-03      
      2405      2.558e-03      
      2406      2.746e-03      
      2407      2.485e-03      
      2408      1.954e-03      
      2413      1.499e-03      
      2414      1.107e-03      
      2415      6.657e-04      
      2416      3.260e-04      
      3341      3.889e-04      
      3342      1.154e-03      
      3343      2.710e-03      
      3344      5.043e-03      
      3345      7.435e-03      
      3346      8.692e-03      
      3347      8.070e-03      
      3348      5.960e-03      
      3349      3.511e-03      
      3350      1.653e-03      
      3351      6.235e-04      
      3353      4.604e-05      
      3354      9.004e-06      
      3554      3.631e-04      
      3555      8.710e-04      
      3556      1.627e-03      
      3557      2.368e-03      
      3559      2.368e-03      
      3560      1.627e-03      
      3561      8.710e-04      
      3562      3.631e-04      
      3563      1.179e-04
3624   1.179e-04