0      0.0      
      1      0.000e+00      
      35      1.605e-03      
      36      2.376e-03      
      41      6.110e-04      
      42      3.108e-04      
      364      1.556e-03      
      365      3.339e-03      
      366      5.804e-03      
      367      8.330e-03      
      368      1.019e-02      
      372      8.413e-03      
      373      6.233e-03      
      374      4.103e-03      
      375      2.435e-03      
      376      1.324e-03      
      410      1.692e-03      
      411      3.558e-03      
      412      6.192e-03      
      413      9.161e-03      
      414      1.185e-02      
      415      1.369e-02      
      417      1.329e-02      
      418      1.133e-02      
      419      9.153e-03      
      420      7.461e-03      
      421      6.514e-03      
      428      5.490e-03      
      429      4.099e-03      
      430      2.942e-03      
      431      2.053e-03      
      434      4.372e-04      
      435      1.949e-04      
      1067      1.533e-03      
      1068      4.259e-03      
      1069      9.506e-03      
      1070      1.715e-02      
      1071      2.520e-02      
      1072      3.049e-02      
      1073      3.083e-02      
      1074      2.660e-02      
      1075      2.017e-02      
      1076      1.398e-02      
      1077      9.268e-03      
      1078      6.126e-03      
      1079      4.115e-03      
      1080      2.768e-03      
      1081      1.792e-03      
      1985      1.912e-03      
      1986      3.887e-03      
      1987      6.390e-03      
      1988      8.664e-03      
      1992      6.966e-03      
      1993      4.911e-03      
      1994      3.069e-03      
      1995      1.706e-03      
      1996      8.537e-04      
      2096      1.614e-03      
      2097      3.803e-03      
      2098      7.327e-03      
      2099      1.160e-02      
      2100      1.517e-02      
      2102      1.495e-02      
      2103      1.150e-02      
      2104      7.641e-03      
      2105      4.481e-03      
      2106      2.373e-03      
      2107      1.159e-03      
      2108      5.353e-04      
      2195      8.728e-04      
      2196      3.177e-03      
      2197      9.373e-03      
      2198      2.263e-02      
      2199      4.518e-02      
      2200      7.542e-02      
      2201      1.065e-01      
      2202      1.291e-01      
      2203      1.363e-01      
      2204      1.277e-01      
      2205      1.090e-01      
      2206      8.724e-02      
      2207      6.748e-02      
      2208      5.164e-02      
      2209      3.957e-02      
      2210      3.039e-02      
      2211      2.327e-02      
      2212      1.764e-02      
      2213      1.314e-02      
      2214      9.593e-03      
      2215      6.857e-03      
      2216      4.813e-03      
      2217      3.326e-03      
      2218      2.250e-03      
      2221      4.535e-04      
      2222      2.007e-04      
      2408      1.918e-03      
      2409      4.074e-03      
      2410      7.486e-03      
      2411      1.193e-02      
      2412      1.659e-02      
      2413      2.040e-02      
      2414      2.244e-02      
      2415      2.238e-02      
      2416      2.048e-02      
      2417      1.736e-02      
      2418      1.373e-02      
      2419      1.022e-02      
      2420      7.219e-03      
      2421      4.878e-03      
      2422      3.152e-03      
      2423      1.917e-03      
      2426      2.219e-04      
      2427      7.804e-05      
      3342      1.871e-03      
      3343      4.925e-03      
      3344      1.040e-02      
      3345      1.779e-02      
      3346      2.493e-02      
      3347      2.906e-02      
      3348      2.861e-02      
      3349      2.420e-02      
      3350      1.792e-02      
      3351      1.189e-02      
      3352      7.262e-03      
      3353      4.210e-03      
      3354      2.361e-03      
      3356      6.431e-04      
      3357      2.934e-04      
      3555      1.507e-03      
      3556      2.839e-03      
      3557      4.180e-03      
      3558      4.822e-03      
      3560      3.155e-03      
      3561      1.843e-03      
      3567      4.139e-05      
      3568      1.887e-05
3624   1.887e-05