0      0.0      
      1      5.556e-03      
      32      7.718e-03      
      33      1.075e-02      
      34      1.526e-02      
      35      1.968e-02      
      37      1.971e-02      
      38      1.530e-02      
      39      1.078e-02      
      40      7.739e-03      
      41      6.267e-03      
      358      9.847e-03      
      359      1.732e-02      
      360      3.211e-02      
      361      5.572e-02      
      362      8.610e-02      
      363      1.165e-01      
      364      1.372e-01      
      365      1.403e-01      
      366      1.255e-01      
      367      1.015e-01      
      368      8.001e-02      
      369      6.761e-02      
      382      6.447e-02      
      383      6.351e-02      
      386      6.032e-02      
      387      5.915e-02      
      392      5.551e-02      
      393      5.482e-02      
      398      5.166e-02      
      399      5.090e-02      
      434      4.769e-02      
      435      4.703e-02      
      441      4.334e-02      
      442      4.260e-02      
      451      3.946e-02      
      452      3.883e-02      
      462      3.555e-02      
      463      3.482e-02      
      478      3.185e-02      
      479      3.111e-02      
      503      2.769e-02      
      504      2.712e-02      
      523      2.407e-02      
      524      2.333e-02      
      549      2.001e-02      
      550      1.926e-02      
      588      1.630e-02      
      589      1.556e-02      
      632      1.185e-02      
      633      1.120e-02      
      803      7.539e-03      
      804      7.027e-03      
      1060      9.616e-03      
      1061      1.164e-02      
      1064      1.442e-02      
      1065      1.663e-02      
      1066      2.100e-02      
      1067      2.649e-02      
      1068      3.104e-02      
      1072      3.446e-02      
      1073      3.643e-02      
      1074      3.883e-02      
      1075      4.098e-02      
      1090      3.738e-02      
      1091      3.704e-02      
      1098      3.343e-02      
      1099      3.323e-02      
      1106      2.969e-02      
      1107      2.952e-02      
      1122      2.594e-02      
      1123      2.570e-02      
      1151      2.215e-02      
      1152      2.185e-02      
      1179      1.816e-02      
      1180      1.792e-02      
      1206      1.961e-02      
      1207      2.220e-02      
      1267      1.853e-02      
      1268      1.829e-02      
      1311      1.490e-02      
      1312      1.446e-02      
      1360      1.075e-02      
      1361      1.051e-02      
      1497      7.135e-03      
      1498      6.711e-03      
      2092      8.078e-03      
      2093      1.334e-02      
      2094      2.429e-02      
      2095      4.069e-02      
      2096      5.693e-02      
      2097      6.415e-02      
      2098      5.772e-02      
      2099      4.185e-02      
      2100      2.541e-02      
      2101      1.433e-02      
      2102      9.202e-03      
      2126      1.272e-02      
      2127      1.295e-02      
      2188      1.322e-02      
      2189      1.819e-02      
      2190      2.658e-02      
      2191      3.689e-02      
      2192      4.553e-02      
      2193      4.936e-02      
      2196      4.948e-02      
      2197      5.622e-02      
      2198      6.662e-02      
      2199      7.894e-02      
      2200      9.181e-02      
      2201      1.037e-01      
      2202      1.127e-01      
      2203      1.172e-01      
      2205      1.146e-01      
      2206      1.112e-01      
      2207      1.082e-01      
      2208      1.059e-01      
      2210      1.024e-01      
      2211      1.005e-01      
      2212      9.817e-02      
      2213      9.573e-02      
      2214      9.340e-02      
      2215      9.133e-02      
      2216      8.943e-02      
      2217      8.758e-02      
      2218      8.569e-02      
      2219      8.378e-02      
      2220      8.187e-02      
      2221      7.996e-02      
      2222      7.807e-02      
      2223      7.619e-02      
      2225      7.259e-02      
      2226      7.098e-02      
      2228      6.823e-02      
      2229      6.703e-02      
      2233      6.340e-02      
      2234      6.269e-02      
      2239      5.924e-02      
      2240      5.863e-02      
      2247      5.493e-02      
      2248      5.411e-02      
      2253      5.112e-02      
      2254      5.037e-02      
      2261      4.739e-02      
      2262      4.663e-02      
      2270      4.333e-02      
      2271      4.259e-02      
      2281      3.963e-02      
      2282      3.889e-02      
      2292      3.556e-02      
      2293      3.482e-02      
      2301      3.111e-02      
      2302      3.046e-02      
      2331      2.704e-02      
      2332      2.639e-02      
      2348      2.333e-02      
      2349      2.268e-02      
      2382      1.948e-02      
      2383      1.876e-02      
      2396      2.180e-02      
      2397      2.305e-02      
      2404      2.665e-02      
      2405      2.866e-02      
      2406      3.069e-02      
      2407      3.279e-02      
      2447      2.925e-02      
      2448      2.880e-02      
      2472      2.521e-02      
      2473      2.483e-02      
      2508      2.132e-02      
      2509      2.080e-02      
      2548      1.740e-02      
      2549      1.695e-02      
      2562      1.702e-02      
      2563      2.113e-02      
      2564      2.741e-02      
      2565      3.403e-02      
      2566      3.797e-02      
      2567      3.738e-02      
      2568      3.335e-02      
      2569      2.870e-02      
      2570      2.557e-02      
      2571      2.437e-02      
      2576      2.777e-02      
      2577      2.850e-02      
      2608      2.517e-02      
      2609      2.473e-02      
      2645      2.147e-02      
      2646      2.102e-02      
      2694      1.740e-02      
      2695      1.695e-02      
      2745      1.324e-02      
      2746      1.259e-02      
      2880      8.900e-03      
      2881      8.609e-03      
      3271      9.147e-03      
      3272      1.233e-02      
      3273      1.553e-02      
      3274      1.703e-02      
      3275      1.589e-02      
      3276      1.285e-02      
      3277      9.606e-03      
      3278      7.370e-03      
      3387      1.063e-02      
      3388      1.185e-02      
      3389      1.363e-02      
      3390      1.556e-02      
      3422      1.909e-02      
      3423      1.964e-02      
      3470      1.597e-02      
      3471      1.529e-02      
      3527      1.222e-02      
      3528      1.148e-02      
      3618      7.786e-03      
      3619      7.319e-03
3624   7.319e-03