0      0.0      
      1      0.000e+00      
      357      3.532e-03      
      358      1.525e-02      
      359      5.299e-02      
      360      1.496e-01      
      361      3.457e-01      
      362      6.580e-01      
      363      1.038e+00      
      364      1.365e+00      
      365      1.505e+00      
      366      1.401e+00      
      367      1.111e+00      
      368      7.591e-01      
      369      4.554e-01      
      370      2.458e-01      
      371      1.232e-01      
      372      5.973e-02      
      373      2.916e-02      
      374      1.488e-02      
      375      8.162e-03      
      376      4.863e-03      
      377      3.133e-03      
      418      5.485e-03      
      419      1.786e-02      
      420      4.604e-02      
      421      9.437e-02      
      422      1.547e-01      
      423      2.044e-01      
      424      2.199e-01      
      425      1.951e-01      
      426      1.453e-01      
      427      9.286e-02      
      428      5.265e-02      
      429      2.768e-02      
      430      1.429e-02      
      431      7.676e-03      
      432      4.467e-03      
      433      2.852e-03      
      444      5.294e-03      
      445      9.749e-03      
      446      1.442e-02      
      449      1.230e-02      
      450      7.998e-03      
      451      4.736e-03      
      452      2.848e-03      
      1061      6.333e-03      
      1062      9.693e-03      
      1063      1.392e-02      
      1064      2.018e-02      
      1065      2.996e-02      
      1066      4.354e-02      
      1067      5.880e-02      
      1068      7.138e-02      
      1069      7.665e-02      
      1070      7.232e-02      
      1071      5.990e-02      
      1072      4.373e-02      
      1073      2.844e-02      
      1074      1.682e-02      
      1075      9.394e-03      
      1076      5.246e-03      
      1079      1.485e-03      
      1080      1.144e-03      
      1205      4.680e-03      
      1206      1.020e-02      
      1207      1.803e-02      
      1208      2.609e-02      
      1209      3.139e-02      
      1213      3.474e-02      
      1214      3.849e-02      
      1215      3.842e-02      
      1216      3.275e-02      
      1217      2.370e-02      
      1218      1.495e-02      
      1219      8.711e-03      
      1220      5.071e-03      
      1221      3.154e-03      
      1526      6.130e-03      
      1527      1.689e-02      
      1528      3.952e-02      
      1529      7.551e-02      
      1530      1.162e-01      
      1531      1.436e-01      
      1532      1.434e-01      
      1533      1.172e-01      
      1534      8.008e-02      
      1535      4.719e-02      
      1536      2.520e-02      
      1537      1.305e-02      
      1538      7.052e-03      
      1539      4.173e-03      
      1540      2.722e-03      
      1570      4.071e-03      
      1571      7.754e-03      
      1572      1.161e-02      
      1575      9.990e-03      
      1576      6.526e-03      
      1577      3.891e-03      
      1578      2.351e-03      
      2094      5.997e-03      
      2095      1.211e-02      
      2096      1.946e-02      
      2097      2.509e-02      
      2099      2.257e-02      
      2100      1.643e-02      
      2101      1.057e-02      
      2102      6.399e-03      
      2104      2.593e-03      
      2105      1.836e-03      
      2195      3.675e-03      
      2196      1.052e-02      
      2197      2.550e-02      
      2198      5.280e-02      
      2199      9.356e-02      
      2200      1.413e-01      
      2201      1.805e-01      
      2202      1.943e-01      
      2203      1.762e-01      
      2204      1.355e-01      
      2205      8.945e-02      
      2206      5.190e-02      
      2207      2.745e-02      
      2208      1.397e-02      
      2209      7.338e-03      
      2210      4.214e-03      
      2211      2.693e-03      
      2563      3.914e-03      
      2564      8.496e-03      
      2565      1.506e-02      
      2566      2.212e-02      
      2567      2.732e-02      
      2569      2.632e-02      
      2570      2.101e-02      
      2571      1.481e-02      
      2572      9.401e-03      
      2573      5.589e-03      
      2574      3.309e-03
3624   3.309e-03