0      0.0      
      1      2.857e-04      
      17      3.108e-03      
      18      3.254e-03      
      32      4.825e-03      
      33      7.600e-03      
      34      1.357e-02      
      35      2.298e-02      
      36      3.330e-02      
      37      3.980e-02      
      38      3.907e-02      
      39      3.201e-02      
      40      2.272e-02      
      41      1.495e-02      
      42      1.000e-02      
      43      7.365e-03      
      44      6.058e-03      
      194      3.218e-03      
      195      3.175e-03      
      332      5.436e-03      
      333      6.739e-03      
      351      3.886e-03      
      352      3.829e-03      
      356      4.518e-03      
      357      7.197e-03      
      358      1.629e-02      
      359      4.174e-02      
      360      9.987e-02      
      361      2.066e-01      
      362      3.594e-01      
      363      5.204e-01      
      364      6.252e-01      
      365      6.253e-01      
      366      5.266e-01      
      367      3.811e-01      
      368      2.446e-01      
      369      1.457e-01      
      370      8.551e-02      
      371      5.342e-02      
      372      3.808e-02      
      373      3.156e-02      
      374      2.920e-02      
      375      2.864e-02      
      381      3.145e-02      
      382      3.180e-02      
      406      3.222e-02      
      407      3.516e-02      
      408      3.974e-02      
      409      4.476e-02      
      410      4.815e-02      
      412      4.666e-02      
      413      4.456e-02      
      417      4.381e-02      
      418      4.131e-02      
      419      3.798e-02      
      420      3.487e-02      
      421      3.273e-02      
      422      3.167e-02      
      428      2.884e-02      
      429      2.852e-02      
      442      2.618e-02      
      443      2.555e-02      
      468      2.325e-02      
      469      2.269e-02      
      496      2.015e-02      
      497      1.964e-02      
      516      1.692e-02      
      517      1.632e-02      
      546      1.362e-02      
      547      1.322e-02      
      614      1.038e-02      
      615      1.004e-02      
      697      7.197e-03      
      698      7.169e-03      
      766      4.319e-03      
      767      4.293e-03      
      1058      5.336e-03      
      1059      9.427e-03      
      1060      1.756e-02      
      1061      2.981e-02      
      1062      4.332e-02      
      1063      5.369e-02      
      1064      5.893e-02      
      1065      6.200e-02      
      1066      6.840e-02      
      1067      8.082e-02      
      1068      9.599e-02      
      1069      1.065e-01      
      1070      1.062e-01      
      1071      9.433e-02      
      1072      7.534e-02      
      1073      5.542e-02      
      1074      3.901e-02      
      1075      2.774e-02      
      1076      2.111e-02      
      1077      1.769e-02      
      1079      1.526e-02      
      1080      1.477e-02      
      1169      1.211e-02      
      1170      1.151e-02      
      1204      1.369e-02      
      1205      1.949e-02      
      1206      3.058e-02      
      1207      4.681e-02      
      1208      6.421e-02      
      1209      7.610e-02      
      1210      7.726e-02      
      1211      6.786e-02      
      1212      5.301e-02      
      1213      3.871e-02      
      1214      2.831e-02      
      1215      2.206e-02      
      1216      1.871e-02      
      1217      1.692e-02      
      1218      1.584e-02      
      1221      1.332e-02      
      1222      1.270e-02      
      1333      1.002e-02      
      1334      9.656e-03      
      1455      6.845e-03      
      1456      6.494e-03      
      1676      8.362e-03      
      1677      1.333e-02      
      1678      1.963e-02      
      1679      2.498e-02      
      1681      2.476e-02      
      1682      2.002e-02      
      1683      1.493e-02      
      1684      1.094e-02      
      1685      8.357e-03      
      1686      6.875e-03      
      1775      4.029e-03      
      1776      4.011e-03      
      1980      5.344e-03      
      1981      7.833e-03      
      1982      1.209e-02      
      1983      1.750e-02      
      1984      2.218e-02      
      1986      2.238e-02      
      1987      1.831e-02      
      1988      1.375e-02      
      1989      1.010e-02      
      1990      7.730e-03      
      1991      6.362e-03      
      2092      6.502e-03      
      2093      1.257e-02      
      2094      2.586e-02      
      2095      4.739e-02      
      2096      7.204e-02      
      2097      8.909e-02      
      2098      8.980e-02      
      2099      7.487e-02      
      2100      5.308e-02      
      2101      3.351e-02      
      2102      2.019e-02      
      2103      1.267e-02      
      2104      8.900e-03      
      2192      1.087e-02      
      2193      1.379e-02      
      2194      2.032e-02      
      2195      3.588e-02      
      2196      6.876e-02      
      2197      1.263e-01      
      2198      2.081e-01      
      2199      3.009e-01      
      2200      3.793e-01      
      2201      4.156e-01      
      2202      3.955e-01      
      2203      3.280e-01      
      2204      2.404e-01      
      2205      1.605e-01      
      2206      1.031e-01      
      2207      6.877e-02      
      2208      5.090e-02      
      2209      4.264e-02      
      2210      3.929e-02      
      2231      3.666e-02      
      2232      3.616e-02      
      2243      3.344e-02      
      2244      3.277e-02      
      2248      3.054e-02      
      2249      2.984e-02      
      2252      2.734e-02      
      2253      2.658e-02      
      2265      2.404e-02      
      2266      2.353e-02      
      2280      2.080e-02      
      2281      2.028e-02      
      2313      1.743e-02      
      2314      1.722e-02      
      2331      1.439e-02      
      2332      1.433e-02      
      2338      1.170e-02      
      2339      1.128e-02      
      2391      8.821e-03      
      2392      8.399e-03      
      2395      1.063e-02      
      2396      1.331e-02      
      2397      1.640e-02      
      2398      1.874e-02      
      2399      1.941e-02      
      2402      2.059e-02      
      2403      2.911e-02      
      2404      4.445e-02      
      2405      6.262e-02      
      2406      7.578e-02      
      2407      7.801e-02      
      2408      7.008e-02      
      2409      5.769e-02      
      2410      4.603e-02      
      2411      3.700e-02      
      2412      3.037e-02      
      2413      2.560e-02      
      2414      2.238e-02      
      2415      2.037e-02      
      2416      1.913e-02      
      2420      1.629e-02      
      2421      1.597e-02      
      2443      1.315e-02      
      2444      1.308e-02      
      2511      1.048e-02      
      2512      9.953e-03      
      2560      1.277e-02      
      2561      2.155e-02      
      2562      4.004e-02      
      2563      7.148e-02      
      2564      1.132e-01      
      2565      1.541e-01      
      2566      1.792e-01      
      2567      1.792e-01      
      2568      1.569e-01      
      2569      1.235e-01      
      2570      9.078e-02      
      2571      6.534e-02      
      2572      4.825e-02      
      2573      3.769e-02      
      2574      3.143e-02      
      2575      2.778e-02      
      2576      2.576e-02      
      2577      2.470e-02      
      2587      2.187e-02      
      2588      2.171e-02      
      2621      1.888e-02      
      2622      1.866e-02      
      2653      1.623e-02      
      2654      1.572e-02      
      2681      1.337e-02      
      2682      1.281e-02      
      2750      9.960e-03      
      2751      9.439e-03      
      2769      1.225e-02      
      2770      1.905e-02      
      2771      2.996e-02      
      2772      4.236e-02      
      2773      5.089e-02      
      2774      5.128e-02      
      2775      4.396e-02      
      2776      3.330e-02      
      2777      2.372e-02      
      2778      1.719e-02      
      2779      1.344e-02      
      2780      1.148e-02      
      2781      1.047e-02      
      2886      7.629e-03      
      2887      7.604e-03      
      2924      4.874e-03      
      2925      4.714e-03      
      3273      6.653e-03      
      3274      9.856e-03      
      3275      1.333e-02      
      3279      1.061e-02      
      3280      8.248e-03      
      3282      5.822e-03      
      3283      5.336e-03      
      3339      6.774e-03      
      3340      1.129e-02      
      3341      1.847e-02      
      3342      2.681e-02      
      3343      3.307e-02      
      3345      3.036e-02      
      3346      2.349e-02      
      3347      1.668e-02      
      3348      1.166e-02      
      3349      8.595e-03      
      3351      6.093e-03      
      3352      5.644e-03      
      3388      8.026e-03      
      3389      1.113e-02      
      3390      1.530e-02      
      3391      1.944e-02      
      3392      2.220e-02      
      3393      2.282e-02      
      3394      2.156e-02      
      3395      1.921e-02      
      3396      1.659e-02      
      3397      1.426e-02      
      3398      1.246e-02      
      3399      1.124e-02      
      3422      1.352e-02      
      3423      1.665e-02      
      3424      1.948e-02      
      3425      2.073e-02      
      3427      1.794e-02      
      3428      1.575e-02      
      3430      1.319e-02      
      3431      1.268e-02      
      3436      1.003e-02      
      3437      9.336e-03      
      3606      6.788e-03      
      3607      6.285e-03
3624   6.285e-03