0      0.0      
      1      1.190e-03      
      32      2.339e-03      
      33      4.408e-03      
      34      8.352e-03      
      35      1.388e-02      
      36      1.914e-02      
      37      2.157e-02      
      38      2.000e-02      
      39      1.564e-02      
      40      1.088e-02      
      41      7.303e-03      
      42      5.148e-03      
      43      3.937e-03      
      45      2.795e-03      
      46      2.554e-03      
      113      1.426e-03      
      114      1.306e-03      
      151      2.381e-03      
      152      2.735e-03      
      169      1.713e-03      
      170      1.472e-03      
      183      2.601e-03      
      184      2.734e-03      
      195      1.667e-03      
      196      1.457e-03      
      211      2.479e-03      
      212      2.689e-03      
      232      1.667e-03      
      233      1.457e-03      
      329      2.564e-03      
      330      2.951e-03      
      331      3.770e-03      
      332      5.030e-03      
      333      6.354e-03      
      336      5.949e-03      
      337      4.857e-03      
      338      4.026e-03      
      339      3.501e-03      
      356      3.157e-03      
      357      5.270e-03      
      358      1.233e-02      
      359      3.190e-02      
      360      7.694e-02      
      361      1.618e-01      
      362      2.898e-01      
      363      4.376e-01      
      364      5.572e-01      
      365      6.025e-01      
      366      5.622e-01      
      367      4.643e-01      
      368      3.513e-01      
      369      2.536e-01      
      370      1.817e-01      
      371      1.335e-01      
      372      1.025e-01      
      373      8.242e-02      
      374      6.886e-02      
      375      5.897e-02      
      376      5.125e-02      
      377      4.495e-02      
      378      3.969e-02      
      379      3.528e-02      
      380      3.160e-02      
      381      2.857e-02      
      382      2.615e-02      
      383      2.426e-02      
      384      2.280e-02      
      385      2.167e-02      
      386      2.075e-02      
      387      1.998e-02      
      388      1.930e-02      
      390      1.811e-02      
      391      1.755e-02      
      393      1.646e-02      
      394      1.597e-02      
      396      1.512e-02      
      397      1.477e-02      
      405      1.555e-02      
      406      1.798e-02      
      407      2.230e-02      
      408      2.838e-02      
      409      3.474e-02      
      410      3.921e-02      
      411      4.055e-02      
      412      3.945e-02      
      413      3.779e-02      
      416      3.710e-02      
      417      3.643e-02      
      418      3.468e-02      
      419      3.226e-02      
      420      2.988e-02      
      421      2.817e-02      
      424      2.703e-02      
      425      2.678e-02      
      426      2.618e-02      
      427      2.531e-02      
      428      2.434e-02      
      429      2.341e-02      
      430      2.263e-02      
      431      2.201e-02      
      434      2.091e-02      
      435      2.073e-02      
      449      1.980e-02      
      450      1.937e-02      
      451      1.878e-02      
      452      1.814e-02      
      475      1.709e-02      
      476      1.664e-02      
      483      1.777e-02      
      484      1.783e-02      
      498      1.682e-02      
      499      1.654e-02      
      513      1.548e-02      
      514      1.525e-02      
      519      1.421e-02      
      520      1.403e-02      
      524      1.295e-02      
      525      1.266e-02      
      568      1.164e-02      
      569      1.143e-02      
      595      1.024e-02      
      596      1.001e-02      
      665      9.047e-03      
      666      8.810e-03      
      694      7.630e-03      
      695      7.535e-03      
      739      6.429e-03      
      740      6.219e-03      
      787      5.029e-03      
      788      4.885e-03      
      885      3.694e-03      
      886      3.617e-03      
      934      2.427e-03      
      935      2.395e-03      
      1057      2.947e-03      
      1058      4.314e-03      
      1059      7.643e-03      
      1060      1.386e-02      
      1061      2.261e-02      
      1062      3.159e-02      
      1063      3.784e-02      
      1064      4.040e-02      
      1065      4.144e-02      
      1066      4.432e-02      
      1067      5.043e-02      
      1068      5.784e-02      
      1069      6.268e-02      
      1070      6.196e-02      
      1071      5.555e-02      
      1072      4.571e-02      
      1073      3.538e-02      
      1074      2.659e-02      
      1075      2.009e-02      
      1076      1.570e-02      
      1077      1.286e-02      
      1078      1.103e-02      
      1079      9.835e-03      
      1080      9.024e-03      
      1081      8.448e-03      
      1085      7.269e-03      
      1086      7.189e-03      
      1098      6.097e-03      
      1099      5.812e-03      
      1115      6.876e-03      
      1116      7.019e-03      
      1195      6.030e-03      
      1196      5.746e-03      
      1203      5.963e-03      
      1204      7.342e-03      
      1205      1.051e-02      
      1206      1.653e-02      
      1207      2.561e-02      
      1208      3.602e-02      
      1209      4.428e-02      
      1210      4.711e-02      
      1211      4.375e-02      
      1212      3.638e-02      
      1213      2.829e-02      
      1214      2.173e-02      
      1215      1.726e-02      
      1216      1.443e-02      
      1217      1.258e-02      
      1218      1.130e-02      
      1219      1.039e-02      
      1220      9.729e-03      
      1243      8.600e-03      
      1244      8.456e-03      
      1290      7.407e-03      
      1291      7.225e-03      
      1316      6.067e-03      
      1317      5.967e-03      
      1372      7.145e-03      
      1373      7.586e-03      
      1383      6.426e-03      
      1384      6.299e-03      
      1389      5.252e-03      
      1390      5.045e-03      
      1433      4.005e-03      
      1434      3.719e-03      
      1527      4.804e-03      
      1528      4.946e-03      
      1530      5.773e-03      
      1531      6.296e-03      
      1536      5.162e-03      
      1537      4.928e-03      
      1553      3.925e-03      
      1554      3.571e-03      
      1572      4.690e-03      
      1573      4.921e-03      
      1577      3.842e-03      
      1578      3.382e-03      
      1677      3.928e-03      
      1678      5.123e-03      
      1679      6.301e-03      
      1680      6.951e-03      
      1682      6.096e-03      
      1683      5.237e-03      
      1685      4.177e-03      
      1686      3.964e-03      
      1692      2.892e-03      
      1693      2.726e-03      
      1714      3.630e-03      
      1715      4.016e-03      
      1722      2.862e-03      
      1723      2.649e-03      
      1864      1.667e-03      
      1865      1.457e-03      
      1980      1.985e-03      
      1981      2.986e-03      
      1982      4.442e-03      
      1983      5.929e-03      
      1986      5.580e-03      
      1987      4.319e-03      
      1988      3.324e-03      
      1989      2.751e-03      
      2034      1.601e-03      
      2035      1.523e-03      
      2092      2.358e-03      
      2093      4.901e-03      
      2094      1.047e-02      
      2095      1.950e-02      
      2096      2.987e-02      
      2097      3.712e-02      
      2098      3.761e-02      
      2099      3.158e-02      
      2100      2.260e-02      
      2101      1.444e-02      
      2102      8.782e-03      
      2103      5.501e-03      
      2104      3.794e-03      
      2105      2.969e-03      
      2106      2.598e-03      
      2189      3.416e-03      
      2190      4.464e-03      
      2191      5.770e-03      
      2192      7.002e-03      
      2193      8.216e-03      
      2194      1.072e-02      
      2195      1.771e-02      
      2196      3.407e-02      
      2197      6.470e-02      
      2198      1.115e-01      
      2199      1.700e-01      
      2200      2.277e-01      
      2201      2.662e-01      
      2202      2.707e-01      
      2203      2.402e-01      
      2204      1.887e-01      
      2205      1.353e-01      
      2206      9.319e-02      
      2207      6.536e-02      
      2208      4.874e-02      
      2209      3.894e-02      
      2210      3.274e-02      
      2211      2.838e-02      
      2212      2.504e-02      
      2213      2.238e-02      
      2214      2.020e-02      
      2215      1.836e-02      
      2216      1.680e-02      
      2217      1.550e-02      
      2218      1.446e-02      
      2219      1.364e-02      
      2221      1.264e-02      
      2222      1.244e-02      
      2232      1.356e-02      
      2233      1.366e-02      
      2239      1.470e-02      
      2240      1.494e-02      
      2253      1.380e-02      
      2254      1.373e-02      
      2273      1.273e-02      
      2274      1.228e-02      
      2277      1.125e-02      
      2278      1.108e-02      
      2322      1.008e-02      
      2323      9.727e-03      
      2345      8.764e-03      
      2346      8.477e-03      
      2350      7.413e-03      
      2351      7.267e-03      
      2375      6.079e-03      
      2376      6.012e-03      
      2385      7.164e-03      
      2386      7.227e-03      
      2393      7.766e-03      
      2394      8.571e-03      
      2395      1.037e-02      
      2396      1.320e-02      
      2397      1.633e-02      
      2398      1.845e-02      
      2400      1.740e-02      
      2401      1.603e-02      
      2402      1.638e-02      
      2403      1.998e-02      
      2404      2.729e-02      
      2405      3.675e-02      
      2406      4.514e-02      
      2407      4.975e-02      
      2408      5.019e-02      
      2409      4.773e-02      
      2410      4.351e-02      
      2411      3.811e-02      
      2412      3.221e-02      
      2413      2.675e-02      
      2414      2.241e-02      
      2415      1.929e-02      
      2416      1.715e-02      
      2417      1.565e-02      
      2418      1.455e-02      
      2419      1.370e-02      
      2421      1.256e-02      
      2422      1.223e-02      
      2440      1.107e-02      
      2441      1.071e-02      
      2464      9.866e-03      
      2465      9.489e-03      
      2467      8.669e-03      
      2468      8.295e-03      
      2481      9.478e-03      
      2482      9.510e-03      
      2489      8.530e-03      
      2490      8.081e-03      
      2493      6.894e-03      
      2494      6.668e-03      
      2502      7.846e-03      
      2503      8.064e-03      
      2516      6.934e-03      
      2517      6.555e-03      
      2531      7.606e-03      
      2532      7.811e-03      
      2539      6.712e-03      
      2540      6.443e-03      
      2558      7.309e-03      
      2559      7.738e-03      
      2560      9.104e-03      
      2561      1.302e-02      
      2562      2.258e-02      
      2563      4.142e-02      
      2564      7.044e-02      
      2565      1.038e-01      
      2566      1.297e-01      
      2567      1.377e-01      
      2568      1.261e-01      
      2569      1.025e-01      
      2570      7.729e-02      
      2571      5.699e-02      
      2572      4.330e-02      
      2573      3.491e-02      
      2574      2.987e-02      
      2575      2.669e-02      
      2576      2.453e-02      
      2577      2.293e-02      
      2578      2.165e-02      
      2579      2.057e-02      
      2580      1.965e-02      
      2581      1.884e-02      
      2582      1.807e-02      
      2583      1.728e-02      
      2584      1.642e-02      
      2585      1.552e-02      
      2586      1.468e-02      
      2587      1.397e-02      
      2588      1.343e-02      
      2608      1.249e-02      
      2609      1.210e-02      
      2611      1.119e-02      
      2612      1.077e-02      
      2636      9.660e-03      
      2637      9.440e-03      
      2658      8.323e-03      
      2659      7.948e-03      
      2668      8.818e-03      
      2669      9.540e-03      
      2671      1.067e-02      
      2672      1.075e-02      
      2676      9.629e-03      
      2677      9.454e-03      
      2682      8.369e-03      
      2683      8.203e-03      
      2707      7.234e-03      
      2708      6.979e-03      
      2753      5.952e-03      
      2754      5.599e-03      
      2768      6.424e-03      
      2769      8.455e-03      
      2770      1.251e-02      
      2771      1.887e-02      
      2772      2.620e-02      
      2773      3.160e-02      
      2774      3.256e-02      
      2775      2.900e-02      
      2776      2.312e-02      
      2777      1.738e-02      
      2778      1.308e-02      
      2779      1.028e-02      
      2780      8.577e-03      
      2781      7.559e-03      
      2782      6.935e-03      
      2804      5.822e-03      
      2805      5.567e-03      
      2829      4.489e-03      
      2830      4.251e-03      
      2874      3.109e-03      
      2875      2.864e-03      
      3115      1.683e-03      
      3116      1.558e-03      
      3273      2.361e-03      
      3274      3.201e-03      
      3275      4.000e-03      
      3276      4.395e-03      
      3278      3.660e-03      
      3279      3.058e-03      
      3301      1.954e-03      
      3302      1.839e-03      
      3339      2.569e-03      
      3340      4.133e-03      
      3341      6.249e-03      
      3342      8.244e-03      
      3345      7.196e-03      
      3346      5.329e-03      
      3347      3.850e-03      
      3348      2.975e-03      
      3349      2.576e-03      
      3389      3.612e-03      
      3390      4.380e-03      
      3398      3.424e-03      
      3399      3.139e-03      
      3421      3.603e-03      
      3422      4.752e-03      
      3423      6.014e-03      
      3427      4.957e-03      
      3428      4.193e-03      
      3432      3.098e-03      
      3433      2.858e-03
3624   2.858e-03