0      0.0      
      1      0.000e+00      
      34      4.303e-03      
      35      6.372e-03      
      39      2.663e-03      
      40      1.170e-03      
      358      4.029e-03      
      359      1.107e-02      
      360      2.483e-02      
      361      4.569e-02      
      362      6.945e-02      
      363      8.784e-02      
      364      9.334e-02      
      365      8.464e-02      
      366      6.732e-02      
      367      4.919e-02      
      368      3.520e-02      
      369      2.629e-02      
      370      2.117e-02      
      371      1.829e-02      
      372      1.653e-02      
      377      1.250e-02      
      378      1.212e-02      
      398      8.173e-03      
      399      7.903e-03      
      634      4.006e-03      
      635      3.737e-03      
      1061      7.579e-03      
      1062      9.362e-03      
      1065      1.225e-02      
      1066      1.659e-02      
      1067      2.189e-02      
      1070      1.948e-02      
      1071      1.373e-02      
      1072      9.121e-03      
      1074      5.206e-03      
      1075      4.908e-03      
      1365      9.456e-04      
      1366      4.780e-04      
      2093      3.942e-03      
      2094      9.627e-03      
      2095      1.842e-02      
      2096      2.766e-02      
      2097      3.276e-02      
      2098      3.086e-02      
      2099      2.352e-02      
      2100      1.511e-02      
      2101      8.907e-03      
      2102      5.456e-03      
      2103      3.708e-03      
      2187      5.337e-03      
      2188      7.955e-03      
      2189      1.385e-02      
      2190      2.381e-02      
      2191      3.592e-02      
      2192      4.537e-02      
      2194      4.195e-02      
      2195      3.285e-02      
      2196      2.559e-02      
      2198      2.535e-02      
      2199      3.092e-02      
      2200      3.807e-02      
      2201      4.459e-02      
      2204      4.070e-02      
      2205      3.357e-02      
      2206      2.727e-02      
      2207      2.275e-02      
      2208      1.983e-02      
      2209      1.802e-02      
      2213      1.418e-02      
      2214      1.343e-02      
      2221      1.000e-02      
      2222      9.268e-03      
      2246      5.101e-03      
      2247      4.597e-03      
      2407      8.195e-03      
      2408      9.439e-03      
      2412      6.134e-03      
      2413      5.036e-03      
      2562      7.699e-03      
      2563      1.268e-02      
      2564      2.018e-02      
      2565      2.768e-02      
      2567      2.847e-02      
      2568      2.136e-02      
      2569      1.377e-02      
      2570      8.428e-03      
      2573      4.269e-03      
      2574      4.186e-03      
      2743      4.785e-05      
      2744      1.133e-05      
      3272      3.453e-03      
      3273      5.324e-03      
      3279      1.839e-03      
      3280      9.783e-04
3624   9.783e-04