0      0.0      
      1      2.985e-03      
      32      3.710e-03      
      33      4.725e-03      
      34      6.235e-03      
      35      7.714e-03      
      36      8.344e-03      
      37      7.714e-03      
      38      6.235e-03      
      39      4.725e-03      
      40      3.710e-03      
      41      3.221e-03      
      357      4.150e-03      
      358      6.986e-03      
      359      1.402e-02      
      360      2.759e-02      
      361      4.762e-02      
      362      6.922e-02      
      363      8.376e-02      
      364      8.423e-02      
      365      7.074e-02      
      366      5.036e-02      
      367      3.152e-02      
      368      1.881e-02      
      369      1.224e-02      
      370      9.596e-03      
      375      8.175e-03      
      376      8.077e-03      
      389      9.221e-03      
      390      9.713e-03      
      394      1.103e-02      
      395      1.134e-02      
      404      1.267e-02      
      405      1.284e-02      
      406      1.348e-02      
      407      1.480e-02      
      408      1.663e-02      
      409      1.837e-02      
      420      1.692e-02      
      421      1.682e-02      
      429      1.560e-02      
      430      1.527e-02      
      435      1.403e-02      
      436      1.377e-02      
      452      1.232e-02      
      453      1.192e-02      
      473      1.063e-02      
      474      1.027e-02      
      516      8.800e-03      
      517      8.616e-03      
      521      7.286e-03      
      522      6.940e-03      
      645      5.527e-03      
      646      5.410e-03      
      819      4.147e-03      
      820      3.897e-03      
      1060      5.084e-03      
      1061      6.176e-03      
      1065      7.656e-03      
      1066      9.780e-03      
      1067      1.255e-02      
      1068      1.431e-02      
      1069      1.381e-02      
      1070      1.127e-02      
      1071      8.051e-03      
      1072      5.470e-03      
      1073      3.965e-03      
      1204      5.412e-03      
      1205      6.637e-03      
      1206      8.540e-03      
      1207      1.073e-02      
      1208      1.241e-02      
      1210      1.171e-02      
      1211      9.728e-03      
      1212      7.761e-03      
      1213      6.453e-03      
      1214      5.910e-03      
      1485      4.420e-03      
      1486      4.324e-03      
      2093      5.255e-03      
      2094      8.438e-03      
      2095      1.319e-02      
      2096      1.788e-02      
      2097      1.992e-02      
      2098      1.800e-02      
      2099      1.336e-02      
      2100      8.578e-03      
      2101      5.338e-03      
      2102      3.758e-03      
      2188      4.281e-03      
      2189      6.190e-03      
      2190      9.213e-03      
      2191      1.253e-02      
      2192      1.456e-02      
      2193      1.420e-02      
      2194      1.192e-02      
      2195      9.414e-03      
      2197      9.435e-03      
      2198      1.271e-02      
      2199      1.787e-02      
      2200      2.422e-02      
      2201      3.014e-02      
      2202      3.349e-02      
      2203      3.312e-02      
      2204      2.987e-02      
      2205      2.571e-02      
      2206      2.220e-02      
      2207      1.979e-02      
      2208      1.819e-02      
      2209      1.699e-02      
      2210      1.595e-02      
      2211      1.499e-02      
      2212      1.411e-02      
      2214      1.274e-02      
      2215      1.229e-02      
      2219      1.103e-02      
      2220      1.073e-02      
      2225      9.290e-03      
      2226      9.106e-03      
      2242      1.054e-02      
      2243      1.076e-02      
      2254      9.307e-03      
      2255      9.113e-03      
      2274      7.660e-03      
      2275      7.340e-03      
      2324      5.861e-03      
      2325      5.730e-03      
      2393      6.589e-03      
      2394      7.550e-03      
      2395      9.160e-03      
      2396      1.108e-02      
      2397      1.249e-02      
      2398      1.265e-02      
      2399      1.154e-02      
      2400      9.877e-03      
      2401      8.514e-03      
      2402      7.924e-03      
      2404      9.065e-03      
      2405      1.041e-02      
      2406      1.207e-02      
      2407      1.394e-02      
      2408      1.565e-02      
      2411      1.487e-02      
      2412      1.316e-02      
      2413      1.178e-02      
      2414      1.096e-02      
      2419      9.553e-03      
      2420      9.290e-03      
      2444      7.814e-03      
      2445      7.674e-03      
      2491      6.305e-03      
      2492      6.124e-03      
      2541      4.632e-03      
      2542      4.535e-03      
      2561      5.822e-03      
      2562      8.160e-03      
      2563      1.316e-02      
      2564      2.078e-02      
      2565      2.863e-02      
      2566      3.279e-02      
      2567      3.096e-02      
      2568      2.455e-02      
      2569      1.723e-02      
      2570      1.180e-02      
      2571      8.883e-03      
      2587      7.479e-03      
      2588      7.243e-03      
      2656      5.873e-03      
      2657      5.653e-03      
      3006      4.324e-03      
      3007      4.144e-03
3624   4.144e-03