0      0.0      
      1      3.448e-03      
      32      5.503e-03      
      33      8.457e-03      
      34      1.301e-02      
      35      1.780e-02      
      38      1.597e-02      
      39      1.171e-02      
      40      8.392e-03      
      41      6.298e-03      
      357      6.030e-03      
      358      1.289e-02      
      359      3.159e-02      
      360      7.208e-02      
      361      1.408e-01      
      362      2.291e-01      
      363      3.085e-01      
      364      3.434e-01      
      365      3.173e-01      
      366      2.458e-01      
      367      1.627e-01      
      368      9.528e-02      
      369      5.257e-02      
      370      3.023e-02      
      371      2.014e-02      
      372      1.602e-02      
      375      1.272e-02      
      376      1.165e-02      
      378      9.050e-03      
      379      8.026e-03      
      407      1.002e-02      
      408      1.257e-02      
      409      1.530e-02      
      410      1.716e-02      
      413      1.461e-02      
      414      1.318e-02      
      457      1.003e-02      
      458      9.704e-03      
      549      6.356e-03      
      550      5.973e-03      
      1060      7.772e-03      
      1061      1.061e-02      
      1062      1.333e-02      
      1063      1.562e-02      
      1064      1.844e-02      
      1065      2.374e-02      
      1066      3.243e-02      
      1067      4.244e-02      
      1068      4.924e-02      
      1069      4.930e-02      
      1070      4.293e-02      
      1071      3.361e-02      
      1072      2.491e-02      
      1073      1.851e-02      
      1074      1.446e-02      
      1076      1.104e-02      
      1077      1.053e-02      
      1084      7.253e-03      
      1085      7.029e-03      
      1205      9.894e-03      
      1206      1.480e-02      
      1207      2.134e-02      
      1208      2.771e-02      
      1209      3.148e-02      
      1210      3.119e-02      
      1211      2.740e-02      
      1212      2.215e-02      
      1213      1.742e-02      
      1214      1.421e-02      
      1215      1.252e-02      
      1219      1.001e-02      
      1220      8.957e-03      
      1410      5.597e-03      
      1411      5.397e-03      
      1969      2.077e-03      
      1970      1.420e-03      
      1980      4.586e-03      
      1981      5.345e-03      
      2092      6.002e-03      
      2093      1.153e-02      
      2094      2.351e-02      
      2095      4.265e-02      
      2096      6.391e-02      
      2097      7.742e-02      
      2098      7.571e-02      
      2099      6.044e-02      
      2100      4.041e-02      
      2101      2.382e-02      
      2102      1.351e-02      
      2103      8.203e-03      
      2104      5.677e-03      
      2105      4.458e-03      
      2187      5.677e-03      
      2188      9.448e-03      
      2189      1.858e-02      
      2190      3.539e-02      
      2191      5.873e-02      
      2192      8.211e-02      
      2193      9.653e-02      
      2194      9.713e-02      
      2195      8.727e-02      
      2196      7.553e-02      
      2197      6.896e-02      
      2198      6.938e-02      
      2199      7.471e-02      
      2200      8.167e-02      
      2201      8.672e-02      
      2202      8.645e-02      
      2203      7.927e-02      
      2204      6.677e-02      
      2205      5.265e-02      
      2206      4.027e-02      
      2207      3.118e-02      
      2208      2.541e-02      
      2209      2.228e-02      
      2210      2.092e-02      
      2226      1.760e-02      
      2227      1.737e-02      
      2242      1.402e-02      
      2243      1.386e-02      
      2262      1.048e-02      
      2263      1.038e-02      
      2350      7.090e-03      
      2351      6.667e-03      
      2394      7.861e-03      
      2395      1.085e-02      
      2396      1.428e-02      
      2397      1.709e-02      
      2404      1.751e-02      
      2405      2.072e-02      
      2406      2.439e-02      
      2407      2.833e-02      
      2408      3.191e-02      
      2411      2.951e-02      
      2412      2.516e-02      
      2413      2.140e-02      
      2414      1.881e-02      
      2415      1.719e-02      
      2420      1.382e-02      
      2421      1.357e-02      
      2432      1.025e-02      
      2433      1.012e-02      
      2483      6.773e-03      
      2484      6.580e-03      
      2561      6.873e-03      
      2562      1.094e-02      
      2563      1.897e-02      
      2564      3.108e-02      
      2565      4.417e-02      
      2566      5.273e-02      
      2567      5.296e-02      
      2568      4.587e-02      
      2569      3.596e-02      
      2570      2.718e-02      
      2571      2.110e-02      
      2572      1.750e-02      
      2580      1.439e-02      
      2581      1.378e-02      
      2588      1.038e-02      
      2589      1.031e-02      
      2631      6.887e-03      
      2632      6.857e-03      
      3272      9.544e-03      
      3273      1.275e-02      
      3277      1.034e-02      
      3278      8.259e-03      
      3281      4.892e-03      
      3282      4.264e-03      
      3389      7.389e-03      
      3390      9.530e-03      
      3401      6.174e-03      
      3402      5.565e-03
3624   5.565e-03