0      0.0      
      1      0.000e+00      
      359      6.256e-03      
      360      1.783e-02      
      361      4.174e-02      
      362      8.080e-02      
      363      1.299e-01      
      364      1.738e-01      
      365      1.941e-01      
      366      1.816e-01      
      367      1.436e-01      
      368      9.737e-02      
      369      5.803e-02      
      370      3.158e-02      
      371      1.672e-02      
      372      9.562e-03      
      377      4.578e-03      
      378      3.992e-03      
      422      8.811e-03      
      423      1.073e-02      
      427      5.584e-03      
      428      3.991e-03      
      444      5.841e-03      
      445      1.050e-02      
      446      1.596e-02      
      447      1.999e-02      
      449      1.804e-02      
      450      1.380e-02      
      451      9.843e-03      
      452      7.006e-03      
      464      1.542e-03      
      465      1.444e-03      
      1064      5.797e-03      
      1065      1.006e-02      
      1066      1.603e-02      
      1067      2.301e-02      
      1068      2.940e-02      
      1071      2.843e-02      
      1072      2.180e-02      
      1073      1.502e-02      
      1074      9.563e-03      
      1075      5.853e-03      
      1091      3.332e-04      
      1092      2.224e-04      
      1205      4.826e-03      
      1206      1.075e-02      
      1207      1.949e-02      
      1208      2.895e-02      
      1209      3.552e-02      
      1211      3.154e-02      
      1212      2.386e-02      
      1213      1.660e-02      
      1214      1.145e-02      
      1215      8.311e-03      
      1218      3.487e-03      
      1219      2.478e-03      
      1528      7.265e-03      
      1529      1.420e-02      
      1530      2.223e-02      
      1531      2.799e-02      
      1533      2.419e-02      
      1534      1.734e-02      
      1535      1.100e-02      
      1536      6.534e-03      
      1537      3.875e-03      
      1571      9.391e-03      
      1572      1.472e-02      
      1576      1.149e-02      
      1577      7.480e-03      
      1580      2.061e-03      
      1581      1.488e-03      
      2094      5.744e-03      
      2095      1.152e-02      
      2096      1.842e-02      
      2097      2.370e-02      
      2098      2.488e-02      
      2099      2.173e-02      
      2100      1.624e-02      
      2101      1.081e-02      
      2102      6.754e-03      
      2106      1.311e-03      
      2107      1.010e-03      
      2195      6.549e-03      
      2196      1.493e-02      
      2197      2.895e-02      
      2198      4.837e-02      
      2199      7.032e-02      
      2200      8.899e-02      
      2201      9.740e-02      
      2202      9.138e-02      
      2203      7.317e-02      
      2204      5.029e-02      
      2205      3.035e-02      
      2206      1.696e-02      
      2207      9.735e-03      
      2213      4.506e-03      
      2214      3.819e-03      
      2562      6.815e-03      
      2563      1.615e-02      
      2564      3.103e-02      
      2565      4.858e-02      
      2566      6.246e-02      
      2568      5.972e-02      
      2569      4.586e-02      
      2570      3.092e-02      
      2571      1.890e-02      
      2572      1.091e-02      
      2573      6.235e-03      
      2574      3.696e-03      
      2773      8.126e-03      
      2774      9.614e-03      
      2778      4.220e-03      
      2779      2.898e-03
3624   2.898e-03