0      0.0      
      1      2.056e-03      
      2      2.056e-03      
      31      2.506e-03      
      32      3.606e-03      
      33      6.293e-03      
      34      1.124e-02      
      35      1.786e-02      
      36      2.365e-02      
      37      2.555e-02      
      38      2.249e-02      
      39      1.640e-02      
      40      1.039e-02      
      41      6.298e-03      
      42      4.212e-03      
      43      3.372e-03      
      44      3.094e-03      
      147      2.266e-03      
      148      2.156e-03      
      154      2.991e-03      
      155      3.342e-03      
      169      2.468e-03      
      170      2.277e-03      
      183      3.103e-03      
      184      3.262e-03      
      193      2.370e-03      
      194      2.191e-03      
      308      2.981e-03      
      309      3.271e-03      
      314      2.388e-03      
      315      2.201e-03      
      330      3.106e-03      
      331      3.291e-03      
      356      3.925e-03      
      357      7.143e-03      
      358      1.797e-02      
      359      4.731e-02      
      360      1.111e-01      
      361      2.212e-01      
      362      3.673e-01      
      363      5.059e-01      
      364      5.769e-01      
      365      5.460e-01      
      366      4.328e-01      
      367      2.929e-01      
      368      1.758e-01      
      369      9.991e-02      
      370      5.959e-02      
      371      4.123e-02      
      372      3.386e-02      
      373      3.125e-02      
      386      3.036e-02      
      387      3.017e-02      
      389      2.961e-02      
      390      2.923e-02      
      392      2.837e-02      
      393      2.795e-02      
      395      2.718e-02      
      396      2.680e-02      
      398      2.608e-02      
      399      2.573e-02      
      401      2.501e-02      
      402      2.463e-02      
      406      2.472e-02      
      407      2.623e-02      
      408      2.858e-02      
      409      3.107e-02      
      410      3.257e-02      
      411      3.240e-02      
      412      3.099e-02      
      413      2.942e-02      
      414      2.854e-02      
      415      2.845e-02      
      418      2.807e-02      
      419      2.730e-02      
      426      2.693e-02      
      427      2.614e-02      
      428      2.544e-02      
      429      2.498e-02      
      437      2.412e-02      
      438      2.401e-02      
      443      2.310e-02      
      444      2.290e-02      
      449      2.210e-02      
      450      2.188e-02      
      453      2.106e-02      
      454      2.078e-02      
      458      1.986e-02      
      459      1.963e-02      
      466      1.887e-02      
      467      1.868e-02      
      471      1.794e-02      
      472      1.774e-02      
      475      1.696e-02      
      476      1.672e-02      
      484      1.592e-02      
      485      1.572e-02      
      499      1.480e-02      
      500      1.468e-02      
      511      1.375e-02      
      512      1.355e-02      
      523      1.278e-02      
      524      1.258e-02      
      530      1.178e-02      
      531      1.161e-02      
      547      1.074e-02      
      548      1.055e-02      
      570      9.626e-03      
      571      9.438e-03      
      592      8.597e-03      
      593      8.408e-03      
      615      7.570e-03      
      616      7.383e-03      
      641      6.542e-03      
      642      6.355e-03      
      700      5.514e-03      
      701      5.327e-03      
      737      4.393e-03      
      738      4.228e-03      
      804      3.365e-03      
      805      3.200e-03      
      974      2.266e-03      
      975      2.153e-03      
      1057      2.411e-03      
      1058      3.337e-03      
      1059      5.739e-03      
      1060      1.052e-02      
      1061      1.765e-02      
      1062      2.535e-02      
      1063      3.086e-02      
      1064      3.311e-02      
      1065      3.433e-02      
      1066      3.826e-02      
      1067      4.638e-02      
      1068      5.588e-02      
      1069      6.165e-02      
      1070      6.020e-02      
      1071      5.206e-02      
      1072      4.081e-02      
      1073      3.032e-02      
      1074      2.277e-02      
      1075      1.842e-02      
      1076      1.646e-02      
      1084      1.726e-02      
      1085      1.743e-02      
      1099      1.652e-02      
      1100      1.621e-02      
      1105      1.533e-02      
      1106      1.516e-02      
      1110      1.438e-02      
      1111      1.418e-02      
      1117      1.329e-02      
      1118      1.318e-02      
      1127      1.232e-02      
      1128      1.212e-02      
      1145      1.125e-02      
      1146      1.106e-02      
      1160      1.022e-02      
      1161      1.009e-02      
      1178      9.172e-03      
      1179      9.143e-03      
      1198      8.255e-03      
      1199      8.194e-03      
      1204      9.025e-03      
      1205      1.049e-02      
      1206      1.325e-02      
      1207      1.723e-02      
      1208      2.151e-02      
      1209      2.449e-02      
      1210      2.493e-02      
      1211      2.286e-02      
      1212      1.952e-02      
      1213      1.633e-02      
      1214      1.410e-02      
      1215      1.287e-02      
      1241      1.205e-02      
      1242      1.187e-02      
      1247      1.103e-02      
      1248      1.086e-02      
      1265      9.982e-03      
      1266      9.777e-03      
      1275      8.899e-03      
      1276      8.700e-03      
      1299      7.912e-03      
      1300      7.736e-03      
      1344      6.912e-03      
      1345      6.796e-03      
      1369      6.876e-03      
      1370      7.811e-03      
      1371      8.946e-03      
      1372      9.797e-03      
      1373      9.888e-03      
      1374      9.170e-03      
      1375      8.063e-03      
      1376      7.072e-03      
      1378      6.143e-03      
      1379      6.038e-03      
      1441      5.143e-03      
      1442      5.083e-03      
      1487      4.185e-03      
      1488      4.132e-03      
      1529      4.601e-03      
      1530      5.075e-03      
      1547      4.228e-03      
      1548      4.115e-03      
      1642      3.200e-03      
      1643      3.087e-03      
      1828      2.153e-03      
      1829      2.092e-03      
      1980      2.974e-03      
      1981      3.970e-03      
      1982      5.385e-03      
      1983      6.810e-03      
      1986      6.213e-03      
      1987      4.899e-03      
      1988      3.894e-03      
      2091      3.702e-03      
      2092      5.838e-03      
      2093      1.191e-02      
      2094      2.484e-02      
      2095      4.500e-02      
      2096      6.650e-02      
      2097      7.882e-02      
      2098      7.495e-02      
      2099      5.786e-02      
      2100      3.727e-02      
      2101      2.126e-02      
      2102      1.202e-02      
      2103      7.841e-03      
      2104      6.310e-03      
      2150      5.398e-03      
      2151      5.360e-03      
      2183      4.489e-03      
      2184      4.390e-03      
      2186      4.534e-03      
      2187      5.367e-03      
      2188      7.861e-03      
      2189      1.339e-02      
      2190      2.244e-02      
      2191      3.291e-02      
      2192      4.033e-02      
      2193      4.117e-02      
      2194      3.642e-02      
      2195      3.159e-02      
      2196      3.337e-02      
      2197      4.658e-02      
      2198      7.301e-02      
      2199      1.104e-01      
      2200      1.509e-01      
      2201      1.813e-01      
      2202      1.886e-01      
      2203      1.697e-01      
      2204      1.339e-01      
      2205      9.613e-02      
      2206      6.746e-02      
      2207      5.064e-02      
      2208      4.292e-02      
      2209      4.032e-02      
      2222      3.945e-02      
      2223      3.908e-02      
      2225      3.815e-02      
      2226      3.763e-02      
      2227      3.713e-02      
      2228      3.665e-02      
      2230      3.579e-02      
      2231      3.540e-02      
      2233      3.463e-02      
      2234      3.424e-02      
      2236      3.344e-02      
      2237      3.301e-02      
      2238      3.254e-02      
      2239      3.206e-02      
      2240      3.157e-02      
      2241      3.109e-02      
      2243      3.025e-02      
      2244      2.990e-02      
      2246      2.920e-02      
      2247      2.879e-02      
      2248      2.832e-02      
      2249      2.780e-02      
      2250      2.726e-02      
      2251      2.673e-02      
      2253      2.586e-02      
      2254      2.553e-02      
      2257      2.471e-02      
      2258      2.448e-02      
      2261      2.378e-02      
      2262      2.353e-02      
      2266      2.270e-02      
      2267      2.248e-02      
      2271      2.162e-02      
      2272      2.135e-02      
      2275      2.052e-02      
      2276      2.026e-02      
      2281      1.951e-02      
      2282      1.932e-02      
      2287      1.846e-02      
      2288      1.826e-02      
      2292      1.745e-02      
      2293      1.724e-02      
      2299      1.635e-02      
      2300      1.617e-02      
      2309      1.528e-02      
      2310      1.510e-02      
      2319      1.422e-02      
      2320      1.404e-02      
      2333      1.316e-02      
      2334      1.299e-02      
      2343      1.214e-02      
      2344      1.197e-02      
      2359      1.115e-02      
      2360      1.100e-02      
      2375      1.016e-02      
      2376      9.988e-03      
      2393      1.031e-02      
      2394      1.182e-02      
      2395      1.443e-02      
      2396      1.773e-02      
      2397      2.043e-02      
      2399      1.961e-02      
      2400      1.697e-02      
      2401      1.506e-02      
      2402      1.534e-02      
      2403      1.851e-02      
      2404      2.421e-02      
      2405      3.073e-02      
      2406      3.562e-02      
      2407      3.740e-02      
      2408      3.644e-02      
      2409      3.395e-02      
      2410      3.073e-02      
      2411      2.718e-02      
      2412      2.390e-02      
      2413      2.155e-02      
      2414      2.035e-02      
      2425      2.126e-02      
      2426      2.141e-02      
      2433      2.057e-02      
      2434      2.029e-02      
      2437      1.949e-02      
      2438      1.928e-02      
      2441      1.850e-02      
      2442      1.814e-02      
      2446      1.722e-02      
      2447      1.711e-02      
      2452      1.625e-02      
      2453      1.617e-02      
      2460      1.527e-02      
      2461      1.512e-02      
      2466      1.433e-02      
      2467      1.410e-02      
      2471      1.317e-02      
      2472      1.299e-02      
      2484      1.211e-02      
      2485      1.197e-02      
      2494      1.105e-02      
      2495      1.097e-02      
      2502      1.005e-02      
      2503      1.002e-02      
      2518      9.182e-03      
      2519      9.068e-03      
      2541      8.153e-03      
      2542      8.040e-03      
      2558      8.364e-03      
      2559      9.023e-03      
      2560      1.025e-02      
      2561      1.233e-02      
      2562      1.587e-02      
      2563      2.190e-02      
      2564      3.096e-02      
      2565      4.149e-02      
      2566      4.960e-02      
      2567      5.152e-02      
      2568      4.660e-02      
      2569      3.769e-02      
      2570      2.864e-02      
      2571      2.193e-02      
      2572      1.800e-02      
      2573      1.620e-02      
      2579      1.695e-02      
      2580      1.719e-02      
      2596      1.631e-02      
      2597      1.616e-02      
      2602      1.526e-02      
      2603      1.508e-02      
      2607      1.437e-02      
      2608      1.410e-02      
      2611      1.328e-02      
      2612      1.303e-02      
      2620      1.222e-02      
      2621      1.209e-02      
      2630      1.119e-02      
      2631      1.111e-02      
      2637      1.022e-02      
      2638      1.018e-02      
      2656      9.254e-03      
      2657      9.124e-03      
      2679      8.355e-03      
      2680      8.174e-03      
      2703      7.383e-03      
      2704      7.219e-03      
      2746      6.355e-03      
      2747      6.191e-03      
      2769      6.820e-03      
      2770      8.165e-03      
      2771      1.024e-02      
      2772      1.243e-02      
      2773      1.360e-02      
      2774      1.306e-02      
      2775      1.118e-02      
      2776      9.005e-03      
      2777      7.397e-03      
      2778      6.560e-03      
      2779      6.290e-03      
      2840      5.514e-03      
      2841      5.327e-03      
      2873      4.393e-03      
      2874      4.228e-03      
      2938      3.365e-03      
      2939      3.203e-03      
      3083      2.430e-03      
      3084      2.266e-03      
      3270      2.688e-03      
      3271      3.634e-03      
      3272      5.171e-03      
      3273      6.946e-03      
      3274      8.203e-03      
      3275      8.300e-03      
      3276      7.234e-03      
      3277      5.601e-03      
      3278      4.094e-03      
      3279      3.096e-03      
      3340      3.776e-03      
      3341      4.347e-03      
      3347      3.539e-03      
      3348      3.221e-03      
      3372      4.125e-03      
      3373      4.380e-03      
      3378      3.452e-03      
      3379      3.233e-03      
      3387      3.934e-03      
      3388      4.594e-03      
      3389      5.635e-03      
      3390      6.917e-03      
      3391      8.036e-03      
      3394      7.572e-03      
      3395      6.654e-03      
      3396      5.874e-03      
      3397      5.349e-03      
      3420      6.105e-03      
      3421      6.292e-03      
      3459      5.441e-03      
      3460      5.327e-03      
      3486      4.415e-03      
      3487      4.280e-03
3624   4.280e-03