0      0.0      
      1      2.381e-03      
      32      3.843e-03      
      33      5.928e-03      
      34      9.113e-03      
      35      1.240e-02      
      38      1.070e-02      
      39      7.777e-03      
      40      5.764e-03      
      41      4.839e-03      
      250      2.473e-03      
      251      2.408e-03      
      357      3.892e-03      
      358      7.518e-03      
      359      1.652e-02      
      360      3.425e-02      
      361      6.192e-02      
      362      9.573e-02      
      363      1.267e-01      
      364      1.444e-01      
      365      1.428e-01      
      366      1.239e-01      
      367      9.646e-02      
      368      7.072e-02      
      369      5.277e-02      
      370      4.326e-02      
      371      3.952e-02      
      389      3.736e-02      
      390      3.668e-02      
      393      3.451e-02      
      394      3.407e-02      
      399      3.198e-02      
      400      3.162e-02      
      407      3.385e-02      
      408      3.602e-02      
      409      3.819e-02      
      410      3.952e-02      
      413      3.741e-02      
      414      3.665e-02      
      426      3.487e-02      
      427      3.417e-02      
      430      3.200e-02      
      431      3.151e-02      
      442      2.952e-02      
      443      2.908e-02      
      449      2.687e-02      
      450      2.670e-02      
      456      2.441e-02      
      457      2.408e-02      
      468      2.196e-02      
      469      2.165e-02      
      476      1.929e-02      
      477      1.914e-02      
      499      1.678e-02      
      500      1.676e-02      
      514      1.438e-02      
      515      1.431e-02      
      536      1.200e-02      
      537      1.193e-02      
      575      9.551e-03      
      576      9.530e-03      
      621      7.149e-03      
      622      7.144e-03      
      767      4.763e-03      
      768      4.762e-03      
      1059      7.136e-03      
      1060      9.338e-03      
      1061      1.174e-02      
      1063      1.379e-02      
      1064      1.428e-02      
      1065      1.681e-02      
      1066      2.237e-02      
      1067      2.931e-02      
      1068      3.406e-02      
      1069      3.392e-02      
      1070      2.929e-02      
      1071      2.299e-02      
      1072      1.772e-02      
      1073      1.459e-02      
      1142      1.244e-02      
      1143      1.215e-02      
      1173      9.770e-03      
      1174      9.615e-03      
      1204      1.145e-02      
      1205      1.369e-02      
      1206      1.694e-02      
      1207      2.049e-02      
      1208      2.321e-02      
      1210      2.315e-02      
      1211      2.081e-02      
      1212      1.823e-02      
      1213      1.624e-02      
      1214      1.507e-02      
      1245      1.286e-02      
      1246      1.244e-02      
      1289      1.006e-02      
      1290      9.770e-03      
      1356      7.389e-03      
      1357      7.234e-03      
      1371      9.262e-03      
      1372      9.750e-03      
      1377      7.445e-03      
      1378      7.249e-03      
      1578      5.008e-03      
      1579      4.854e-03      
      2092      6.010e-03      
      2093      8.641e-03      
      2094      1.418e-02      
      2095      2.261e-02      
      2096      3.124e-02      
      2097      3.553e-02      
      2098      3.282e-02      
      2099      2.488e-02      
      2100      1.614e-02      
      2101      9.857e-03      
      2102      6.576e-03      
      2187      8.022e-03      
      2188      1.003e-02      
      2189      1.465e-02      
      2190      2.273e-02      
      2191      3.318e-02      
      2192      4.252e-02      
      2193      4.697e-02      
      2194      4.557e-02      
      2195      4.111e-02      
      2196      3.787e-02      
      2197      3.869e-02      
      2198      4.412e-02      
      2199      5.323e-02      
      2200      6.436e-02      
      2201      7.486e-02      
      2202      8.149e-02      
      2203      8.220e-02      
      2204      7.776e-02      
      2205      7.092e-02      
      2206      6.427e-02      
      2207      5.900e-02      
      2208      5.523e-02      
      2209      5.267e-02      
      2210      5.103e-02      
      2211      4.999e-02      
      2219      4.779e-02      
      2220      4.721e-02      
      2222      4.566e-02      
      2223      4.473e-02      
      2225      4.295e-02      
      2226      4.217e-02      
      2230      4.003e-02      
      2231      3.954e-02      
      2235      3.756e-02      
      2236      3.692e-02      
      2238      3.527e-02      
      2239      3.444e-02      
      2242      3.248e-02      
      2243      3.193e-02      
      2250      3.000e-02      
      2251      2.952e-02      
      2263      2.714e-02      
      2264      2.672e-02      
      2272      2.476e-02      
      2273      2.432e-02      
      2279      2.196e-02      
      2280      2.167e-02      
      2298      1.958e-02      
      2299      1.929e-02      
      2309      1.691e-02      
      2310      1.676e-02      
      2326      1.438e-02      
      2327      1.431e-02      
      2350      1.200e-02      
      2351      1.193e-02      
      2394      1.212e-02      
      2395      1.474e-02      
      2396      1.790e-02      
      2397      2.032e-02      
      2399      1.950e-02      
      2400      1.729e-02      
      2404      1.810e-02      
      2405      2.048e-02      
      2406      2.307e-02      
      2407      2.583e-02      
      2408      2.832e-02      
      2411      2.671e-02      
      2412      2.426e-02      
      2413      2.253e-02      
      2414      2.169e-02      
      2443      1.958e-02      
      2444      1.929e-02      
      2461      1.720e-02      
      2462      1.691e-02      
      2481      1.453e-02      
      2482      1.438e-02      
      2503      1.215e-02      
      2504      1.200e-02      
      2536      9.615e-03      
      2537      9.551e-03      
      2561      1.071e-02      
      2562      1.321e-02      
      2563      1.851e-02      
      2564      2.679e-02      
      2565      3.580e-02      
      2566      4.146e-02      
      2567      4.094e-02      
      2568      3.511e-02      
      2569      2.752e-02      
      2570      2.129e-02      
      2571      1.756e-02      
      2604      1.524e-02      
      2605      1.501e-02      
      2631      1.286e-02      
      2632      1.244e-02      
      2657      1.006e-02      
      2658      9.770e-03      
      2730      7.389e-03      
      2731      7.234e-03      
      2893      4.854e-03      
      2894      4.789e-03      
      3271      6.432e-03      
      3272      7.951e-03      
      3273      9.529e-03      
      3274      1.035e-02      
      3276      8.481e-03      
      3277      6.880e-03      
      3422      9.114e-03      
      3423      9.892e-03      
      3475      7.677e-03      
      3476      7.389e-03
3624   7.389e-03