0      0.0      
      1      2.174e-03      
      358      4.159e-03      
      359      7.811e-03      
      360      1.535e-02      
      361      2.764e-02      
      362      4.294e-02      
      363      5.628e-02      
      364      6.169e-02      
      365      5.645e-02      
      366      4.338e-02      
      367      2.865e-02      
      368      1.733e-02      
      369      1.100e-02      
      370      8.521e-03      
      487      6.438e-03      
      488      6.297e-03      
      557      4.124e-03      
      558      3.861e-03      
      1059      4.817e-03      
      1060      6.617e-03      
      1061      8.167e-03      
      1062      8.872e-03      
      1064      1.029e-02      
      1065      1.427e-02      
      1066      2.114e-02      
      1067      2.843e-02      
      1068      3.236e-02      
      1069      3.091e-02      
      1070      2.547e-02      
      1071      1.928e-02      
      1072      1.467e-02      
      1073      1.201e-02      
      1074      1.060e-02      
      1075      9.777e-03      
      1087      7.826e-03      
      1088      7.392e-03      
      1097      5.218e-03      
      1098      4.835e-03      
      1205      6.653e-03      
      1206      8.894e-03      
      1207      1.112e-02      
      1211      1.032e-02      
      1212      8.721e-03      
      1214      6.723e-03      
      1215      6.239e-03      
      1303      4.123e-03      
      1304      3.860e-03      
      2093      3.981e-03      
      2094      6.360e-03      
      2095      9.778e-03      
      2096      1.299e-02      
      2098      1.265e-02      
      2099      9.294e-03      
      2100      5.952e-03      
      2101      3.738e-03      
      2189      5.425e-03      
      2190      9.926e-03      
      2191      1.686e-02      
      2192      2.434e-02      
      2193      2.902e-02      
      2194      2.871e-02      
      2195      2.445e-02      
      2196      1.964e-02      
      2197      1.714e-02      
      2198      1.769e-02      
      2199      2.048e-02      
      2200      2.418e-02      
      2201      2.740e-02      
      2204      2.602e-02      
      2205      2.307e-02      
      2206      2.057e-02      
      2207      1.895e-02      
      2208      1.803e-02      
      2210      1.652e-02      
      2211      1.544e-02      
      2212      1.425e-02      
      2213      1.316e-02      
      2220      1.119e-02      
      2221      1.091e-02      
      2227      8.779e-03      
      2228      8.721e-03      
      2255      6.547e-03      
      2256      6.528e-03      
      2299      4.373e-03      
      2300      4.354e-03      
      2376      2.180e-03      
      2377      2.175e-03      
      2395      4.239e-03      
      2396      5.340e-03      
      2404      6.696e-03      
      2405      8.177e-03      
      2406      1.043e-02      
      2407      1.325e-02      
      2408      1.573e-02      
      2411      1.442e-02      
      2412      1.254e-02      
      2413      1.105e-02      
      2414      1.001e-02      
      2418      7.855e-03      
      2419      7.399e-03      
      2441      5.364e-03      
      2442      5.117e-03      
      2530      3.044e-03      
      2531      2.661e-03      
      2563      4.806e-03      
      2564      7.317e-03      
      2565      1.029e-02      
      2566      1.265e-02      
      2569      1.054e-02      
      2570      8.621e-03      
      2581      6.497e-03      
      2582      6.438e-03      
      2649      4.264e-03      
      2650      4.123e-03
3624   4.123e-03