0      0.0      
      1      0.000e+00      
      15      2.216e-03      
      16      2.438e-03      
      26      2.346e-04      
      27      8.745e-05      
      32      2.343e-03      
      33      7.341e-03      
      34      1.808e-02      
      35      3.507e-02      
      36      5.383e-02      
      37      6.578e-02      
      38      6.469e-02      
      39      5.211e-02      
      40      3.545e-02      
      41      2.149e-02      
      42      1.261e-02      
      43      7.919e-03      
      44      5.655e-03      
      45      4.505e-03      
      65      2.253e-03      
      66      2.210e-03      
      154      4.270e-03      
      155      4.820e-03      
      166      3.182e-03      
      167      2.107e-03      
      357      3.134e-03      
      358      6.957e-03      
      359      1.935e-02      
      360      5.202e-02      
      361      1.221e-01      
      362      2.422e-01      
      363      4.001e-01      
      364      5.486e-01      
      365      6.265e-01      
      366      6.013e-01      
      367      4.927e-01      
      368      3.519e-01      
      369      2.250e-01      
      370      1.331e-01      
      371      7.609e-02      
      372      4.422e-02      
      373      2.743e-02      
      374      1.865e-02      
      375      1.392e-02      
      376      1.123e-02      
      377      9.618e-03      
      378      8.555e-03      
      381      6.551e-03      
      382      5.997e-03      
      395      4.036e-03      
      396      3.636e-03      
      406      4.763e-03      
      407      7.048e-03      
      408      1.014e-02      
      409      1.322e-02      
      410      1.534e-02      
      411      1.645e-02      
      412      1.767e-02      
      413      2.025e-02      
      414      2.407e-02      
      415      2.736e-02      
      417      2.616e-02      
      418      2.243e-02      
      419      1.857e-02      
      420      1.556e-02      
      421      1.363e-02      
      422      1.258e-02      
      426      1.050e-02      
      427      9.639e-03      
      430      7.420e-03      
      431      7.080e-03      
      448      4.969e-03      
      449      4.754e-03      
      560      2.507e-03      
      561      2.360e-03      
      977      1.472e-04      
      978      6.135e-05      
      1058      1.277e-03      
      1059      3.675e-03      
      1060      8.584e-03      
      1061      1.642e-02      
      1062      2.633e-02      
      1063      3.716e-02      
      1064      4.974e-02      
      1065      6.770e-02      
      1066      9.505e-02      
      1067      1.320e-01      
      1068      1.722e-01      
      1069      2.031e-01      
      1070      2.128e-01      
      1071      1.969e-01      
      1072      1.618e-01      
      1073      1.195e-01      
      1074      8.109e-02      
      1075      5.232e-02      
      1076      3.367e-02      
      1077      2.277e-02      
      1078      1.673e-02      
      1079      1.336e-02      
      1080      1.132e-02      
      1081      9.902e-03      
      1083      7.991e-03      
      1084      7.397e-03      
      1089      5.456e-03      
      1090      5.055e-03      
      1136      2.940e-03      
      1137      2.755e-03      
      1202      3.045e-03      
      1203      5.573e-03      
      1204      1.349e-02      
      1205      3.285e-02      
      1206      6.961e-02      
      1207      1.232e-01      
      1208      1.809e-01      
      1209      2.216e-01      
      1210      2.287e-01      
      1211      2.011e-01      
      1212      1.535e-01      
      1213      1.046e-01      
      1214      6.654e-02      
      1215      4.220e-02      
      1216      2.850e-02      
      1217      2.119e-02      
      1218      1.710e-02      
      1219      1.452e-02      
      1220      1.268e-02      
      1221      1.130e-02      
      1223      9.487e-03      
      1224      8.848e-03      
      1228      6.819e-03      
      1229      6.396e-03      
      1263      4.244e-03      
      1264      4.058e-03      
      1570      4.716e-03      
      1571      7.008e-03      
      1572      9.542e-03      
      1576      7.896e-03      
      1577      6.260e-03      
      1579      4.354e-03      
      1580      3.741e-03      
      1674      3.937e-03      
      1675      7.739e-03      
      1676      1.658e-02      
      1677      3.229e-02      
      1678      5.311e-02      
      1679      7.242e-02      
      1680      8.210e-02      
      1681      7.844e-02      
      1682      6.461e-02      
      1683      4.759e-02      
      1684      3.314e-02      
      1685      2.351e-02      
      1686      1.810e-02      
      1687      1.525e-02      
      1688      1.349e-02      
      1689      1.205e-02      
      1690      1.068e-02      
      1691      9.404e-03      
      1693      7.507e-03      
      1694      6.913e-03      
      1699      4.780e-03      
      1700      4.633e-03      
      1714      6.899e-03      
      1715      8.374e-03      
      1720      6.707e-03      
      1721      6.047e-03      
      1735      4.056e-03      
      1736      3.697e-03      
      1981      5.354e-03      
      1982      9.759e-03      
      1983      1.703e-02      
      1984      2.598e-02      
      1985      3.347e-02      
      1986      3.620e-02      
      1987      3.325e-02      
      1988      2.666e-02      
      1989      1.956e-02      
      1990      1.399e-02      
      1991      1.034e-02      
      1992      8.109e-03      
      1993      6.693e-03      
      1996      4.574e-03      
      1997      4.130e-03      
      2092      5.258e-03      
      2093      1.190e-02      
      2094      2.685e-02      
      2095      5.215e-02      
      2096      8.340e-02      
      2097      1.092e-01      
      2098      1.181e-01      
      2099      1.075e-01      
      2100      8.444e-02      
      2101      5.934e-02      
      2102      3.915e-02      
      2103      2.572e-02      
      2104      1.780e-02      
      2105      1.333e-02      
      2106      1.074e-02      
      2107      9.116e-03      
      2108      8.015e-03      
      2111      6.003e-03      
      2112      5.483e-03      
      2125      3.636e-03      
      2126      3.182e-03      
      2192      3.714e-03      
      2193      6.582e-03      
      2194      1.515e-02      
      2195      3.790e-02      
      2196      8.849e-02      
      2197      1.806e-01      
      2198      3.162e-01      
      2199      4.738e-01      
      2200      6.090e-01      
      2201      6.740e-01      
      2202      6.447e-01      
      2203      5.361e-01      
      2204      3.920e-01      
      2205      2.573e-01      
      2206      1.571e-01      
      2207      9.408e-02      
      2208      5.872e-02      
      2209      4.008e-02      
      2210      3.033e-02      
      2211      2.491e-02      
      2212      2.140e-02      
      2213      1.868e-02      
      2214      1.635e-02      
      2215      1.433e-02      
      2216      1.264e-02      
      2217      1.130e-02      
      2218      1.027e-02      
      2221      8.276e-03      
      2222      7.755e-03      
      2235      5.908e-03      
      2236      5.455e-03      
      2325      3.356e-03      
      2326      3.145e-03      
      2401      4.965e-03      
      2402      7.205e-03      
      2403      1.262e-02      
      2404      2.156e-02      
      2405      3.161e-02      
      2406      3.819e-02      
      2407      3.809e-02      
      2408      3.223e-02      
      2409      2.440e-02      
      2410      1.784e-02      
      2411      1.355e-02      
      2412      1.103e-02      
      2413      9.515e-03      
      2414      8.467e-03      
      2416      6.852e-03      
      2417      6.151e-03      
      2432      4.036e-03      
      2433      3.636e-03      
      2558      3.041e-03      
      2559      6.133e-03      
      2560      1.762e-02      
      2561      5.098e-02      
      2562      1.264e-01      
      2563      2.579e-01      
      2564      4.319e-01      
      2565      5.986e-01      
      2566      6.968e-01      
      2567      6.938e-01      
      2568      6.032e-01      
      2569      4.684e-01      
      2570      3.332e-01      
      2571      2.235e-01      
      2572      1.459e-01      
      2573      9.580e-02      
      2574      6.506e-02      
      2575      4.665e-02      
      2576      3.559e-02      
      2577      2.875e-02      
      2578      2.426e-02      
      2579      2.103e-02      
      2580      1.844e-02      
      2581      1.622e-02      
      2582      1.428e-02      
      2583      1.263e-02      
      2584      1.131e-02      
      2587      9.124e-03      
      2588      8.676e-03      
      2603      6.584e-03      
      2604      6.309e-03      
      2720      4.291e-03      
      2721      4.031e-03      
      2768      4.615e-03      
      2769      9.485e-03      
      2770      2.004e-02      
      2771      3.741e-02      
      2772      5.832e-02      
      2773      7.488e-02      
      2774      7.953e-02      
      2775      7.096e-02      
      2776      5.472e-02      
      2777      3.824e-02      
      2778      2.596e-02      
      2779      1.847e-02      
      2780      1.433e-02      
      2781      1.199e-02      
      2782      1.048e-02      
      2783      9.374e-03      
      2786      7.334e-03      
      2787      6.973e-03      
      2793      4.780e-03      
      2794      4.633e-03      
      2819      2.426e-03      
      2820      2.335e-03      
      2862      4.605e-03      
      2863      4.794e-03      
      2874      2.782e-03      
      2875      2.507e-03      
      2946      4.310e-03      
      2947      4.883e-03      
      2954      2.788e-03      
      2955      2.509e-03      
      3247      2.810e-04      
      3248      1.673e-04      
      3271      1.519e-03      
      3272      4.386e-03      
      3273      1.012e-02      
      3274      1.863e-02      
      3275      2.735e-02      
      3276      3.216e-02      
      3277      3.065e-02      
      3278      2.426e-02      
      3279      1.671e-02      
      3280      1.085e-02      
      3281      7.324e-03      
      3282      5.467e-03      
      3283      4.453e-03      
      3338      4.444e-03      
      3339      9.301e-03      
      3340      2.028e-02      
      3341      3.902e-02      
      3342      6.250e-02      
      3343      8.243e-02      
      3344      9.021e-02      
      3345      8.333e-02      
      3346      6.662e-02      
      3347      4.769e-02      
      3348      3.199e-02      
      3349      2.130e-02      
      3350      1.490e-02      
      3351      1.125e-02      
      3352      9.090e-03      
      3353      7.639e-03      
      3355      5.724e-03      
      3356      5.144e-03      
      3362      3.183e-03      
      3363      2.782e-03      
      3371      4.696e-03      
      3372      7.001e-03      
      3373      9.746e-03      
      3374      1.198e-02      
      3375      1.286e-02      
      3377      1.077e-02      
      3378      9.168e-03      
      3380      7.065e-03      
      3381      6.469e-03      
      3388      7.754e-03      
      3389      1.143e-02      
      3390      1.680e-02      
      3391      2.292e-02      
      3392      2.827e-02      
      3393      3.161e-02      
      3395      3.096e-02      
      3396      2.781e-02      
      3397      2.391e-02      
      3398      2.014e-02      
      3399      1.699e-02      
      3400      1.455e-02      
      3401      1.270e-02      
      3402      1.131e-02      
      3404      9.487e-03      
      3405      8.850e-03      
      3412      6.659e-03      
      3413      6.493e-03      
      3421      8.366e-03      
      3422      9.471e-03      
      3423      1.120e-02      
      3424      1.303e-02      
      3429      1.085e-02      
      3430      1.036e-02      
      3434      8.391e-03      
      3435      7.809e-03      
      3451      5.664e-03      
      3452      5.478e-03      
      3542      7.311e-03      
      3543      7.926e-03      
      3546      9.974e-03      
      3547      1.021e-02      
      3551      8.093e-03      
      3552      7.478e-03      
      3557      5.456e-03      
      3558      5.055e-03      
      3604      2.869e-03      
      3605      2.737e-03
3624   2.737e-03