0      0.0      
      1      0.000e+00      
      35      9.082e-03      
      36      1.362e-02      
      40      6.768e-03      
      41      3.298e-03      
      359      6.464e-03      
      360      1.923e-02      
      361      4.760e-02      
      362      9.719e-02      
      363      1.629e-01      
      364      2.243e-01      
      365      2.551e-01      
      366      2.425e-01      
      367      1.964e-01      
      368      1.392e-01      
      369      8.942e-02      
      370      5.416e-02      
      371      3.227e-02      
      372      1.951e-02      
      373      1.200e-02      
      374      7.267e-03      
      1064      1.051e-02      
      1065      1.514e-02      
      1066      2.443e-02      
      1067      3.911e-02      
      1068      5.597e-02      
      1069      6.858e-02      
      1071      6.360e-02      
      1072      4.969e-02      
      1073      3.496e-02      
      1074      2.279e-02      
      1075      1.405e-02      
      1076      8.209e-03      
      1077      4.458e-03      
      1205      7.789e-03      
      1206      1.741e-02      
      1207      3.160e-02      
      1208      4.683e-02      
      1209      5.703e-02      
      1210      5.747e-02      
      1211      4.841e-02      
      1212      3.472e-02      
      1213      2.189e-02      
      1214      1.272e-02      
      1215      7.114e-03      
      1216      3.839e-03      
      1676      6.689e-03      
      1677      1.295e-02      
      1678      1.981e-02      
      1679      2.411e-02      
      1681      1.905e-02      
      1682      1.301e-02      
      1683      7.806e-03      
      1684      4.215e-03      
      2094      7.752e-03      
      2095      1.502e-02      
      2096      2.302e-02      
      2100      1.536e-02      
      2101      9.152e-03      
      2103      2.285e-03      
      2104      9.388e-04      
      2194      3.773e-03      
      2195      1.159e-02      
      2196      2.944e-02      
      2197      6.255e-02      
      2198      1.125e-01      
      2199      1.728e-01      
      2200      2.279e-01      
      2201      2.582e-01      
      2202      2.512e-01      
      2203      2.100e-01      
      2204      1.518e-01      
      2205      9.639e-02      
      2206      5.561e-02      
      2207      3.080e-02      
      2208      1.761e-02      
      2209      1.100e-02      
      2210      7.440e-03      
      2405      1.362e-02      
      2406      1.609e-02      
      2408      1.126e-02      
      2409      6.768e-03      
      2560      6.467e-03      
      2561      1.993e-02      
      2562      4.920e-02      
      2563      9.789e-02      
      2564      1.584e-01      
      2565      2.114e-01      
      2566      2.365e-01      
      2567      2.266e-01      
      2568      1.904e-01      
      2569      1.438e-01      
      2570      1.005e-01      
      2571      6.726e-02      
      2572      4.471e-02      
      2573      3.041e-02      
      2574      2.145e-02      
      2575      1.568e-02      
      2576      1.181e-02      
      2579      4.935e-03      
      2580      3.172e-03      
      2770      6.087e-03      
      2771      1.201e-02      
      2772      1.869e-02      
      2773      2.305e-02      
      2775      1.761e-02      
      2776      1.099e-02      
      2777      5.498e-03      
      2778      2.211e-03      
      3341      9.440e-03      
      3342      1.490e-02      
      3347      7.906e-03      
      3348      4.443e-03
3624   4.443e-03