0      0.0      
      1      1.818e-03      
      33      9.104e-03      
      34      2.013e-02      
      35      3.819e-02      
      36      5.920e-02      
      37      7.419e-02      
      38      7.547e-02      
      39      6.316e-02      
      40      4.455e-02      
      41      2.758e-02      
      42      1.597e-02      
      43      9.411e-03      
      44      6.078e-03      
      358      8.365e-03      
      359      2.624e-02      
      360      7.645e-02      
      361      1.879e-01      
      362      3.792e-01      
      363      6.246e-01      
      364      8.407e-01      
      365      9.304e-01      
      366      8.571e-01      
      367      6.703e-01      
      368      4.590e-01      
      369      2.878e-01      
      370      1.751e-01      
      371      1.101e-01      
      372      7.557e-02      
      373      5.826e-02      
      374      5.040e-02      
      375      4.765e-02      
      385      3.862e-02      
      386      3.807e-02      
      395      3.016e-02      
      396      2.884e-02      
      408      3.613e-02      
      409      4.310e-02      
      410      4.919e-02      
      411      5.340e-02      
      413      6.053e-02      
      414      6.628e-02      
      415      7.236e-02      
      416      7.582e-02      
      418      6.885e-02      
      419      6.098e-02      
      420      5.355e-02      
      421      4.830e-02      
      430      3.965e-02      
      431      3.795e-02      
      446      2.963e-02      
      447      2.880e-02      
      482      1.984e-02      
      483      1.965e-02      
      536      1.067e-02      
      537      1.040e-02      
      1060      1.106e-02      
      1061      1.963e-02      
      1062      3.010e-02      
      1063      3.989e-02      
      1064      4.740e-02      
      1065      5.375e-02      
      1066      6.200e-02      
      1067      7.419e-02      
      1068      8.871e-02      
      1069      1.003e-01      
      1071      9.539e-02      
      1072      8.010e-02      
      1073      6.252e-02      
      1074      4.704e-02      
      1075      3.577e-02      
      1076      2.881e-02      
      1077      2.511e-02      
      1099      1.603e-02      
      1100      1.582e-02      
      1152      6.849e-03      
      1153      6.562e-03      
      1204      1.258e-02      
      1205      2.500e-02      
      1206      4.887e-02      
      1207      8.434e-02      
      1208      1.242e-01      
      1209      1.555e-01      
      1210      1.676e-01      
      1211      1.584e-01      
      1212      1.350e-01      
      1213      1.078e-01      
      1214      8.416e-02      
      1215      6.665e-02      
      1216      5.450e-02      
      1217      4.600e-02      
      1218      3.984e-02      
      1220      3.190e-02      
      1221      2.943e-02      
      1245      2.042e-02      
      1246      1.991e-02      
      1278      1.083e-02      
      1279      1.071e-02      
      1677      1.193e-02      
      1678      2.076e-02      
      1679      3.151e-02      
      1680      4.047e-02      
      1681      4.401e-02      
      1682      4.130e-02      
      1683      3.469e-02      
      1684      2.755e-02      
      1685      2.208e-02      
      1690      1.318e-02      
      1691      1.222e-02      
      1848      3.272e-03      
      1849      3.091e-03      
      2093      8.535e-03      
      2094      1.748e-02      
      2095      3.239e-02      
      2096      5.023e-02      
      2097      6.373e-02      
      2099      5.713e-02      
      2100      4.208e-02      
      2101      2.775e-02      
      2102      1.763e-02      
      2103      1.172e-02      
      2104      8.526e-03      
      2194      1.230e-02      
      2195      3.154e-02      
      2196      7.485e-02      
      2197      1.552e-01      
      2198      2.781e-01      
      2199      4.311e-01      
      2200      5.783e-01      
      2201      6.701e-01      
      2202      6.715e-01      
      2203      5.867e-01      
      2204      4.565e-01      
      2205      3.287e-01      
      2206      2.310e-01      
      2207      1.672e-01      
      2208      1.284e-01      
      2209      1.046e-01      
      2210      8.910e-02      
      2211      7.819e-02      
      2212      7.009e-02      
      2213      6.396e-02      
      2215      5.623e-02      
      2216      5.408e-02      
      2222      4.579e-02      
      2223      4.398e-02      
      2230      3.526e-02      
      2231      3.436e-02      
      2248      2.536e-02      
      2249      2.516e-02      
      2294      1.637e-02      
      2295      1.606e-02      
      2387      7.074e-03      
      2388      6.932e-03      
      2404      1.412e-02      
      2405      1.702e-02      
      2439      7.980e-03      
      2440      7.818e-03      
      2560      1.137e-02      
      2561      3.171e-02      
      2562      8.065e-02      
      2563      1.713e-01      
      2564      2.986e-01      
      2565      4.286e-01      
      2566      5.123e-01      
      2567      5.182e-01      
      2568      4.536e-01      
      2569      3.541e-01      
      2570      2.567e-01      
      2571      1.810e-01      
      2572      1.298e-01      
      2573      9.744e-02      
      2574      7.708e-02      
      2575      6.397e-02      
      2576      5.533e-02      
      2577      4.957e-02      
      2580      4.098e-02      
      2581      3.923e-02      
      2588      3.067e-02      
      2589      2.976e-02      
      2615      2.092e-02      
      2616      2.049e-02      
      2658      1.167e-02      
      2659      1.126e-02      
      2770      1.971e-02      
      2771      3.491e-02      
      2772      5.439e-02      
      2773      7.203e-02      
      2776      6.573e-02      
      2777      5.086e-02      
      2778      3.793e-02      
      2779      2.885e-02      
      2780      2.330e-02      
      2800      1.429e-02      
      2801      1.382e-02      
      2881      4.749e-03      
      2882      4.639e-03      
      2946      1.233e-02      
      2947      1.451e-02      
      2957      5.553e-03      
      2958      5.003e-03      
      3273      1.066e-02      
      3274      1.934e-02      
      3275      2.938e-02      
      3279      2.299e-02      
      3280      1.518e-02      
      3282      6.542e-03      
      3283      4.791e-03      
      3339      9.400e-03      
      3340      1.979e-02      
      3341      3.734e-02      
      3342      5.878e-02      
      3343      7.581e-02      
      3345      7.112e-02      
      3346      5.409e-02      
      3347      3.704e-02      
      3348      2.431e-02      
      3349      1.630e-02      
      3350      1.156e-02      
      3391      1.747e-02      
      3392      2.306e-02      
      3393      2.850e-02      
      3394      3.247e-02      
      3398      2.554e-02      
      3399      2.183e-02      
      3408      1.289e-02      
      3409      1.248e-02      
      3424      2.094e-02      
      3425      2.268e-02      
      3442      1.379e-02      
      3443      1.354e-02      
      3584      4.452e-03      
      3585      4.342e-03
3624   4.342e-03