0      0.0      
      1      8.333e-03      
      2      8.333e-03      
      33      2.375e-02      
      34      4.812e-02      
      35      9.011e-02      
      36      1.433e-01      
      37      1.891e-01      
      38      2.078e-01      
      39      1.937e-01      
      40      1.579e-01      
      41      1.177e-01      
      42      8.442e-02      
      43      6.121e-02      
      44      4.619e-02      
      45      3.653e-02      
      49      2.058e-02      
      50      1.892e-02      
      358      3.369e-02      
      359      8.430e-02      
      360      2.145e-01      
      361      4.909e-01      
      362      9.652e-01      
      363      1.603e+00      
      364      2.238e+00      
      365      2.634e+00      
      366      2.643e+00      
      367      2.306e+00      
      368      1.803e+00      
      369      1.311e+00      
      370      9.239e-01      
      371      6.530e-01      
      372      4.738e-01      
      373      3.575e-01      
      374      2.827e-01      
      375      2.349e-01      
      376      2.045e-01      
      377      1.849e-01      
      378      1.723e-01      
      379      1.641e-01      
      383      1.480e-01      
      384      1.451e-01      
      402      1.292e-01      
      403      1.277e-01      
      407      1.339e-01      
      408      1.451e-01      
      409      1.594e-01      
      410      1.729e-01      
      412      1.893e-01      
      413      1.976e-01      
      414      2.095e-01      
      415      2.220e-01      
      418      2.171e-01      
      419      2.042e-01      
      420      1.926e-01      
      421      1.845e-01      
      426      1.690e-01      
      427      1.636e-01      
      431      1.481e-01      
      432      1.464e-01      
      444      1.303e-01      
      445      1.290e-01      
      457      1.126e-01      
      458      1.121e-01      
      514      9.555e-02      
      515      9.479e-02      
      551      7.852e-02      
      552      7.791e-02      
      594      6.195e-02      
      595      6.100e-02      
      665      4.456e-02      
      666      4.416e-02      
      768      2.773e-02      
      769      2.733e-02      
      966      1.100e-02      
      967      1.067e-02      
      1059      2.204e-02      
      1060      4.065e-02      
      1061      7.274e-02      
      1062      1.148e-01      
      1063      1.563e-01      
      1064      1.881e-01      
      1065      2.109e-01      
      1066      2.348e-01      
      1067      2.687e-01      
      1068      3.114e-01      
      1069      3.493e-01      
      1071      3.526e-01      
      1072      3.140e-01      
      1073      2.632e-01      
      1074      2.136e-01      
      1075      1.736e-01      
      1076      1.452e-01      
      1077      1.271e-01      
      1078      1.165e-01      
      1079      1.104e-01      
      1099      9.489e-02      
      1100      9.352e-02      
      1144      7.741e-02      
      1145      7.672e-02      
      1194      6.074e-02      
      1195      5.956e-02      
      1204      6.999e-02      
      1205      9.860e-02      
      1206      1.532e-01      
      1207      2.341e-01      
      1208      3.246e-01      
      1209      3.963e-01      
      1210      4.251e-01      
      1211      4.061e-01      
      1212      3.540e-01      
      1213      2.910e-01      
      1214      2.339e-01      
      1215      1.904e-01      
      1216      1.603e-01      
      1217      1.406e-01      
      1218      1.281e-01      
      1219      1.201e-01      
      1223      1.039e-01      
      1224      1.032e-01      
      1266      8.773e-02      
      1267      8.650e-02      
      1293      7.026e-02      
      1294      6.897e-02      
      1340      5.240e-02      
      1341      5.158e-02      
      1449      3.494e-02      
      1450      3.483e-02      
      1605      1.853e-02      
      1606      1.813e-02      
      1675      2.988e-02      
      1676      5.476e-02      
      1677      9.936e-02      
      1678      1.590e-01      
      1679      2.154e-01      
      1680      2.462e-01      
      1681      2.408e-01      
      1682      2.071e-01      
      1683      1.627e-01      
      1684      1.224e-01      
      1685      9.248e-02      
      1686      7.291e-02      
      1687      6.102e-02      
      1688      5.399e-02      
      1746      3.751e-02      
      1747      3.645e-02      
      1821      2.000e-02      
      1822      1.969e-02      
      1982      3.338e-02      
      1983      5.154e-02      
      1984      7.393e-02      
      1985      9.377e-02      
      1988      8.754e-02      
      1989      7.148e-02      
      1990      5.753e-02      
      1991      4.764e-02      
      1997      3.109e-02      
      1998      3.040e-02      
      2092      2.645e-02      
      2093      4.902e-02      
      2094      1.017e-01      
      2095      1.958e-01      
      2096      3.212e-01      
      2097      4.399e-01      
      2098      5.051e-01      
      2099      4.941e-01      
      2100      4.223e-01      
      2101      3.254e-01      
      2102      2.344e-01      
      2103      1.643e-01      
      2104      1.166e-01      
      2105      8.679e-02      
      2106      6.902e-02      
      2108      5.238e-02      
      2109      4.860e-02      
      2153      3.198e-02      
      2154      3.167e-02      
      2193      3.836e-02      
      2194      5.699e-02      
      2195      1.070e-01      
      2196      2.225e-01      
      2197      4.444e-01      
      2198      7.959e-01      
      2199      1.249e+00      
      2200      1.708e+00      
      2201      2.038e+00      
      2202      2.131e+00      
      2203      1.974e+00      
      2204      1.649e+00      
      2205      1.277e+00      
      2206      9.517e-01      
      2207      7.082e-01      
      2208      5.423e-01      
      2209      4.341e-01      
      2210      3.647e-01      
      2211      3.202e-01      
      2212      2.915e-01      
      2213      2.727e-01      
      2214      2.606e-01      
      2215      2.530e-01      
      2219      2.364e-01      
      2220      2.328e-01      
      2225      2.192e-01      
      2226      2.155e-01      
      2232      1.997e-01      
      2233      1.987e-01      
      2250      1.848e-01      
      2251      1.817e-01      
      2262      1.656e-01      
      2263      1.643e-01      
      2272      1.482e-01      
      2273      1.456e-01      
      2285      1.294e-01      
      2286      1.280e-01      
      2301      1.121e-01      
      2302      1.109e-01      
      2337      9.443e-02      
      2338      9.372e-02      
      2349      7.761e-02      
      2350      7.664e-02      
      2402      8.758e-02      
      2403      1.271e-01      
      2404      1.966e-01      
      2405      2.863e-01      
      2406      3.667e-01      
      2407      4.051e-01      
      2408      3.897e-01      
      2409      3.356e-01      
      2410      2.689e-01      
      2411      2.096e-01      
      2412      1.655e-01      
      2413      1.361e-01      
      2414      1.178e-01      
      2415      1.067e-01      
      2416      1.000e-01      
      2444      8.383e-02      
      2445      8.278e-02      
      2488      6.627e-02      
      2489      6.563e-02      
      2542      4.909e-02      
      2543      4.879e-02      
      2559      5.614e-02      
      2560      7.938e-02      
      2561      1.433e-01      
      2562      2.815e-01      
      2563      5.153e-01      
      2564      8.215e-01      
      2565      1.122e+00      
      2566      1.323e+00      
      2567      1.370e+00      
      2568      1.276e+00      
      2569      1.102e+00      
      2570      9.071e-01      
      2571      7.333e-01      
      2572      5.955e-01      
      2573      4.932e-01      
      2574      4.195e-01      
      2575      3.667e-01      
      2576      3.284e-01      
      2577      3.003e-01      
      2578      2.798e-01      
      2579      2.647e-01      
      2580      2.535e-01      
      2582      2.380e-01      
      2583      2.320e-01      
      2585      2.197e-01      
      2586      2.134e-01      
      2593      1.970e-01      
      2594      1.961e-01      
      2610      1.804e-01      
      2611      1.768e-01      
      2621      1.606e-01      
      2622      1.595e-01      
      2633      1.441e-01      
      2634      1.417e-01      
      2647      1.255e-01      
      2648      1.250e-01      
      2659      1.089e-01      
      2660      1.067e-01      
      2706      9.220e-02      
      2707      8.998e-02      
      2730      7.411e-02      
      2731      7.310e-02      
      2769      7.175e-02      
      2770      9.510e-02      
      2771      1.366e-01      
      2772      1.913e-01      
      2773      2.420e-01      
      2774      2.675e-01      
      2775      2.587e-01      
      2776      2.240e-01      
      2777      1.806e-01      
      2778      1.426e-01      
      2779      1.153e-01      
      2780      9.819e-02      
      2782      8.263e-02      
      2783      7.964e-02      
      2824      6.373e-02      
      2825      6.293e-02      
      2898      4.667e-02      
      2899      4.617e-02      
      3021      2.969e-02      
      3022      2.935e-02      
      3141      1.269e-02      
      3142      1.240e-02      
      3273      2.637e-02      
      3274      4.089e-02      
      3275      5.876e-02      
      3276      7.391e-02      
      3277      8.037e-02      
      3279      6.690e-02      
      3280      5.572e-02      
      3282      3.995e-02      
      3283      3.561e-02      
      3313      1.905e-02      
      3314      1.866e-02      
      3339      2.663e-02      
      3340      4.639e-02      
      3341      8.212e-02      
      3342      1.305e-01      
      3343      1.773e-01      
      3344      2.039e-01      
      3345      2.007e-01      
      3346      1.732e-01      
      3347      1.362e-01      
      3348      1.026e-01      
      3349      7.809e-02      
      3350      6.228e-02      
      3351      5.258e-02      
      3390      6.013e-02      
      3391      7.492e-02      
      3392      8.906e-02      
      3393      9.888e-02      
      3396      9.096e-02      
      3397      8.080e-02      
      3398      7.111e-02      
      3399      6.334e-02      
      3406      4.683e-02      
      3407      4.637e-02      
      3424      5.949e-02      
      3425      6.464e-02      
      3455      4.888e-02      
      3456      4.779e-02      
      3615      3.129e-02      
      3616      3.100e-02
3624   3.100e-02