0      0.0      
      1      0.000e+00      
      36      4.046e-03      
      37      5.161e-03      
      42      2.299e-03      
      43      1.706e-03      
      358      2.220e-03      
      359      7.329e-03      
      360      1.947e-02      
      361      4.215e-02      
      362      7.546e-02      
      363      1.134e-01      
      364      1.451e-01      
      365      1.597e-01      
      366      1.527e-01      
      367      1.284e-01      
      368      9.633e-02      
      369      6.576e-02      
      370      4.170e-02      
      371      2.514e-02      
      372      1.479e-02      
      373      8.784e-03      
      374      5.420e-03      
      375      3.540e-03      
      391      1.380e-04      
      392      7.732e-05      
      419      1.685e-03      
      420      3.867e-03      
      421      7.531e-03      
      422      1.192e-02      
      423      1.529e-02      
      424      1.609e-02      
      425      1.420e-02      
      426      1.090e-02      
      427      7.615e-03      
      428      5.118e-03      
      431      1.778e-03      
      432      1.351e-03      
      448      3.415e-03      
      449      4.824e-03      
      450      7.383e-03      
      451      1.053e-02      
      455      8.070e-03      
      456      5.535e-03      
      458      2.580e-03      
      459      1.854e-03      
      1061      3.786e-03      
      1062      7.346e-03      
      1063      1.348e-02      
      1064      2.340e-02      
      1065      3.756e-02      
      1066      5.459e-02      
      1067      7.126e-02      
      1068      8.345e-02      
      1069      8.755e-02      
      1070      8.202e-02      
      1071      6.843e-02      
      1072      5.098e-02      
      1073      3.431e-02      
      1074      2.139e-02      
      1075      1.284e-02      
      1076      7.772e-03      
      1077      4.910e-03      
      1078      3.279e-03      
      1204      3.518e-03      
      1205      8.847e-03      
      1206      1.869e-02      
      1207      3.251e-02      
      1208      4.664e-02      
      1209      5.563e-02      
      1210      5.582e-02      
      1211      4.787e-02      
      1212      3.589e-02      
      1213      2.440e-02      
      1214      1.580e-02      
      1215      1.027e-02      
      1216      6.880e-03      
      1217      4.761e-03      
      1221      1.545e-03      
      1222      1.280e-03      
      1526      3.782e-03      
      1527      9.559e-03      
      1528      2.092e-02      
      1529      3.847e-02      
      1530      5.825e-02      
      1531      7.209e-02      
      1532      7.321e-02      
      1533      6.191e-02      
      1534      4.476e-02      
      1535      2.878e-02      
      1536      1.731e-02      
      1537      1.028e-02      
      1538      6.302e-03      
      1539      4.082e-03      
      1540      2.806e-03      
      1570      5.555e-03      
      1571      1.098e-02      
      1572      1.725e-02      
      1573      2.175e-02      
      1575      1.913e-02      
      1576      1.415e-02      
      1577      9.509e-03      
      1578      6.165e-03      
      1579      4.065e-03      
      1585      7.452e-04      
      1586      6.058e-04      
      1983      2.517e-03      
      1984      4.522e-03      
      1994      1.077e-03      
      1995      8.660e-04      
      2093      2.230e-03      
      2094      5.815e-03      
      2095      1.211e-02      
      2096      2.029e-02      
      2097      2.762e-02      
      2099      2.907e-02      
      2100      2.341e-02      
      2101      1.670e-02      
      2102      1.100e-02      
      2103      7.040e-03      
      2104      4.579e-03      
      2105      3.111e-03      
      2194      3.891e-03      
      2195      9.276e-03      
      2196      1.862e-02      
      2197      3.216e-02      
      2198      4.874e-02      
      2199      6.578e-02      
      2200      7.932e-02      
      2201      8.496e-02      
      2202      8.016e-02      
      2203      6.641e-02      
      2204      4.866e-02      
      2205      3.216e-02      
      2206      1.981e-02      
      2207      1.186e-02      
      2208      7.218e-03      
      2209      4.603e-03      
      2210      3.112e-03      
      2394      3.610e-03      
      2395      9.614e-03      
      2396      2.050e-02      
      2397      3.527e-02      
      2398      4.948e-02      
      2399      5.734e-02      
      2400      5.588e-02      
      2401      4.682e-02      
      2402      3.464e-02      
      2403      2.336e-02      
      2404      1.487e-02      
      2405      9.312e-03      
      2406      6.041e-03      
      2407      4.322e-03      
      2416      9.133e-04      
      2417      7.369e-04      
      2561      2.564e-03      
      2562      8.061e-03      
      2563      2.035e-02      
      2564      4.155e-02      
      2565      6.925e-02      
      2566      9.546e-02      
      2567      1.107e-01      
      2568      1.100e-01      
      2569      9.541e-02      
      2570      7.345e-02      
      2571      5.095e-02      
      2572      3.247e-02      
      2573      1.958e-02      
      2574      1.163e-02      
      2575      7.082e-03      
      2576      4.545e-03      
      2577      3.092e-03      
      2770      3.311e-03      
      2771      7.501e-03      
      2772      1.356e-02      
      2773      1.961e-02      
      2776      1.733e-02      
      2777      1.197e-02      
      2778      7.621e-03      
      2779      4.808e-03      
      2780      3.177e-03      
      2945      5.222e-03      
      2946      8.024e-03      
      2950      5.944e-03      
      2951      4.019e-03      
      2958      5.935e-04      
      2959      4.974e-04      
      3340      2.861e-03      
      3341      5.930e-03      
      3342      9.843e-03      
      3343      1.319e-02      
      3344      1.447e-02      
      3345      1.323e-02      
      3346      1.039e-02      
      3347      7.344e-03      
      3348      4.934e-03      
      3351      1.699e-03      
      3352      1.295e-03
3624   1.295e-03