0      0.0      
      1      4.348e-04      
      33      2.904e-03      
      34      6.355e-03      
      35      1.175e-02      
      36      1.773e-02      
      39      1.773e-02      
      40      1.232e-02      
      41      7.599e-03      
      42      4.520e-03      
      43      2.925e-03      
      358      5.425e-03      
      359      1.195e-02      
      360      2.655e-02      
      361      5.311e-02      
      362      9.205e-02      
      363      1.363e-01      
      364      1.705e-01      
      365      1.789e-01      
      366      1.567e-01      
      367      1.158e-01      
      368      7.487e-02      
      369      4.609e-02      
      370      3.093e-02      
      371      2.487e-02      
      381      2.072e-02      
      382      2.037e-02      
      398      1.609e-02      
      399      1.580e-02      
      455      1.159e-02      
      456      1.145e-02      
      497      7.133e-03      
      498      7.059e-03      
      697      2.783e-03      
      698      2.706e-03      
      1065      7.002e-03      
      1066      7.112e-03      
      1207      1.007e-02      
      1208      1.212e-02      
      1229      7.786e-03      
      1230      7.730e-03      
      1347      3.435e-03      
      1348      3.381e-03      
      2038      5.184e-03      
      2039      1.156e-02      
      2040      2.170e-02      
      2041      3.290e-02      
      2042      3.993e-02      
      2043      3.888e-02      
      2044      3.072e-02      
      2045      2.012e-02      
      2046      1.138e-02      
      2047      6.014e-03      
      2093      5.425e-03      
      2094      1.054e-02      
      2095      1.877e-02      
      2096      2.790e-02      
      2097      3.366e-02      
      2098      3.286e-02      
      2099      2.623e-02      
      2100      1.758e-02      
      2101      1.045e-02      
      2102      6.085e-03      
      2187      7.635e-03      
      2188      1.468e-02      
      2189      2.987e-02      
      2190      5.396e-02      
      2191      8.053e-02      
      2192      9.730e-02      
      2193      9.535e-02      
      2194      7.722e-02      
      2195      5.434e-02      
      2196      3.720e-02      
      2197      2.941e-02      
      2199      3.235e-02      
      2200      3.671e-02      
      2201      4.058e-02      
      2202      4.312e-02      
      2207      4.535e-02      
      2208      4.802e-02      
      2209      5.097e-02      
      2210      5.326e-02      
      2216      4.949e-02      
      2217      4.836e-02      
      2220      4.453e-02      
      2221      4.309e-02      
      2224      3.900e-02      
      2225      3.786e-02      
      2229      3.367e-02      
      2230      3.266e-02      
      2234      2.837e-02      
      2235      2.730e-02      
      2240      2.350e-02      
      2241      2.292e-02      
      2249      1.876e-02      
      2250      1.832e-02      
      2267      1.400e-02      
      2268      1.382e-02      
      2301      9.483e-03      
      2302      9.391e-03      
      2546      5.043e-03      
      2547      4.941e-03      
      2560      6.690e-03      
      2561      9.433e-03      
      2562      1.315e-02      
      2563      1.698e-02      
      2569      1.398e-02      
      2570      1.242e-02      
      2623      8.147e-03      
      2624      8.042e-03      
      2666      1.078e-02      
      2667      1.478e-02      
      2668      1.918e-02      
      2671      1.854e-02      
      2672      1.455e-02      
      2673      1.128e-02      
      2674      9.303e-03      
      2788      5.027e-03      
      2789      4.912e-03      
      3256      6.088e-04      
      3257      5.323e-04      
      3270      2.617e-03      
      3271      5.834e-03      
      3272      1.096e-02      
      3273      1.668e-02      
      3276      1.637e-02      
      3277      1.126e-02      
      3278      6.926e-03      
      3279      4.168e-03      
      3412      5.340e-03      
      3413      8.531e-03      
      3414      1.236e-02      
      3415      1.529e-02      
      3418      1.102e-02      
      3419      8.246e-03      
      3590      3.908e-03      
      3591      3.896e-03
3624   3.896e-03