0      0.0      
      1      1.800e-02      
      2      1.800e-02      
      33      3.534e-02      
      34      6.361e-02      
      35      1.141e-01      
      36      1.815e-01      
      37      2.457e-01      
      38      2.819e-01      
      39      2.785e-01      
      40      2.440e-01      
      41      1.970e-01      
      42      1.526e-01      
      43      1.174e-01      
      44      9.159e-02      
      45      7.338e-02      
      46      6.092e-02      
      49      4.337e-02      
      50      4.071e-02      
      150      5.527e-02      
      151      6.106e-02      
      167      4.270e-02      
      168      3.791e-02      
      180      5.540e-02      
      181      5.819e-02      
      187      4.097e-02      
      188      3.621e-02      
      358      5.265e-02      
      359      1.101e-01      
      360      2.587e-01      
      361      5.803e-01      
      362      1.153e+00      
      363      1.966e+00      
      364      2.841e+00      
      365      3.469e+00      
      366      3.604e+00      
      367      3.237e+00      
      368      2.584e+00      
      369      1.908e+00      
      370      1.370e+00      
      371      1.005e+00      
      372      7.778e-01      
      373      6.402e-01      
      374      5.554e-01      
      375      5.011e-01      
      376      4.642e-01      
      377      4.365e-01      
      378      4.130e-01      
      379      3.911e-01      
      380      3.705e-01      
      381      3.517e-01      
      382      3.357e-01      
      383      3.229e-01      
      384      3.133e-01      
      387      2.971e-01      
      388      2.923e-01      
      391      2.762e-01      
      392      2.716e-01      
      397      2.549e-01      
      398      2.497e-01      
      402      2.303e-01      
      403      2.277e-01      
      407      2.422e-01      
      408      2.670e-01      
      409      3.039e-01      
      410      3.462e-01      
      411      3.846e-01      
      412      4.143e-01      
      413      4.386e-01      
      414      4.651e-01      
      415      4.973e-01      
      416      5.305e-01      
      417      5.540e-01      
      419      5.416e-01      
      420      5.098e-01      
      421      4.720e-01      
      422      4.362e-01      
      423      4.066e-01      
      424      3.838e-01      
      425      3.658e-01      
      426      3.497e-01      
      427      3.339e-01      
      428      3.187e-01      
      429      3.058e-01      
      430      2.962e-01      
      434      2.788e-01      
      435      2.741e-01      
      438      2.582e-01      
      439      2.540e-01      
      449      2.359e-01      
      450      2.329e-01      
      456      2.143e-01      
      457      2.119e-01      
      468      1.931e-01      
      469      1.901e-01      
      476      1.718e-01      
      477      1.699e-01      
      505      1.892e-01      
      506      1.995e-01      
      512      1.812e-01      
      513      1.772e-01      
      522      1.575e-01      
      523      1.561e-01      
      539      1.375e-01      
      540      1.360e-01      
      571      1.181e-01      
      572      1.141e-01      
      620      9.435e-02      
      621      9.398e-02      
      681      7.405e-02      
      682      7.356e-02      
      803      5.399e-02      
      804      5.340e-02      
      969      3.353e-02      
      970      3.293e-02      
      1059      4.142e-02      
      1060      7.028e-02      
      1061      1.230e-01      
      1062      1.967e-01      
      1063      2.743e-01      
      1064      3.354e-01      
      1065      3.738e-01      
      1066      4.039e-01      
      1067      4.473e-01      
      1068      5.130e-01      
      1069      5.886e-01      
      1070      6.487e-01      
      1071      6.719e-01      
      1072      6.524e-01      
      1073      6.006e-01      
      1074      5.339e-01      
      1075      4.677e-01      
      1076      4.112e-01      
      1077      3.672e-01      
      1078      3.347e-01      
      1079      3.109e-01      
      1080      2.926e-01      
      1081      2.770e-01      
      1082      2.619e-01      
      1083      2.467e-01      
      1084      2.321e-01      
      1085      2.194e-01      
      1087      2.027e-01      
      1088      1.980e-01      
      1095      1.783e-01      
      1096      1.766e-01      
      1116      1.570e-01      
      1117      1.555e-01      
      1132      1.367e-01      
      1133      1.353e-01      
      1156      1.174e-01      
      1157      1.151e-01      
      1174      9.569e-02      
      1175      9.353e-02      
      1204      9.705e-02      
      1205      1.235e-01      
      1206      1.791e-01      
      1207      2.720e-01      
      1208      3.949e-01      
      1209      5.219e-01      
      1210      6.193e-01      
      1211      6.647e-01      
      1212      6.577e-01      
      1213      6.151e-01      
      1214      5.578e-01      
      1215      5.004e-01      
      1216      4.496e-01      
      1217      4.063e-01      
      1218      3.701e-01      
      1219      3.401e-01      
      1220      3.159e-01      
      1221      2.964e-01      
      1222      2.804e-01      
      1223      2.666e-01      
      1224      2.549e-01      
      1226      2.386e-01      
      1227      2.338e-01      
      1236      2.144e-01      
      1237      2.120e-01      
      1241      1.933e-01      
      1242      1.884e-01      
      1249      1.705e-01      
      1250      1.671e-01      
      1259      1.488e-01      
      1260      1.454e-01      
      1278      1.260e-01      
      1279      1.237e-01      
      1288      1.045e-01      
      1289      1.027e-01      
      1358      8.305e-02      
      1359      8.217e-02      
      1370      9.868e-02      
      1371      1.190e-01      
      1372      1.463e-01      
      1373      1.727e-01      
      1378      1.551e-01      
      1379      1.417e-01      
      1380      1.296e-01      
      1381      1.193e-01      
      1385      1.003e-01      
      1386      9.901e-02      
      1424      7.902e-02      
      1425      7.851e-02      
      1532      9.719e-02      
      1533      1.022e-01      
      1538      8.435e-02      
      1539      8.060e-02      
      1602      6.102e-02      
      1603      6.051e-02      
      1680      7.934e-02      
      1681      8.294e-02      
      1686      6.356e-02      
      1687      6.077e-02      
      1791      4.101e-02      
      1792      4.055e-02      
      1982      5.633e-02      
      1983      8.301e-02      
      1984      1.135e-01      
      1985      1.387e-01      
      1988      1.351e-01      
      1989      1.171e-01      
      1990      9.953e-02      
      1991      8.515e-02      
      1993      6.659e-02      
      1994      6.047e-02      
      2007      4.072e-02      
      2008      4.043e-02      
      2042      5.500e-02      
      2043      6.375e-02      
      2064      4.381e-02      
      2065      4.358e-02      
      2092      4.994e-02      
      2093      7.110e-02      
      2094      1.201e-01      
      2095      2.074e-01      
      2096      3.240e-01      
      2097      4.353e-01      
      2098      4.985e-01      
      2099      4.931e-01      
      2100      4.327e-01      
      2101      3.495e-01      
      2102      2.711e-01      
      2103      2.099e-01      
      2104      1.664e-01      
      2105      1.364e-01      
      2106      1.154e-01      
      2107      1.009e-01      
      2108      9.102e-02      
      2123      7.102e-02      
      2124      7.086e-02      
      2192      8.505e-02      
      2193      9.602e-02      
      2194      1.123e-01      
      2195      1.443e-01      
      2196      2.144e-01      
      2197      3.575e-01      
      2198      6.129e-01      
      2199      1.003e+00      
      2200      1.499e+00      
      2201      2.000e+00      
      2202      2.353e+00      
      2203      2.439e+00      
      2204      2.252e+00      
      2205      1.896e+00      
      2206      1.509e+00      
      2207      1.187e+00      
      2208      9.575e-01      
      2209      8.082e-01      
      2210      7.122e-01      
      2211      6.471e-01      
      2212      5.991e-01      
      2213      5.608e-01      
      2214      5.286e-01      
      2215      5.004e-01      
      2216      4.749e-01      
      2217      4.513e-01      
      2218      4.290e-01      
      2219      4.081e-01      
      2220      3.889e-01      
      2221      3.723e-01      
      2222      3.583e-01      
      2223      3.464e-01      
      2224      3.357e-01      
      2225      3.255e-01      
      2227      3.079e-01      
      2228      3.012e-01      
      2233      2.823e-01      
      2234      2.797e-01      
      2241      2.629e-01      
      2242      2.576e-01      
      2246      2.400e-01      
      2247      2.375e-01      
      2255      2.205e-01      
      2256      2.168e-01      
      2267      1.987e-01      
      2268      1.960e-01      
      2275      1.765e-01      
      2276      1.748e-01      
      2291      1.559e-01      
      2292      1.541e-01      
      2318      1.351e-01      
      2319      1.332e-01      
      2324      1.137e-01      
      2325      1.115e-01      
      2394      1.172e-01      
      2395      1.447e-01      
      2396      1.870e-01      
      2397      2.362e-01      
      2398      2.778e-01      
      2399      2.993e-01      
      2403      2.921e-01      
      2404      3.340e-01      
      2405      4.026e-01      
      2406      4.812e-01      
      2407      5.479e-01      
      2408      5.878e-01      
      2410      5.800e-01      
      2411      5.431e-01      
      2412      4.953e-01      
      2413      4.454e-01      
      2414      3.994e-01      
      2415      3.599e-01      
      2416      3.275e-01      
      2417      3.017e-01      
      2418      2.818e-01      
      2419      2.667e-01      
      2420      2.552e-01      
      2421      2.465e-01      
      2425      2.282e-01      
      2426      2.256e-01      
      2431      2.087e-01      
      2432      2.048e-01      
      2437      1.872e-01      
      2438      1.844e-01      
      2454      1.648e-01      
      2455      1.619e-01      
      2468      1.422e-01      
      2469      1.418e-01      
      2498      1.227e-01      
      2499      1.211e-01      
      2511      1.014e-01      
      2512      1.009e-01      
      2559      1.083e-01      
      2560      1.336e-01      
      2561      1.794e-01      
      2562      2.553e-01      
      2563      3.713e-01      
      2564      5.301e-01      
      2565      7.144e-01      
      2566      8.850e-01      
      2567      9.981e-01      
      2568      1.030e+00      
      2569      9.889e-01      
      2570      9.036e-01      
      2571      8.058e-01      
      2572      7.154e-01      
      2573      6.395e-01      
      2574      5.775e-01      
      2575      5.263e-01      
      2576      4.827e-01      
      2577      4.448e-01      
      2578      4.116e-01      
      2579      3.831e-01      
      2580      3.595e-01      
      2581      3.405e-01      
      2582      3.251e-01      
      2583      3.122e-01      
      2584      3.009e-01      
      2585      2.904e-01      
      2586      2.807e-01      
      2588      2.646e-01      
      2589      2.589e-01      
      2594      2.404e-01      
      2595      2.369e-01      
      2602      2.182e-01      
      2603      2.163e-01      
      2614      1.964e-01      
      2615      1.942e-01      
      2625      1.760e-01      
      2626      1.740e-01      
      2634      1.556e-01      
      2635      1.529e-01      
      2653      1.335e-01      
      2654      1.294e-01      
      2670      1.448e-01      
      2671      1.534e-01      
      2678      1.346e-01      
      2679      1.290e-01      
      2688      1.105e-01      
      2689      1.087e-01      
      2753      8.877e-02      
      2754      8.789e-02      
      2770      1.001e-01      
      2771      1.153e-01      
      2772      1.367e-01      
      2773      1.598e-01      
      2774      1.781e-01      
      2775      1.869e-01      
      2777      1.775e-01      
      2778      1.657e-01      
      2779      1.528e-01      
      2780      1.406e-01      
      2782      1.228e-01      
      2783      1.171e-01      
      2795      9.797e-02      
      2796      9.702e-02      
      2892      7.727e-02      
      2893      7.660e-02      
      3005      5.683e-02      
      3006      5.646e-02      
      3170      3.648e-02      
      3171      3.644e-02      
      3273      4.601e-02      
      3274      5.860e-02      
      3275      7.136e-02      
      3276      8.071e-02      
      3280      6.765e-02      
      3281      6.066e-02      
      3290      4.144e-02      
      3291      4.046e-02      
      3342      5.104e-02      
      3343      6.594e-02      
      3344      8.151e-02      
      3345      9.301e-02      
      3349      7.812e-02      
      3350      7.039e-02      
      3354      5.202e-02      
      3355      4.948e-02      
      3389      6.700e-02      
      3390      8.193e-02      
      3391      1.023e-01      
      3392      1.246e-01      
      3393      1.442e-01      
      3394      1.574e-01      
      3398      1.437e-01      
      3399      1.316e-01      
      3400      1.195e-01      
      3401      1.092e-01      
      3405      9.000e-02      
      3406      8.804e-02      
      3452      6.807e-02      
      3453      6.788e-02      
      3538      7.741e-02      
      3539      8.835e-02      
      3541      1.066e-01      
      3542      1.115e-01      
      3553      9.223e-02      
      3554      8.911e-02      
      3584      6.972e-02      
      3585      6.878e-02
3624   6.878e-02