0      0.0      
      1      5.625e-03      
      29      7.689e-03      
      30      7.736e-03      
      32      8.418e-03      
      33      9.975e-03      
      34      1.341e-02      
      35      1.903e-02      
      36      2.558e-02      
      37      3.027e-02      
      38      3.077e-02      
      39      2.709e-02      
      40      2.144e-02      
      41      1.621e-02      
      42      1.253e-02      
      43      1.036e-02      
      46      8.276e-03      
      47      8.097e-03      
      120      6.049e-03      
      121      5.919e-03      
      358      7.736e-03      
      359      1.209e-02      
      360      2.243e-02      
      361      4.308e-02      
      362      7.748e-02      
      363      1.239e-01      
      364      1.718e-01      
      365      2.051e-01      
      366      2.113e-01      
      367      1.906e-01      
      368      1.538e-01      
      369      1.146e-01      
      370      8.181e-02      
      371      5.848e-02      
      372      4.356e-02      
      373      3.457e-02      
      374      2.919e-02      
      375      2.583e-02      
      376      2.359e-02      
      377      2.197e-02      
      378      2.076e-02      
      381      1.884e-02      
      382      1.864e-02      
      405      2.035e-02      
      406      2.078e-02      
      407      2.177e-02      
      408      2.347e-02      
      409      2.566e-02      
      410      2.780e-02      
      411      2.950e-02      
      412      3.106e-02      
      413      3.328e-02      
      414      3.667e-02      
      415      4.071e-02      
      416      4.398e-02      
      418      4.434e-02      
      419      4.190e-02      
      420      3.892e-02      
      421      3.614e-02      
      422      3.388e-02      
      423      3.222e-02      
      424      3.105e-02      
      426      2.940e-02      
      427      2.867e-02      
      432      2.667e-02      
      433      2.645e-02      
      454      2.438e-02      
      455      2.431e-02      
      474      2.246e-02      
      475      2.201e-02      
      515      2.007e-02      
      516      1.960e-02      
      567      1.758e-02      
      568      1.741e-02      
      591      1.534e-02      
      592      1.516e-02      
      713      1.312e-02      
      714      1.287e-02      
      799      1.079e-02      
      800      1.075e-02      
      909      8.814e-03      
      910      8.575e-03      
      1059      9.508e-03      
      1060      1.198e-02      
      1061      1.621e-02      
      1062      2.166e-02      
      1063      2.695e-02      
      1064      3.107e-02      
      1065      3.461e-02      
      1066      3.942e-02      
      1067      4.679e-02      
      1068      5.595e-02      
      1069      6.411e-02      
      1070      6.822e-02      
      1071      6.702e-02      
      1072      6.156e-02      
      1073      5.414e-02      
      1074      4.685e-02      
      1075      4.082e-02      
      1076      3.623e-02      
      1077      3.281e-02      
      1078      3.017e-02      
      1079      2.804e-02      
      1080      2.626e-02      
      1081      2.473e-02      
      1082      2.339e-02      
      1083      2.224e-02      
      1085      2.054e-02      
      1086      2.005e-02      
      1094      1.797e-02      
      1095      1.772e-02      
      1147      1.583e-02      
      1148      1.547e-02      
      1203      1.614e-02      
      1204      1.887e-02      
      1205      2.553e-02      
      1206      3.812e-02      
      1207      5.645e-02      
      1208      7.648e-02      
      1209      9.181e-02      
      1210      9.768e-02      
      1211      9.379e-02      
      1212      8.360e-02      
      1213      7.144e-02      
      1214      6.030e-02      
      1215      5.139e-02      
      1216      4.470e-02      
      1217      3.972e-02      
      1218      3.592e-02      
      1219      3.297e-02      
      1220      3.072e-02      
      1221      2.913e-02      
      1222      2.811e-02      
      1226      2.626e-02      
      1227      2.580e-02      
      1238      2.383e-02      
      1239      2.354e-02      
      1261      2.146e-02      
      1262      2.145e-02      
      1270      1.939e-02      
      1271      1.925e-02      
      1336      1.719e-02      
      1337      1.679e-02      
      1373      1.839e-02      
      1374      1.888e-02      
      1382      1.690e-02      
      1383      1.657e-02      
      1401      1.450e-02      
      1402      1.446e-02      
      1437      1.258e-02      
      1438      1.235e-02      
      1650      1.033e-02      
      1651      1.019e-02      
      1674      1.073e-02      
      1675      1.315e-02      
      1676      1.890e-02      
      1677      2.861e-02      
      1678      4.027e-02      
      1679      4.948e-02      
      1680      5.238e-02      
      1681      4.869e-02      
      1682      4.139e-02      
      1683      3.389e-02      
      1684      2.796e-02      
      1685      2.381e-02      
      1686      2.097e-02      
      1687      1.896e-02      
      1688      1.746e-02      
      1689      1.629e-02      
      1690      1.534e-02      
      1694      1.329e-02      
      1695      1.311e-02      
      1701      1.111e-02      
      1702      1.085e-02      
      1713      1.235e-02      
      1714      1.313e-02      
      1725      1.114e-02      
      1726      1.086e-02      
      1869      9.151e-03      
      1870      8.778e-03      
      1982      1.041e-02      
      1983      1.289e-02      
      1984      1.609e-02      
      1985      1.906e-02      
      1988      1.864e-02      
      1989      1.631e-02      
      1990      1.419e-02      
      1991      1.260e-02      
      1992      1.147e-02      
      1995      9.408e-03      
      1996      8.935e-03      
      2092      9.515e-03      
      2093      1.260e-02      
      2094      1.948e-02      
      2095      3.102e-02      
      2096      4.507e-02      
      2097      5.637e-02      
      2098      5.994e-02      
      2099      5.505e-02      
      2100      4.524e-02      
      2101      3.502e-02      
      2102      2.696e-02      
      2103      2.145e-02      
      2104      1.786e-02      
      2105      1.544e-02      
      2106      1.378e-02      
      2107      1.264e-02      
      2120      1.056e-02      
      2121      1.051e-02      
      2182      8.497e-03      
      2183      8.406e-03      
      2192      1.031e-02      
      2193      1.155e-02      
      2194      1.422e-02      
      2195      2.032e-02      
      2196      3.269e-02      
      2197      5.376e-02      
      2198      8.383e-02      
      2199      1.202e-01      
      2200      1.570e-01      
      2201      1.861e-01      
      2202      1.991e-01      
      2203      1.918e-01      
      2204      1.674e-01      
      2205      1.352e-01      
      2206      1.047e-01      
      2207      8.157e-02      
      2208      6.663e-02      
      2209      5.789e-02      
      2210      5.285e-02      
      2211      4.958e-02      
      2212      4.703e-02      
      2213      4.477e-02      
      2214      4.273e-02      
      2215      4.093e-02      
      2216      3.940e-02      
      2217      3.811e-02      
      2219      3.607e-02      
      2220      3.522e-02      
      2222      3.369e-02      
      2223      3.304e-02      
      2226      3.132e-02      
      2227      3.074e-02      
      2243      2.877e-02      
      2244      2.850e-02      
      2248      2.668e-02      
      2249      2.635e-02      
      2279      2.429e-02      
      2280      2.424e-02      
      2323      2.233e-02      
      2324      2.205e-02      
      2346      2.004e-02      
      2347      1.989e-02      
      2369      1.794e-02      
      2370      1.756e-02      
      2401      1.898e-02      
      2402      2.014e-02      
      2403      2.342e-02      
      2404      2.923e-02      
      2405      3.644e-02      
      2406      4.240e-02      
      2407      4.476e-02      
      2408      4.330e-02      
      2409      3.967e-02      
      2410      3.578e-02      
      2411      3.259e-02      
      2412      3.023e-02      
      2413      2.848e-02      
      2414      2.711e-02      
      2415      2.599e-02      
      2416      2.502e-02      
      2419      2.297e-02      
      2420      2.262e-02      
      2427      2.088e-02      
      2428      2.049e-02      
      2444      1.853e-02      
      2445      1.815e-02      
      2487      1.615e-02      
      2488      1.575e-02      
      2535      1.369e-02      
      2536      1.358e-02      
      2559      1.353e-02      
      2560      1.741e-02      
      2561      2.793e-02      
      2562      5.040e-02      
      2563      8.839e-02      
      2564      1.390e-01      
      2565      1.908e-01      
      2566      2.290e-01      
      2567      2.433e-01      
      2568      2.334e-01      
      2569      2.068e-01      
      2570      1.742e-01      
      2571      1.439e-01      
      2572      1.200e-01      
      2573      1.032e-01      
      2574      9.189e-02      
      2575      8.437e-02      
      2576      7.904e-02      
      2577      7.494e-02      
      2578      7.156e-02      
      2579      6.865e-02      
      2580      6.601e-02      
      2581      6.346e-02      
      2582      6.092e-02      
      2583      5.847e-02      
      2584      5.624e-02      
      2585      5.425e-02      
      2586      5.242e-02      
      2587      5.065e-02      
      2588      4.894e-02      
      2589      4.741e-02      
      2590      4.615e-02      
      2592      4.430e-02      
      2593      4.345e-02      
      2595      4.167e-02      
      2596      4.083e-02      
      2598      3.914e-02      
      2599      3.829e-02      
      2604      3.638e-02      
      2605      3.598e-02      
      2608      3.435e-02      
      2609      3.379e-02      
      2615      3.194e-02      
      2616      3.146e-02      
      2636      2.943e-02      
      2637      2.898e-02      
      2646      2.701e-02      
      2647      2.688e-02      
      2661      2.504e-02      
      2662      2.463e-02      
      2669      2.650e-02      
      2670      2.737e-02      
      2683      2.538e-02      
      2684      2.526e-02      
      2698      2.332e-02      
      2699      2.316e-02      
      2727      2.123e-02      
      2728      2.079e-02      
      2744      1.888e-02      
      2745      1.867e-02      
      2769      1.881e-02      
      2770      2.193e-02      
      2771      2.738e-02      
      2772      3.444e-02      
      2773      4.078e-02      
      2774      4.386e-02      
      2775      4.287e-02      
      2776      3.908e-02      
      2777      3.455e-02      
      2778      3.069e-02      
      2779      2.789e-02      
      2780      2.597e-02      
      2781      2.463e-02      
      2783      2.297e-02      
      2784      2.253e-02      
      2794      2.046e-02      
      2795      2.007e-02      
      2805      1.813e-02      
      2806      1.776e-02      
      2829      1.599e-02      
      2830      1.554e-02      
      2917      1.346e-02      
      2918      1.342e-02      
      2926      1.156e-02      
      2927      1.130e-02      
      2946      1.326e-02      
      2947      1.344e-02      
      2955      1.165e-02      
      2956      1.123e-02      
      3044      9.376e-03      
      3045      8.965e-03      
      3273      9.685e-03      
      3274      1.123e-02      
      3275      1.287e-02      
      3276      1.382e-02      
      3278      1.236e-02      
      3279      1.081e-02      
      3281      8.764e-03      
      3282      8.365e-03      
      3339      9.182e-03      
      3340      1.122e-02      
      3341      1.479e-02      
      3342      1.943e-02      
      3343      2.358e-02      
      3345      2.439e-02      
      3346      2.125e-02      
      3347      1.753e-02      
      3348      1.437e-02      
      3349      1.209e-02      
      3350      1.056e-02      
      3351      9.544e-03      
      3389      9.869e-03      
      3390      1.169e-02      
      3391      1.397e-02      
      3392      1.616e-02      
      3397      1.478e-02      
      3398      1.336e-02      
      3400      1.155e-02      
      3401      1.113e-02      
      3453      9.223e-03      
      3454      8.989e-03      
      3538      1.074e-02      
      3539      1.187e-02      
      3543      1.394e-02      
      3544      1.405e-02      
      3551      1.215e-02      
      3552      1.188e-02      
      3569      9.878e-03      
      3570      9.473e-03
3624   9.473e-03