0      0.0      
      1      0.000e+00      
      32      9.558e-03      
      33      2.403e-02      
      34      4.774e-02      
      35      7.535e-02      
      36      9.523e-02      
      37      9.751e-02      
      38      8.238e-02      
      39      5.912e-02      
      40      3.769e-02      
      41      2.271e-02      
      42      1.382e-02      
      43      8.909e-03      
      357      6.220e-03      
      358      2.224e-02      
      359      6.476e-02      
      360      1.547e-01      
      361      3.051e-01      
      362      4.976e-01      
      363      6.723e-01      
      364      7.536e-01      
      365      7.046e-01      
      366      5.561e-01      
      367      3.787e-01      
      368      2.303e-01      
      369      1.313e-01      
      370      7.439e-02      
      371      4.436e-02      
      372      2.899e-02      
      373      2.093e-02      
      374      1.643e-02      
      512      5.419e-03      
      513      5.057e-03      
      1061      1.195e-02      
      1062      1.679e-02      
      1063      2.162e-02      
      1064      2.920e-02      
      1065      4.485e-02      
      1066      7.212e-02      
      1067      1.065e-01      
      1068      1.347e-01      
      1070      1.287e-01      
      1071      1.008e-01      
      1072      7.186e-02      
      1073      4.946e-02      
      1074      3.485e-02      
      1075      2.602e-02      
      1076      2.067e-02      
      1084      9.707e-03      
      1085      9.348e-03      
      1207      1.893e-02      
      1208      2.560e-02      
      1215      1.495e-02      
      1216      1.296e-02      
      1326      1.892e-03      
      1327      1.802e-03      
      2092      7.003e-03      
      2093      2.225e-02      
      2094      5.558e-02      
      2095      1.096e-01      
      2096      1.715e-01      
      2097      2.144e-01      
      2098      2.166e-01      
      2099      1.799e-01      
      2100      1.259e-01      
      2101      7.728e-02      
      2102      4.395e-02      
      2103      2.478e-02      
      2104      1.473e-02      
      2105      9.531e-03      
      2188      1.471e-02      
      2189      3.847e-02      
      2190      8.018e-02      
      2191      1.342e-01      
      2192      1.818e-01      
      2193      2.026e-01      
      2194      1.901e-01      
      2195      1.576e-01      
      2196      1.253e-01      
      2197      1.061e-01      
      2202      9.524e-02      
      2203      8.369e-02      
      2204      6.947e-02      
      2205      5.591e-02      
      2206      4.526e-02      
      2207      3.785e-02      
      2209      2.897e-02      
      2210      2.580e-02      
      2216      1.530e-02      
      2217      1.454e-02      
      2345      3.508e-03      
      2346      3.420e-03      
      2562      1.268e-02      
      2563      2.659e-02      
      2564      4.902e-02      
      2565      7.477e-02      
      2566      9.303e-02      
      2567      9.510e-02      
      2568      8.164e-02      
      2569      6.121e-02      
      2570      4.250e-02      
      2571      2.932e-02      
      2572      2.127e-02      
      2573      1.657e-02      
      2608      5.513e-03      
      2609      5.441e-03      
      3271      1.559e-02      
      3272      3.056e-02      
      3273      4.752e-02      
      3274      5.911e-02      
      3276      4.992e-02      
      3277      3.591e-02      
      3278      2.342e-02      
      3279      1.482e-02      
      3280      9.686e-03
3624   9.686e-03