0      0.0      
      1      0.000e+00      
      361      1.869e-02      
      362      4.707e-02      
      363      9.946e-02      
      364      1.777e-01      
      365      2.702e-01      
      366      3.511e-01      
      367      3.915e-01      
      368      3.773e-01      
      369      3.172e-01      
      370      2.360e-01      
      371      1.587e-01      
      372      9.973e-02      
      373      6.127e-02      
      374      3.887e-02      
      375      2.659e-02      
      376      1.980e-02      
      381      6.373e-03      
      382      4.889e-03      
      1063      1.315e-02      
      1064      2.371e-02      
      1065      3.712e-02      
      1066      5.340e-02      
      1067      7.470e-02      
      1068      1.043e-01      
      1069      1.429e-01      
      1070      1.849e-01      
      1071      2.192e-01      
      1072      2.336e-01      
      1073      2.216e-01      
      1074      1.869e-01      
      1075      1.411e-01      
      1076      9.684e-02      
      1077      6.205e-02      
      1078      3.846e-02      
      1079      2.390e-02      
      1081      1.019e-02      
      1082      7.085e-03      
      1209      1.401e-02      
      1210      2.465e-02      
      1211      3.531e-02      
      1212      4.172e-02      
      1214      3.513e-02      
      1215      2.648e-02      
      1217      1.234e-02      
      1218      8.266e-03      
      1372      1.229e-02      
      1373      2.440e-02      
      1374      3.857e-02      
      1375      4.902e-02      
      1377      4.399e-02      
      1378      3.284e-02      
      1379      2.211e-02      
      1380      1.415e-02      
      2199      2.356e-02      
      2200      4.890e-02      
      2201      8.428e-02      
      2202      1.217e-01      
      2203      1.485e-01      
      2205      1.378e-01      
      2206      1.067e-01      
      2207      7.307e-02      
      2208      4.549e-02      
      2209      2.681e-02      
      2210      1.568e-02      
      2211      9.470e-03      
      2559      1.805e-02      
      2560      2.964e-02      
      2561      4.171e-02      
      2562      5.214e-02      
      2567      4.221e-02      
      2568      3.002e-02      
      2569      2.000e-02      
      2570      1.298e-02      
      2667      2.005e-02      
      2668      3.402e-02      
      2669      4.709e-02      
      2670      5.374e-02      
      2672      4.211e-02      
      2673      3.054e-02      
      2674      2.042e-02      
      2675      1.319e-02
3624   1.319e-02