0      0.0      
      1      3.095e-03      
      34      5.443e-03      
      35      7.782e-03      
      36      1.054e-02      
      37      1.259e-02      
      38      1.294e-02      
      39      1.159e-02      
      40      9.401e-03      
      41      7.332e-03      
      42      5.838e-03      
      50      3.486e-03      
      51      3.432e-03      
      358      4.699e-03      
      359      8.069e-03      
      360      1.699e-02      
      361      3.628e-02      
      362      7.010e-02      
      363      1.172e-01      
      364      1.672e-01      
      365      2.031e-01      
      366      2.117e-01      
      367      1.924e-01      
      368      1.566e-01      
      369      1.183e-01      
      370      8.727e-02      
      371      6.647e-02      
      372      5.458e-02      
      373      4.872e-02      
      374      4.622e-02      
      379      4.394e-02      
      380      4.345e-02      
      383      4.166e-02      
      384      4.105e-02      
      387      3.887e-02      
      388      3.807e-02      
      393      3.574e-02      
      394      3.556e-02      
      399      3.339e-02      
      400      3.293e-02      
      406      3.391e-02      
      407      3.569e-02      
      408      3.878e-02      
      409      4.307e-02      
      410      4.770e-02      
      411      5.179e-02      
      412      5.557e-02      
      413      6.061e-02      
      414      6.856e-02      
      415      7.937e-02      
      416      9.051e-02      
      417      9.812e-02      
      418      9.944e-02      
      419      9.450e-02      
      420      8.573e-02      
      421      7.613e-02      
      422      6.778e-02      
      423      6.137e-02      
      424      5.677e-02      
      425      5.350e-02      
      426      5.112e-02      
      427      4.926e-02      
      428      4.770e-02      
      429      4.631e-02      
      430      4.499e-02      
      431      4.373e-02      
      432      4.256e-02      
      435      4.035e-02      
      436      3.993e-02      
      440      3.760e-02      
      441      3.709e-02      
      446      3.488e-02      
      447      3.432e-02      
      450      3.240e-02      
      451      3.185e-02      
      456      2.951e-02      
      457      2.921e-02      
      461      2.725e-02      
      462      2.682e-02      
      476      2.460e-02      
      477      2.443e-02      
      491      2.234e-02      
      492      2.192e-02      
      497      1.965e-02      
      498      1.948e-02      
      502      2.150e-02      
      503      2.407e-02      
      504      2.734e-02      
      505      3.022e-02      
      509      2.819e-02      
      510      2.620e-02      
      511      2.435e-02      
      512      2.281e-02      
      515      2.048e-02      
      516      2.018e-02      
      543      1.782e-02      
      544      1.772e-02      
      550      1.551e-02      
      551      1.517e-02      
      592      1.289e-02      
      593      1.279e-02      
      619      1.078e-02      
      620      1.024e-02      
      662      7.857e-03      
      663      7.857e-03      
      756      5.477e-03      
      757      5.058e-03      
      1060      7.071e-03      
      1061      1.184e-02      
      1062      1.861e-02      
      1063      2.568e-02      
      1064      3.091e-02      
      1065      3.405e-02      
      1066      3.777e-02      
      1067      4.570e-02      
      1068      5.901e-02      
      1069      7.485e-02      
      1070      8.800e-02      
      1071      9.417e-02      
      1072      9.223e-02      
      1073      8.420e-02      
      1074      7.372e-02      
      1075      6.417e-02      
      1076      5.744e-02      
      1077      5.375e-02      
      1081      5.186e-02      
      1082      5.124e-02      
      1084      4.905e-02      
      1085      4.787e-02      
      1087      4.589e-02      
      1088      4.495e-02      
      1090      4.313e-02      
      1091      4.239e-02      
      1095      4.018e-02      
      1096      3.933e-02      
      1098      3.749e-02      
      1099      3.676e-02      
      1105      3.455e-02      
      1106      3.428e-02      
      1110      3.259e-02      
      1111      3.189e-02      
      1117      2.963e-02      
      1118      2.931e-02      
      1127      2.718e-02      
      1128      2.670e-02      
      1140      2.442e-02      
      1141      2.430e-02      
      1147      2.205e-02      
      1148      2.142e-02      
      1157      1.913e-02      
      1158      1.903e-02      
      1181      1.680e-02      
      1182      1.663e-02      
      1189      1.429e-02      
      1190      1.423e-02      
      1204      1.633e-02      
      1205      2.261e-02      
      1206      3.507e-02      
      1207      5.448e-02      
      1208      7.798e-02      
      1209      9.967e-02      
      1210      1.137e-01      
      1211      1.173e-01      
      1212      1.118e-01      
      1213      1.004e-01      
      1214      8.710e-02      
      1215      7.465e-02      
      1216      6.436e-02      
      1217      5.647e-02      
      1218      5.066e-02      
      1219      4.644e-02      
      1220      4.335e-02      
      1221      4.105e-02      
      1222      3.938e-02      
      1224      3.746e-02      
      1225      3.692e-02      
      1228      3.504e-02      
      1229      3.417e-02      
      1232      3.186e-02      
      1233      3.132e-02      
      1238      2.895e-02      
      1239      2.835e-02      
      1244      2.604e-02      
      1245      2.585e-02      
      1264      2.349e-02      
      1265      2.295e-02      
      1274      2.068e-02      
      1275      2.046e-02      
      1292      1.813e-02      
      1293      1.783e-02      
      1307      1.563e-02      
      1308      1.534e-02      
      1337      1.297e-02      
      1338      1.286e-02      
      1372      1.455e-02      
      1373      1.622e-02      
      1381      1.389e-02      
      1382      1.367e-02      
      1420      1.164e-02      
      1421      1.120e-02      
      1462      8.831e-03      
      1463      8.810e-03      
      1652      6.609e-03      
      1653      6.190e-03      
      1834      3.809e-03      
      1835      3.809e-03      
      1984      5.389e-03      
      1985      6.332e-03      
      1994      4.006e-03      
      1995      3.901e-03      
      2038      4.677e-03      
      2039      7.085e-03      
      2040      1.236e-02      
      2041      2.095e-02      
      2042      3.086e-02      
      2043      3.792e-02      
      2044      3.872e-02      
      2045      3.347e-02      
      2046      2.551e-02      
      2047      1.827e-02      
      2048      1.329e-02      
      2049      1.041e-02      
      2051      8.109e-03      
      2052      7.696e-03      
      2093      1.002e-02      
      2094      1.425e-02      
      2095      2.163e-02      
      2096      3.101e-02      
      2097      3.902e-02      
      2098      4.201e-02      
      2099      3.904e-02      
      2100      3.242e-02      
      2101      2.552e-02      
      2102      2.037e-02      
      2103      1.720e-02      
      2104      1.539e-02      
      2105      1.431e-02      
      2161      1.196e-02      
      2162      1.193e-02      
      2183      9.905e-03      
      2184      9.439e-03      
      2194      1.106e-02      
      2195      1.235e-02      
      2196      1.526e-02      
      2197      2.201e-02      
      2198      3.606e-02      
      2199      6.157e-02      
      2200      1.008e-01      
      2201      1.496e-01      
      2202      1.949e-01      
      2203      2.202e-01      
      2204      2.168e-01      
      2205      1.899e-01      
      2206      1.535e-01      
      2207      1.203e-01      
      2208      9.598e-02      
      2209      8.053e-02      
      2210      7.148e-02      
      2211      6.634e-02      
      2212      6.337e-02      
      2213      6.159e-02      
      2214      6.049e-02      
      2217      5.850e-02      
      2218      5.751e-02      
      2219      5.617e-02      
      2220      5.451e-02      
      2221      5.265e-02      
      2222      5.084e-02      
      2223      4.928e-02      
      2224      4.806e-02      
      2226      4.605e-02      
      2227      4.494e-02      
      2229      4.271e-02      
      2230      4.190e-02      
      2234      3.998e-02      
      2235      3.943e-02      
      2240      3.757e-02      
      2241      3.693e-02      
      2243      3.530e-02      
      2244      3.440e-02      
      2247      3.215e-02      
      2248      3.159e-02      
      2251      2.970e-02      
      2252      2.895e-02      
      2262      2.663e-02      
      2263      2.634e-02      
      2271      2.428e-02      
      2272      2.370e-02      
      2283      2.139e-02      
      2284      2.118e-02      
      2299      1.884e-02      
      2300      1.867e-02      
      2310      1.645e-02      
      2311      1.593e-02      
      2326      1.357e-02      
      2327      1.347e-02      
      2368      1.156e-02      
      2369      1.107e-02      
      2384      8.714e-03      
      2385      8.667e-03      
      2393      9.461e-03      
      2394      1.126e-02      
      2395      1.494e-02      
      2396      2.063e-02      
      2397      2.697e-02      
      2398      3.151e-02      
      2400      3.072e-02      
      2401      2.864e-02      
      2402      2.913e-02      
      2403      3.375e-02      
      2404      4.228e-02      
      2405      5.325e-02      
      2406      6.494e-02      
      2407      7.596e-02      
      2408      8.476e-02      
      2409      8.922e-02      
      2410      8.770e-02      
      2411      8.060e-02      
      2412      7.040e-02      
      2413      5.998e-02      
      2414      5.121e-02      
      2415      4.470e-02      
      2416      4.023e-02      
      2417      3.730e-02      
      2418      3.539e-02      
      2419      3.409e-02      
      2422      3.196e-02      
      2423      3.151e-02      
      2427      2.961e-02      
      2428      2.908e-02      
      2437      2.695e-02      
      2438      2.654e-02      
      2443      2.431e-02      
      2444      2.401e-02      
      2462      2.178e-02      
      2463      2.160e-02      
      2472      1.937e-02      
      2473      1.890e-02      
      2485      1.653e-02      
      2486      1.644e-02      
      2512      1.416e-02      
      2513      1.401e-02      
      2542      1.171e-02      
      2543      1.122e-02      
      2560      1.341e-02      
      2561      1.874e-02      
      2562      2.887e-02      
      2563      4.540e-02      
      2564      6.795e-02      
      2565      9.272e-02      
      2566      1.132e-01      
      2567      1.235e-01      
      2568      1.216e-01      
      2569      1.104e-01      
      2570      9.530e-02      
      2571      8.075e-02      
      2572      6.909e-02      
      2573      6.066e-02      
      2574      5.483e-02      
      2575      5.081e-02      
      2576      4.800e-02      
      2577      4.596e-02      
      2578      4.442e-02      
      2580      4.204e-02      
      2581      4.098e-02      
      2583      3.879e-02      
      2584      3.760e-02      
      2585      3.635e-02      
      2586      3.511e-02      
      2588      3.294e-02      
      2589      3.208e-02      
      2598      3.006e-02      
      2599      2.966e-02      
      2605      2.744e-02      
      2606      2.712e-02      
      2615      2.482e-02      
      2616      2.442e-02      
      2626      2.211e-02      
      2627      2.196e-02      
      2638      1.966e-02      
      2639      1.953e-02      
      2654      1.740e-02      
      2655      1.673e-02      
      2662      1.439e-02      
      2663      1.435e-02      
      2666      1.579e-02      
      2667      1.739e-02      
      2668      1.955e-02      
      2669      2.181e-02      
      2670      2.358e-02      
      2671      2.447e-02      
      2674      2.290e-02      
      2675      2.171e-02      
      2677      1.950e-02      
      2678      1.878e-02      
      2690      1.642e-02      
      2691      1.626e-02      
      2709      1.390e-02      
      2710      1.378e-02      
      2750      1.168e-02      
      2751      1.119e-02      
      2772      1.274e-02      
      2773      1.438e-02      
      2783      1.228e-02      
      2784      1.198e-02      
      2819      9.619e-03      
      2820      9.577e-03      
      3006      7.196e-03      
      3007      7.167e-03      
      3025      4.800e-03      
      3026      4.694e-03      
      3393      6.821e-03      
      3394      7.130e-03      
      3415      9.335e-03      
      3416      9.952e-03      
      3518      7.594e-03      
      3519      7.566e-03      
      3537      9.553e-03      
      3538      1.121e-02      
      3547      8.926e-03      
      3548      8.766e-03
3624   8.766e-03