0      0.0      
      1      0.000e+00      
      361      7.696e-03      
      362      2.164e-02      
      363      5.225e-02      
      364      1.080e-01      
      365      1.911e-01      
      366      2.899e-01      
      367      3.797e-01      
      368      4.348e-01      
      369      4.427e-01      
      370      4.088e-01      
      371      3.496e-01      
      372      2.823e-01      
      373      2.193e-01      
      374      1.665e-01      
      375      1.254e-01      
      376      9.482e-02      
      377      7.262e-02      
      378      5.656e-02      
      379      4.481e-02      
      380      3.607e-02      
      381      2.947e-02      
      383      2.055e-02      
      384      1.750e-02      
      391      6.769e-03      
      392      6.060e-03      
      417      1.550e-02      
      418      1.969e-02      
      427      9.195e-03      
      428      8.133e-03      
      1066      1.610e-02      
      1067      3.074e-02      
      1068      5.603e-02      
      1069      9.386e-02      
      1070      1.417e-01      
      1071      1.919e-01      
      1072      2.327e-01      
      1073      2.531e-01      
      1074      2.485e-01      
      1075      2.227e-01      
      1076      1.856e-01      
      1077      1.473e-01      
      1078      1.140e-01      
      1079      8.793e-02      
      1080      6.844e-02      
      1081      5.414e-02      
      1082      4.360e-02      
      1083      3.571e-02      
      1085      2.491e-02      
      1086      2.107e-02      
      1091      1.020e-02      
      1092      8.998e-03      
      1210      1.796e-02      
      1211      2.622e-02      
      1219      1.668e-02      
      1220      1.434e-02      
      1233      3.481e-03      
      1234      3.202e-03      
      1373      8.369e-03      
      1374      1.442e-02      
      1376      2.483e-02      
      1377      2.621e-02      
      1381      1.706e-02      
      1382      1.479e-02      
      1394      3.782e-03      
      1395      3.481e-03      
      2198      9.161e-03      
      2199      2.267e-02      
      2200      4.753e-02      
      2201      8.551e-02      
      2202      1.333e-01      
      2203      1.807e-01      
      2204      2.141e-01      
      2206      2.076e-01      
      2207      1.761e-01      
      2208      1.402e-01      
      2209      1.080e-01      
      2210      8.266e-02      
      2211      6.403e-02      
      2212      5.060e-02      
      2213      4.084e-02      
      2214      3.358e-02      
      2216      2.367e-02      
      2217      2.019e-02      
      2222      9.774e-03      
      2223      8.578e-03      
      2395      1.172e-02      
      2396      2.429e-02      
      2397      4.069e-02      
      2398      5.600e-02      
      2402      4.986e-02      
      2403      4.215e-02      
      2405      3.313e-02      
      2406      3.071e-02      
      2409      2.232e-02      
      2410      1.922e-02      
      2416      8.401e-03      
      2417      7.510e-03      
      2566      1.780e-02      
      2567      1.905e-02      
      2575      8.120e-03      
      2576      7.255e-03      
      2858      1.370e-02      
      2859      2.111e-02      
      2870      1.048e-02      
      2871      9.192e-03
3624   9.192e-03