0      0.0      
      1      1.695e-03      
      32      2.290e-03      
      33      3.557e-03      
      34      6.251e-03      
      35      1.043e-02      
      36      1.485e-02      
      37      1.731e-02      
      38      1.642e-02      
      39      1.289e-02      
      40      8.817e-03      
      41      5.812e-03      
      42      4.190e-03      
      43      3.458e-03      
      118      1.808e-03      
      119      1.756e-03      
      358      2.471e-03      
      359      3.791e-03      
      360      6.874e-03      
      361      1.326e-02      
      362      2.449e-02      
      363      4.038e-02      
      364      5.724e-02      
      365      6.875e-02      
      366      7.030e-02      
      367      6.267e-02      
      368      5.089e-02      
      369      3.998e-02      
      370      3.224e-02      
      371      2.752e-02      
      372      2.477e-02      
      373      2.306e-02      
      374      2.185e-02      
      375      2.089e-02      
      377      1.941e-02      
      378      1.887e-02      
      386      1.743e-02      
      387      1.711e-02      
      396      1.551e-02      
      397      1.532e-02      
      408      1.636e-02      
      409      1.795e-02      
      410      1.951e-02      
      411      2.085e-02      
      412      2.240e-02      
      413      2.501e-02      
      414      2.904e-02      
      415      3.362e-02      
      416      3.702e-02      
      418      3.609e-02      
      419      3.282e-02      
      420      2.933e-02      
      421      2.643e-02      
      422      2.442e-02      
      424      2.280e-02      
      425      2.270e-02      
      429      2.119e-02      
      430      2.065e-02      
      435      1.899e-02      
      436      1.865e-02      
      448      1.709e-02      
      449      1.695e-02      
      467      1.525e-02      
      468      1.525e-02      
      489      1.356e-02      
      490      1.355e-02      
      504      1.496e-02      
      505      1.590e-02      
      508      1.478e-02      
      509      1.377e-02      
      512      1.208e-02      
      513      1.194e-02      
      526      1.034e-02      
      527      1.023e-02      
      566      8.604e-03      
      567      8.525e-03      
      612      6.845e-03      
      613      6.799e-03      
      703      5.131e-03      
      704      5.100e-03      
      785      3.436e-03      
      786      3.405e-03      
      890      1.710e-03      
      891      1.699e-03      
      1060      2.824e-03      
      1061      3.964e-03      
      1062      5.349e-03      
      1063      6.522e-03      
      1065      7.991e-03      
      1066      9.988e-03      
      1067      1.459e-02      
      1068      2.239e-02      
      1069      3.229e-02      
      1070      4.136e-02      
      1071      4.623e-02      
      1072      4.538e-02      
      1073      4.020e-02      
      1074      3.371e-02      
      1075      2.828e-02      
      1076      2.468e-02      
      1077      2.252e-02      
      1078      2.120e-02      
      1079      2.027e-02      
      1081      1.893e-02      
      1082      1.848e-02      
      1087      1.682e-02      
      1088      1.635e-02      
      1091      1.496e-02      
      1092      1.461e-02      
      1107      1.318e-02      
      1108      1.288e-02      
      1122      1.148e-02      
      1123      1.119e-02      
      1145      9.789e-03      
      1146      9.491e-03      
      1192      7.796e-03      
      1193      7.458e-03      
      1204      8.458e-03      
      1205      1.163e-02      
      1206      1.802e-02      
      1207      2.780e-02      
      1208      3.880e-02      
      1209      4.718e-02      
      1210      5.009e-02      
      1211      4.770e-02      
      1212      4.248e-02      
      1213      3.701e-02      
      1214      3.255e-02      
      1215      2.920e-02      
      1216      2.657e-02      
      1217      2.438e-02      
      1218      2.259e-02      
      1219      2.124e-02      
      1220      2.034e-02      
      1228      1.883e-02      
      1229      1.858e-02      
      1238      1.689e-02      
      1239      1.678e-02      
      1257      1.519e-02      
      1258      1.508e-02      
      1265      1.340e-02      
      1266      1.318e-02      
      1288      1.169e-02      
      1289      1.148e-02      
      1311      9.995e-03      
      1312      9.789e-03      
      1351      8.099e-03      
      1352      7.816e-03      
      1407      6.400e-03      
      1408      6.101e-03      
      1495      4.411e-03      
      1496      4.088e-03      
      1528      5.525e-03      
      1529      5.919e-03      
      1579      4.293e-03      
      1580      4.133e-03      
      1676      5.116e-03      
      1677      6.592e-03      
      1678      8.173e-03      
      1679      9.207e-03      
      1682      7.516e-03      
      1683      6.678e-03      
      1691      5.036e-03      
      1692      4.960e-03      
      1879      3.325e-03      
      1880      3.219e-03      
      1984      4.612e-03      
      1985      5.623e-03      
      1990      4.265e-03      
      1991      3.766e-03      
      2041      4.984e-03      
      2042      5.840e-03      
      2053      4.234e-03      
      2054      4.115e-03      
      2093      5.030e-03      
      2094      6.558e-03      
      2095      9.186e-03      
      2096      1.247e-02      
      2097      1.530e-02      
      2100      1.489e-02      
      2101      1.327e-02      
      2102      1.180e-02      
      2103      1.060e-02      
      2105      9.077e-03      
      2106      8.726e-03      
      2119      7.160e-03      
      2120      6.955e-03      
      2160      5.351e-03      
      2161      5.213e-03      
      2195      6.053e-03      
      2196      7.576e-03      
      2197      1.081e-02      
      2198      1.714e-02      
      2199      2.831e-02      
      2200      4.513e-02      
      2201      6.520e-02      
      2202      8.208e-02      
      2203      8.861e-02      
      2204      8.245e-02      
      2205      6.806e-02      
      2206      5.267e-02      
      2207      4.097e-02      
      2208      3.370e-02      
      2209      2.954e-02      
      2210      2.716e-02      
      2211      2.578e-02      
      2212      2.493e-02      
      2214      2.365e-02      
      2215      2.303e-02      
      2219      2.136e-02      
      2220      2.096e-02      
      2224      1.934e-02      
      2225      1.903e-02      
      2237      1.763e-02      
      2238      1.733e-02      
      2245      1.593e-02      
      2246      1.561e-02      
      2252      1.394e-02      
      2253      1.373e-02      
      2274      1.224e-02      
      2275      1.204e-02      
      2300      1.034e-02      
      2301      1.023e-02      
      2325      8.650e-03      
      2326      8.540e-03      
      2369      6.989e-03      
      2370      6.753e-03      
      2395      8.244e-03      
      2396      9.477e-03      
      2397      1.081e-02      
      2398      1.174e-02      
      2403      1.243e-02      
      2404      1.413e-02      
      2405      1.625e-02      
      2406      1.828e-02      
      2407      1.969e-02      
      2408      2.017e-02      
      2409      1.961e-02      
      2410      1.816e-02      
      2411      1.627e-02      
      2412      1.443e-02      
      2413      1.301e-02      
      2414      1.203e-02      
      2429      1.034e-02      
      2430      1.023e-02      
      2447      8.540e-03      
      2448      8.495e-03      
      2492      6.845e-03      
      2493      6.799e-03      
      2540      5.104e-03      
      2541      5.089e-03      
      2559      6.149e-03      
      2560      8.771e-03      
      2561      1.579e-02      
      2562      3.092e-02      
      2563      5.665e-02      
      2564      9.014e-02      
      2565      1.215e-01      
      2566      1.386e-01      
      2567      1.353e-01      
      2568      1.160e-01      
      2569      9.088e-02      
      2570      6.880e-02      
      2571      5.340e-02      
      2572      4.403e-02      
      2573      3.854e-02      
      2574      3.509e-02      
      2575      3.267e-02      
      2576      3.086e-02      
      2577      2.952e-02      
      2578      2.855e-02      
      2580      2.725e-02      
      2581      2.665e-02      
      2583      2.541e-02      
      2584      2.476e-02      
      2586      2.340e-02      
      2587      2.277e-02      
      2592      2.111e-02      
      2593      2.094e-02      
      2600      1.936e-02      
      2601      1.912e-02      
      2609      1.758e-02      
      2610      1.720e-02      
      2621      1.566e-02      
      2622      1.551e-02      
      2632      1.394e-02      
      2633      1.372e-02      
      2655      1.220e-02      
      2656      1.202e-02      
      2667      1.324e-02      
      2668      1.469e-02      
      2669      1.613e-02      
      2670      1.710e-02      
      2673      1.563e-02      
      2674      1.451e-02      
      2676      1.281e-02      
      2677      1.234e-02      
      2696      1.085e-02      
      2697      1.055e-02      
      2729      9.153e-03      
      2730      8.855e-03      
      2756      7.164e-03      
      2757      6.974e-03      
      2770      8.605e-03      
      2771      9.980e-03      
      2772      1.196e-02      
      2773      1.388e-02      
      2777      1.278e-02      
      2778      1.153e-02      
      2779      1.047e-02      
      2780      9.631e-03      
      2801      8.095e-03      
      2802      7.797e-03      
      2856      8.399e-03      
      2857      9.716e-03      
      2858      1.104e-02      
      2859      1.179e-02      
      2862      1.026e-02      
      2863      9.864e-03      
      2871      8.322e-03      
      2872      8.100e-03      
      2924      6.513e-03      
      2925      6.322e-03      
      2994      4.682e-03      
      2995      4.616e-03      
      3134      3.075e-03      
      3135      2.886e-03      
      3275      4.483e-03      
      3276      4.767e-03      
      3279      3.521e-03      
      3280      2.942e-03      
      3341      3.421e-03      
      3342      4.835e-03      
      3343      6.435e-03      
      3344      7.583e-03      
      3347      6.254e-03      
      3348      5.345e-03      
      3351      3.786e-03      
      3352      3.568e-03      
      3373      4.964e-03      
      3374      5.424e-03      
      3390      6.001e-03      
      3391      7.140e-03      
      3392      8.404e-03      
      3393      9.636e-03      
      3399      8.721e-03      
      3400      7.928e-03      
      3456      6.257e-03      
      3457      6.186e-03      
      3530      4.495e-03      
      3531      4.375e-03      
      3536      5.505e-03      
      3537      6.863e-03      
      3538      8.832e-03      
      3539      1.084e-02      
      3545      9.349e-03      
      3546      8.777e-03      
      3553      7.146e-03      
      3554      6.970e-03      
      3606      5.465e-03      
      3607      5.260e-03
3624   5.260e-03