0      0.0      
      1      1.000e-02      
      2      1.000e-02      
      33      2.273e-02      
      34      4.287e-02      
      35      7.745e-02      
      36      1.207e-01      
      37      1.565e-01      
      39      1.518e-01      
      40      1.185e-01      
      41      8.391e-02      
      42      5.735e-02      
      43      4.038e-02      
      44      3.071e-02      
      360      4.005e-02      
      361      7.140e-02      
      362      1.261e-01      
      363      2.056e-01      
      364      2.978e-01      
      365      3.761e-01      
      366      4.138e-01      
      367      4.021e-01      
      368      3.551e-01      
      369      2.973e-01      
      370      2.480e-01      
      371      2.145e-01      
      372      1.954e-01      
      373      1.857e-01      
      379      1.619e-01      
      380      1.591e-01      
      391      1.351e-01      
      392      1.332e-01      
      397      1.140e-01      
      398      1.070e-01      
      410      1.264e-01      
      411      1.369e-01      
      412      1.483e-01      
      413      1.656e-01      
      414      1.921e-01      
      415      2.242e-01      
      416      2.512e-01      
      419      2.395e-01      
      420      2.215e-01      
      422      1.995e-01      
      423      1.943e-01      
      430      1.709e-01      
      431      1.686e-01      
      449      1.463e-01      
      450      1.434e-01      
      472      1.242e-01      
      473      1.182e-01      
      516      9.366e-02      
      517      9.258e-02      
      525      6.952e-02      
      526      6.499e-02      
      644      4.184e-02      
      645      3.850e-02      
      909      1.379e-02      
      910      1.325e-02      
      1064      3.785e-02      
      1065      4.647e-02      
      1066      6.120e-02      
      1067      8.976e-02      
      1068      1.383e-01      
      1069      2.048e-01      
      1070      2.742e-01      
      1071      3.237e-01      
      1073      3.108e-01      
      1074      2.645e-01      
      1075      2.171e-01      
      1076      1.813e-01      
      1077      1.595e-01      
      1078      1.487e-01      
      1088      1.251e-01      
      1089      1.228e-01      
      1100      9.918e-02      
      1101      9.692e-02      
      1146      7.418e-02      
      1147      6.951e-02      
      1195      4.828e-02      
      1196      4.320e-02      
      1204      5.135e-02      
      1205      7.401e-02      
      1206      1.193e-01      
      1207      1.929e-01      
      1208      2.867e-01      
      1209      3.753e-01      
      1210      4.281e-01      
      1211      4.300e-01      
      1212      3.901e-01      
      1213      3.326e-01      
      1214      2.800e-01      
      1215      2.428e-01      
      1216      2.197e-01      
      1217      2.043e-01      
      1219      1.793e-01      
      1220      1.685e-01      
      1224      1.457e-01      
      1225      1.433e-01      
      1239      1.203e-01      
      1240      1.183e-01      
      1280      9.347e-02      
      1281      9.283e-02      
      1293      7.165e-02      
      1294      6.725e-02      
      1364      4.455e-02      
      1365      4.211e-02      
      1379      6.702e-02      
      1380      6.730e-02      
      1409      4.717e-02      
      1410      4.227e-02      
      1675      4.014e-02      
      1676      6.910e-02      
      1677      1.155e-01      
      1678      1.692e-01      
      1679      2.092e-01      
      1681      1.962e-01      
      1682      1.591e-01      
      1683      1.240e-01      
      1684      9.883e-02      
      1685      8.248e-02      
      1686      7.127e-02      
      1700      4.661e-02      
      1701      4.561e-02      
      1846      2.066e-02      
      1847      2.029e-02      
      1986      4.492e-02      
      1987      4.953e-02      
      2016      2.474e-02      
      2017      2.444e-02      
      2094      4.141e-02      
      2095      6.536e-02      
      2096      9.794e-02      
      2097      1.301e-01      
      2101      1.222e-01      
      2102      1.014e-01      
      2103      8.296e-02      
      2104      6.864e-02      
      2109      4.377e-02      
      2110      4.301e-02      
      2120      6.627e-02      
      2121      6.955e-02      
      2129      4.854e-02      
      2130      4.454e-02      
      2196      5.343e-02      
      2197      8.082e-02      
      2198      1.319e-01      
      2199      2.180e-01      
      2200      3.444e-01      
      2201      4.972e-01      
      2202      6.384e-01      
      2203      7.201e-01      
      2204      7.152e-01      
      2205      6.362e-01      
      2206      5.246e-01      
      2207      4.207e-01      
      2208      3.444e-01      
      2209      2.957e-01      
      2210      2.664e-01      
      2211      2.486e-01      
      2212      2.374e-01      
      2216      2.160e-01      
      2217      2.115e-01      
      2222      1.912e-01      
      2223      1.864e-01      
      2226      1.630e-01      
      2227      1.533e-01      
      2233      1.286e-01      
      2234      1.276e-01      
      2273      1.029e-01      
      2274      9.880e-02      
      2322      7.395e-02      
      2323      6.775e-02      
      2370      4.664e-02      
      2371      4.258e-02      
      2396      5.811e-02      
      2397      6.850e-02      
      2404      9.259e-02      
      2405      9.939e-02      
      2407      1.202e-01      
      2408      1.276e-01      
      2414      1.027e-01      
      2415      9.971e-02      
      2441      7.752e-02      
      2442      7.275e-02      
      2466      5.068e-02      
      2467      4.517e-02      
      2560      5.181e-02      
      2561      9.599e-02      
      2562      1.923e-01      
      2563      3.602e-01      
      2564      5.916e-01      
      2565      8.384e-01      
      2566      1.031e+00      
      2567      1.121e+00      
      2568      1.107e+00      
      2569      1.024e+00      
      2570      9.126e-01      
      2571      8.017e-01      
      2572      7.048e-01      
      2573      6.250e-01      
      2574      5.608e-01      
      2575      5.090e-01      
      2576      4.670e-01      
      2577      4.330e-01      
      2578      4.057e-01      
      2579      3.832e-01      
      2580      3.639e-01      
      2581      3.463e-01      
      2582      3.298e-01      
      2583      3.150e-01      
      2584      3.021e-01      
      2586      2.806e-01      
      2587      2.707e-01      
      2589      2.505e-01      
      2590      2.409e-01      
      2603      2.202e-01      
      2604      2.152e-01      
      2609      1.926e-01      
      2610      1.835e-01      
      2613      1.585e-01      
      2614      1.547e-01      
      2632      1.348e-01      
      2633      1.285e-01      
      2656      1.054e-01      
      2657      1.031e-01      
      2668      1.188e-01      
      2669      1.341e-01      
      2680      1.098e-01      
      2681      1.091e-01      
      2705      8.423e-02      
      2706      7.929e-02      
      2732      5.639e-02      
      2733      5.419e-02      
      2768      7.594e-02      
      2769      7.920e-02      
      2771      1.001e-01      
      2772      1.194e-01      
      2773      1.391e-01      
      2774      1.520e-01      
      2777      1.299e-01      
      2778      1.149e-01      
      2780      9.102e-02      
      2781      8.288e-02      
      2805      5.930e-02      
      2806      5.716e-02      
      2857      7.557e-02      
      2858      9.876e-02      
      2859      1.181e-01      
      2860      1.266e-01      
      2863      1.026e-01      
      2864      9.523e-02      
      2873      7.489e-02      
      2874      6.879e-02      
      2901      4.427e-02      
      2902      4.367e-02      
      3094      1.882e-02      
      3095      1.827e-02      
      3341      3.094e-02      
      3342      4.714e-02      
      3343      6.691e-02      
      3344      8.279e-02      
      3347      6.562e-02      
      3348      5.111e-02      
      3352      2.689e-02      
      3353      2.546e-02      
      3391      4.641e-02      
      3392      5.681e-02      
      3451      3.259e-02      
      3452      3.179e-02      
      3537      4.497e-02      
      3538      6.605e-02      
      3539      9.106e-02      
      3544      7.552e-02      
      3545      6.556e-02      
      3569      4.100e-02      
      3570      3.888e-02
3624   3.888e-02