0      0.0      
      1      0.000e+00      
      34      8.099e-04      
      35      1.943e-03      
      36      3.630e-03      
      37      5.281e-03      
      39      5.281e-03      
      40      3.630e-03      
      41      1.943e-03      
      42      8.099e-04      
      362      1.294e-03      
      363      3.603e-03      
      364      8.041e-03      
      365      1.440e-02      
      366      2.077e-02      
      367      2.432e-02      
      368      2.350e-02      
      369      1.926e-02      
      370      1.398e-02      
      371      9.416e-03      
      372      6.061e-03      
      373      3.730e-03      
      374      2.173e-03      
      375      1.197e-03      
      376      6.205e-04      
      411      1.432e-03      
      412      2.686e-03      
      413      4.143e-03      
      414      5.467e-03      
      415      6.522e-03      
      416      7.353e-03      
      419      6.729e-03      
      420      5.388e-03      
      421      4.176e-03      
      422      3.350e-03      
      423      2.829e-03      
      425      1.972e-03      
      426      1.483e-03      
      428      5.924e-04      
      429      3.022e-04      
      1066      7.489e-04      
      1067      1.869e-03      
      1068      3.977e-03      
      1069      7.191e-03      
      1070      1.105e-02      
      1071      1.449e-02      
      1072      1.627e-02      
      1073      1.575e-02      
      1074      1.325e-02      
      1075      9.814e-03      
      1076      6.513e-03      
      1077      3.975e-03      
      1078      2.294e-03      
      1079      1.270e-03      
      1080      6.658e-04      
      1207      8.575e-04      
      1208      1.974e-03      
      1209      3.604e-03      
      1210      5.230e-03      
      1213      4.590e-03      
      1214      3.314e-03      
      1215      2.329e-03      
      1216      1.620e-03      
      1218      5.862e-04      
      1219      2.698e-04      
      1986      1.270e-03      
      1987      1.751e-03      
      1990      1.146e-03      
      1991      6.262e-04      
      2094      7.579e-04      
      2095      1.884e-03      
      2096      3.707e-03      
      2097      5.819e-03      
      2098      7.387e-03      
      2100      6.859e-03      
      2101      5.355e-03      
      2102      3.844e-03      
      2103      2.652e-03      
      2104      1.815e-03      
      2105      1.237e-03      
      2108      2.632e-04      
      2109      1.179e-04      
      2196      9.006e-04      
      2197      2.747e-03      
      2198      6.860e-03      
      2199      1.425e-02      
      2200      2.509e-02      
      2201      3.805e-02      
      2202      5.032e-02      
      2203      5.832e-02      
      2204      5.948e-02      
      2205      5.378e-02      
      2206      4.376e-02      
      2207      3.273e-02      
      2208      2.300e-02      
      2209      1.552e-02      
      2210      1.023e-02      
      2211      6.689e-03      
      2212      4.376e-03      
      2213      2.856e-03      
      2214      1.828e-03      
      2215      1.114e-03      
      2221      3.096e-06      
      2222      5.592e-07      
      2396      7.702e-04      
      2397      2.472e-03      
      2398      6.260e-03      
      2399      1.258e-02      
      2400      2.024e-02      
      2401      2.649e-02      
      2402      2.906e-02      
      2403      2.821e-02      
      2404      2.626e-02      
      2405      2.508e-02      
      2407      2.404e-02      
      2408      2.247e-02      
      2409      2.018e-02      
      2410      1.766e-02      
      2411      1.518e-02      
      2412      1.275e-02      
      2413      1.035e-02      
      2414      8.049e-03      
      2415      6.005e-03      
      2416      4.347e-03      
      2417      3.101e-03      
      2418      2.191e-03      
      2419      1.510e-03      
      2421      5.771e-04      
      2422      2.957e-04      
      2568      8.961e-04      
      2569      1.794e-03      
      2570      2.874e-03      
      2571      3.677e-03      
      2573      3.030e-03      
      2574      1.940e-03      
      2575      9.812e-04      
      2576      3.908e-04      
      2669      1.331e-03      
      2670      2.113e-03      
      2674      1.371e-03      
      2675      7.042e-04      
      2775      1.787e-03      
      2776      2.290e-03      
      2781      1.840e-03      
      2782      9.908e-04      
      2853      1.842e-03      
      2854      4.252e-03      
      2855      7.973e-03      
      2856      1.226e-02      
      2857      1.568e-02      
      2858      1.704e-02      
      2859      1.618e-02      
      2860      1.392e-02      
      2861      1.120e-02      
      2862      8.631e-03      
      2863      6.438e-03      
      2864      4.706e-03      
      2865      3.442e-03      
      2866      2.580e-03      
      2867      2.001e-03      
      2870      9.810e-04      
      2871      7.098e-04      
      3140      1.433e-03      
      3141      2.167e-03      
      3145      1.299e-03      
      3146      6.731e-04      
      3340      6.121e-04      
      3341      1.809e-03      
      3342      4.239e-03      
      3343      7.890e-03      
      3344      1.172e-02      
      3345      1.399e-02      
      3346      1.364e-02      
      3347      1.111e-02      
      3348      7.842e-03      
      3349      5.022e-03      
      3350      3.030e-03      
      3351      1.735e-03      
      3352      9.201e-04      
      3353      4.342e-04      
      3548      1.276e-03      
      3549      2.273e-03      
      3550      3.182e-03      
      3551      3.494e-03      
      3552      3.007e-03      
      3553      2.026e-03      
      3554      1.067e-03      
      3555      4.394e-04
3624   4.394e-04