0      0.0      
      1      0.000e+00      
      2      0.000e+00      
      34      3.443e-03      
      35      8.923e-03      
      36      1.853e-02      
      37      3.124e-02      
      38      4.347e-02      
      39      5.113e-02      
      41      4.834e-02      
      42      4.149e-02      
      43      3.402e-02      
      44      2.721e-02      
      45      2.154e-02      
      46      1.709e-02      
      47      1.368e-02      
      49      9.140e-03      
      50      7.620e-03      
      57      2.761e-03      
      58      2.439e-03      
      361      2.840e-03      
      362      9.522e-03      
      363      2.595e-02      
      364      5.778e-02      
      365      1.059e-01      
      366      1.613e-01      
      367      2.071e-01      
      368      2.287e-01      
      369      2.227e-01      
      370      1.969e-01      
      371      1.626e-01      
      372      1.280e-01      
      373      9.718e-02      
      374      7.176e-02      
      375      5.200e-02      
      376      3.745e-02      
      377      2.722e-02      
      378      2.019e-02      
      379      1.536e-02      
      380      1.199e-02      
      382      7.810e-03      
      383      6.475e-03      
      394      1.581e-03      
      395      1.446e-03      
      410      4.952e-03      
      411      1.209e-02      
      412      2.497e-02      
      413      4.317e-02      
      414      6.380e-02      
      415      8.348e-02      
      416      1.004e-01      
      417      1.134e-01      
      418      1.204e-01      
      419      1.190e-01      
      420      1.087e-01      
      421      9.225e-02      
      422      7.372e-02      
      423      5.646e-02      
      424      4.222e-02      
      425      3.138e-02      
      426      2.351e-02      
      427      1.791e-02      
      428      1.392e-02      
      429      1.104e-02      
      432      6.073e-03      
      433      5.119e-03      
      492      2.001e-04      
      493      1.121e-04      
      1067      3.946e-03      
      1068      8.417e-03      
      1069      1.585e-02      
      1070      2.562e-02      
      1071      3.529e-02      
      1072      4.168e-02      
      1074      3.948e-02      
      1075      3.358e-02      
      1076      2.731e-02      
      1077      2.184e-02      
      1078      1.747e-02      
      1079      1.408e-02      
      1081      9.458e-03      
      1082      7.892e-03      
      1088      3.248e-03      
      1089      2.879e-03      
      1207      3.970e-03      
      1208      8.498e-03      
      1209      1.550e-02      
      1210      2.368e-02      
      1211      3.061e-02      
      1217      2.741e-02      
      1218      2.356e-02      
      1219      1.962e-02      
      1220      1.609e-02      
      1221      1.319e-02      
      1222      1.088e-02      
      1225      6.420e-03      
      1226      5.484e-03      
      1986      7.303e-03      
      1987      1.093e-02      
      1988      1.414e-02      
      1989      1.600e-02      
      1993      1.163e-02      
      1994      9.964e-03      
      1998      5.425e-03      
      1999      4.719e-03      
      2095      6.900e-03      
      2096      1.463e-02      
      2097      2.622e-02      
      2098      3.974e-02      
      2099      5.161e-02      
      2100      5.850e-02      
      2102      5.413e-02      
      2103      4.618e-02      
      2104      3.756e-02      
      2105      2.980e-02      
      2106      2.347e-02      
      2107      1.858e-02      
      2108      1.486e-02      
      2110      9.894e-03      
      2111      8.235e-03      
      2117      3.418e-03      
      2118      3.046e-03      
      2197      7.149e-03      
      2198      1.865e-02      
      2199      4.185e-02      
      2200      8.005e-02      
      2201      1.310e-01      
      2202      1.848e-01      
      2203      2.263e-01      
      2204      2.436e-01      
      2205      2.348e-01      
      2206      2.074e-01      
      2207      1.718e-01      
      2208      1.358e-01      
      2209      1.034e-01      
      2210      7.639e-02      
      2211      5.528e-02      
      2212      3.975e-02      
      2213      2.886e-02      
      2214      2.142e-02      
      2215      1.632e-02      
      2216      1.276e-02      
      2217      1.022e-02      
      2220      5.920e-03      
      2221      5.081e-03      
      2396      5.475e-03      
      2397      1.623e-02      
      2398      4.249e-02      
      2399      9.224e-02      
      2400      1.648e-01      
      2401      2.446e-01      
      2402      3.077e-01      
      2403      3.377e-01      
      2404      3.348e-01      
      2405      3.114e-01      
      2406      2.794e-01      
      2407      2.450e-01      
      2408      2.106e-01      
      2409      1.772e-01      
      2410      1.457e-01      
      2411      1.169e-01      
      2412      9.169e-02      
      2413      7.063e-02      
      2414      5.374e-02      
      2415      4.052e-02      
      2416      3.041e-02      
      2417      2.293e-02      
      2418      1.759e-02      
      2419      1.384e-02      
      2420      1.120e-02      
      2423      6.713e-03      
      2424      5.842e-03      
      2569      9.988e-03      
      2570      1.590e-02      
      2571      2.236e-02      
      2572      2.737e-02      
      2575      2.557e-02      
      2576      2.189e-02      
      2577      1.835e-02      
      2578      1.530e-02      
      2580      1.081e-02      
      2581      9.224e-03      
      2588      4.274e-03      
      2589      3.971e-03      
      2667      4.994e-03      
      2668      9.983e-03      
      2669      1.916e-02      
      2670      3.208e-02      
      2671      4.567e-02      
      2672      5.558e-02      
      2674      5.582e-02      
      2675      4.862e-02      
      2676      4.006e-02      
      2677      3.201e-02      
      2678      2.532e-02      
      2679      2.011e-02      
      2680      1.617e-02      
      2681      1.322e-02      
      2683      9.293e-03      
      2684      7.999e-03      
      2695      3.081e-03      
      2696      2.946e-03      
      2771      4.637e-03      
      2772      9.114e-03      
      2773      1.759e-02      
      2774      3.025e-02      
      2775      4.535e-02      
      2776      6.000e-02      
      2777      7.160e-02      
      2778      7.840e-02      
      2780      7.422e-02      
      2781      6.457e-02      
      2782      5.295e-02      
      2783      4.177e-02      
      2784      3.239e-02      
      2785      2.513e-02      
      2786      1.974e-02      
      2787      1.579e-02      
      2788      1.288e-02      
      2790      9.041e-03      
      2791      7.737e-03      
      2802      2.857e-03      
      2803      2.721e-03      
      2851      3.999e-03      
      2852      9.273e-03      
      2853      2.338e-02      
      2854      5.324e-02      
      2855      1.030e-01      
      2856      1.678e-01      
      2857      2.320e-01      
      2858      2.769e-01      
      2859      2.915e-01      
      2860      2.777e-01      
      2861      2.458e-01      
      2862      2.064e-01      
      2863      1.668e-01      
      2864      1.306e-01      
      2865      9.940e-02      
      2866      7.377e-02      
      2867      5.386e-02      
      2868      3.918e-02      
      2869      2.882e-02      
      2870      2.168e-02      
      2871      1.678e-02      
      2872      1.336e-02      
      2874      9.124e-03      
      2875      7.764e-03      
      2886      2.857e-03      
      2887      2.719e-03      
      3141      6.355e-03      
      3142      8.998e-03      
      3157      4.134e-03      
      3158      3.759e-03      
      3341      7.135e-03      
      3342      1.697e-02      
      3343      3.455e-02      
      3344      5.846e-02      
      3345      8.250e-02      
      3346      9.861e-02      
      3348      9.439e-02      
      3349      7.994e-02      
      3350      6.375e-02      
      3351      4.900e-02      
      3352      3.701e-02      
      3353      2.794e-02      
      3354      2.134e-02      
      3355      1.659e-02      
      3356      1.317e-02      
      3358      8.823e-03      
      3359      7.414e-03      
      3368      2.434e-03      
      3369      2.244e-03      
      3546      6.447e-03      
      3547      8.318e-03      
      3548      1.283e-02      
      3549      2.026e-02      
      3550      2.896e-02      
      3551      3.567e-02      
      3553      3.509e-02      
      3554      2.981e-02      
      3555      2.415e-02      
      3556      1.933e-02      
      3557      1.556e-02      
      3558      1.267e-02      
      3559      1.046e-02      
      3562      6.307e-03      
      3563      5.433e-03
3624   5.433e-03