0      0.0      
      1      0.000e+00      
      34      3.009e-03      
      35      7.593e-03      
      36      1.525e-02      
      37      2.458e-02      
      38      3.216e-02      
      40      3.192e-02      
      41      2.577e-02      
      42      1.915e-02      
      43      1.373e-02      
      44      9.855e-03      
      45      7.233e-03      
      48      3.395e-03      
      49      2.765e-03      
      362      5.653e-03      
      363      1.482e-02      
      364      3.109e-02      
      365      5.261e-02      
      366      7.267e-02      
      367      8.328e-02      
      368      8.097e-02      
      369      6.874e-02      
      370      5.279e-02      
      371      3.807e-02      
      372      2.666e-02      
      373      1.858e-02      
      374      1.309e-02      
      375      9.402e-03      
      376      6.920e-03      
      379      3.195e-03      
      380      2.565e-03      
      411      4.437e-03      
      412      8.697e-03      
      413      1.421e-02      
      414      2.023e-02      
      415      2.652e-02      
      416      3.317e-02      
      417      3.921e-02      
      419      4.019e-02      
      420      3.387e-02      
      421      2.585e-02      
      422      1.860e-02      
      423      1.315e-02      
      424      9.423e-03      
      425      6.936e-03      
      429      2.732e-03      
      430      2.269e-03      
      1065      2.888e-03      
      1066      7.232e-03      
      1067      1.532e-02      
      1068      2.781e-02      
      1069      4.366e-02      
      1070      5.948e-02      
      1071      7.021e-02      
      1072      7.177e-02      
      1073      6.385e-02      
      1074      5.023e-02      
      1075      3.600e-02      
      1076      2.451e-02      
      1077      1.656e-02      
      1078      1.146e-02      
      1079      8.218e-03      
      1080      6.095e-03      
      1085      1.995e-03      
      1086      1.694e-03      
      1206      3.535e-03      
      1207      8.316e-03      
      1208      1.609e-02      
      1209      2.574e-02      
      1210      3.423e-02      
      1213      3.075e-02      
      1214      2.450e-02      
      1215      1.952e-02      
      1216      1.585e-02      
      1217      1.277e-02      
      1218      9.968e-03      
      1219      7.552e-03      
      1222      3.439e-03      
      1223      2.780e-03      
      2095      4.411e-03      
      2096      8.844e-03      
      2097      1.426e-02      
      2098      1.875e-02      
      2101      1.542e-02      
      2102      1.139e-02      
      2103      8.037e-03      
      2104      5.724e-03      
      2110      1.601e-03      
      2111      1.371e-03      
      2197      3.206e-03      
      2198      8.809e-03      
      2199      2.039e-02      
      2200      3.988e-02      
      2201      6.583e-02      
      2202      9.129e-02      
      2203      1.062e-01      
      2204      1.045e-01      
      2205      8.852e-02      
      2206      6.683e-02      
      2207      4.699e-02      
      2208      3.219e-02      
      2209      2.220e-02      
      2210      1.566e-02      
      2211      1.136e-02      
      2212      8.465e-03      
      2214      5.065e-03      
      2215      4.050e-03      
      2397      4.021e-03      
      2398      1.107e-02      
      2399      2.444e-02      
      2400      4.361e-02      
      2401      6.350e-02      
      2402      7.663e-02      
      2403      7.853e-02      
      2404      7.081e-02      
      2405      5.861e-02      
      2406      4.614e-02      
      2407      3.504e-02      
      2408      2.566e-02      
      2409      1.823e-02      
      2410      1.281e-02      
      2411      9.136e-03      
      2412      6.730e-03      
      2416      2.640e-03      
      2417      2.191e-03      
      2669      5.039e-03      
      2670      7.807e-03      
      2676      4.356e-03      
      2677      3.401e-03      
      2772      4.134e-03      
      2773      8.136e-03      
      2774      1.279e-02      
      2775      1.631e-02      
      2776      1.732e-02      
      2778      1.321e-02      
      2779      1.038e-02      
      2781      6.035e-03      
      2782      4.615e-03      
      2825      3.373e-04      
      2826      2.608e-04      
      2852      2.329e-03      
      2853      6.470e-03      
      2854      1.445e-02      
      2855      2.612e-02      
      2856      3.864e-02      
      2857      4.741e-02      
      2859      4.443e-02      
      2860      3.601e-02      
      2861      2.718e-02      
      2862      1.979e-02      
      2863      1.434e-02      
      2864      1.056e-02      
      2865      7.994e-03      
      2868      3.997e-03      
      2869      3.281e-03      
      3341      4.244e-03      
      3342      9.187e-03      
      3343      1.597e-02      
      3344      2.244e-02      
      3347      1.973e-02      
      3348      1.415e-02      
      3349      9.607e-03      
      3350      6.603e-03      
      3351      4.784e-03      
      3368      4.398e-04      
      3369      4.360e-04      
      3548      3.339e-03      
      3549      5.573e-03      
      3562      1.250e-03      
      3563      1.090e-03
3624   1.090e-03