0      0.0      
      1      0.000e+00      
      35      8.015e-03      
      36      1.518e-02      
      43      1.706e-03      
      44      5.326e-04      
      362      1.244e-02      
      363      3.096e-02      
      364      6.258e-02      
      365      1.025e-01      
      366      1.358e-01      
      368      1.251e-01      
      369      8.691e-02      
      370      4.896e-02      
      371      2.262e-02      
      372      8.759e-03      
      373      2.956e-03      
      411      1.504e-02      
      412      2.851e-02      
      413      4.336e-02      
      414      5.447e-02      
      415      5.961e-02      
      418      5.525e-02      
      419      4.503e-02      
      420      3.104e-02      
      421      1.783e-02      
      423      3.653e-03      
      424      1.429e-03      
      2095      9.441e-03      
      2096      1.863e-02      
      2097      2.936e-02      
      2098      3.730e-02      
      2101      2.413e-02      
      2102      1.483e-02      
      2105      1.336e-03      
      2106      4.385e-04      
      2197      1.096e-02      
      2198      2.792e-02      
      2199      5.947e-02      
      2200      1.061e-01      
      2201      1.581e-01      
      2202      1.949e-01      
      2203      1.969e-01      
      2204      1.616e-01      
      2205      1.071e-01      
      2206      5.726e-02      
      2207      2.489e-02      
      2208      8.991e-03      
      2397      2.282e-02      
      2398      5.731e-02      
      2399      1.133e-01      
      2400      1.769e-01      
      2401      2.188e-01      
      2402      2.160e-01      
      2403      1.735e-01      
      2404      1.191e-01      
      2405      7.841e-02      
      2406      5.886e-02      
      2409      5.014e-02      
      2410      4.186e-02      
      2411      3.066e-02      
      2412      2.063e-02      
      2414      9.206e-03      
      2415      5.811e-03      
      2668      1.350e-02      
      2669      2.581e-02      
      2670      3.875e-02      
      2671      4.578e-02      
      2673      3.189e-02      
      2674      1.923e-02      
      2675      9.676e-03      
      2676      4.305e-03      
      2773      1.595e-02      
      2774      2.562e-02      
      2775      3.470e-02      
      2776      4.196e-02      
      2781      3.100e-02      
      2782      1.830e-02      
      2784      4.110e-03      
      2785      1.799e-03      
      2852      8.841e-03      
      2853      2.372e-02      
      2854      5.146e-02      
      2855      9.032e-02      
      2856      1.284e-01      
      2857      1.479e-01      
      2858      1.384e-01      
      2859      1.054e-01      
      2860      6.572e-02      
      2861      3.402e-02      
      2862      1.506e-02      
      2865      1.013e-03      
      2866      4.323e-04      
      3140      1.103e-02      
      3141      1.720e-02      
      3149      3.159e-03      
      3150      2.697e-03      
      3342      1.431e-02      
      3343      2.751e-02      
      3344      4.202e-02      
      3347      4.014e-02      
      3348      2.637e-02      
      3349      1.459e-02      
      3350      7.014e-03
3624   7.014e-03