0      0.0      
      1      0.000e+00      
      362      1.906e-02      
      363      4.852e-02      
      364      1.011e-01      
      365      1.719e-01      
      366      2.384e-01      
      367      2.692e-01      
      368      2.482e-01      
      369      1.885e-01      
      370      1.200e-01      
      371      6.618e-02      
      372      3.323e-02      
      373      1.607e-02      
      374      7.804e-03      
      411      2.086e-02      
      412      4.010e-02      
      413      6.216e-02      
      414      7.976e-02      
      415      8.859e-02      
      418      8.046e-02      
      419      6.626e-02      
      420      4.727e-02      
      421      2.897e-02      
      422      1.579e-02      
      423      8.430e-03      
      1986      2.447e-02      
      1987      3.256e-02      
      1991      1.320e-02      
      1992      6.936e-03      
      2094      1.099e-02      
      2095      2.719e-02      
      2096      5.305e-02      
      2097      8.211e-02      
      2100      8.370e-02      
      2101      5.753e-02      
      2102      3.377e-02      
      2103      1.738e-02      
      2104      8.118e-03      
      2197      1.372e-02      
      2198      3.548e-02      
      2199      7.598e-02      
      2200      1.352e-01      
      2201      2.000e-01      
      2202      2.455e-01      
      2203      2.496e-01      
      2204      2.098e-01      
      2205      1.461e-01      
      2206      8.489e-02      
      2207      4.177e-02      
      2208      1.797e-02      
      2396      1.755e-02      
      2397      5.652e-02      
      2398      1.434e-01      
      2399      2.872e-01      
      2400      4.556e-01      
      2401      5.752e-01      
      2402      5.825e-01      
      2403      4.815e-01      
      2404      3.384e-01      
      2405      2.212e-01      
      2406      1.541e-01      
      2407      1.248e-01      
      2408      1.115e-01      
      2409      9.945e-02      
      2410      8.312e-02      
      2411      6.448e-02      
      2412      4.807e-02      
      2413      3.568e-02      
      2415      1.749e-02      
      2416      1.061e-02      
      2668      1.768e-02      
      2669      3.382e-02      
      2670      5.079e-02      
      2671      6.016e-02      
      2673      4.271e-02      
      2674      2.643e-02      
      2676      6.765e-03      
      2677      3.321e-03      
      2773      1.916e-02      
      2774      3.096e-02      
      2775      4.323e-02      
      2776      5.615e-02      
      2777      7.107e-02      
      2778      8.523e-02      
      2780      8.025e-02      
      2781      5.842e-02      
      2782      3.494e-02      
      2783      1.766e-02      
      2784      8.044e-03      
      2853      2.442e-02      
      2854      5.146e-02      
      2855      8.849e-02      
      2856      1.248e-01      
      2857      1.449e-01      
      2858      1.392e-01      
      2859      1.112e-01      
      2860      7.430e-02      
      2861      4.208e-02      
      2862      2.072e-02      
      2866      1.008e-03      
      2867      4.942e-04      
      3139      1.416e-02      
      3140      2.937e-02      
      3141      4.843e-02      
      3142      6.367e-02      
      3144      5.676e-02      
      3145      3.921e-02      
      3146      2.274e-02      
      3147      1.194e-02      
      3342      2.029e-02      
      3343      4.042e-02      
      3344      6.426e-02      
      3345      8.204e-02      
      3346      8.479e-02      
      3347      7.161e-02      
      3348      5.006e-02      
      3349      2.950e-02      
      3350      1.508e-02      
      3351      7.005e-03
3624   7.005e-03