0      0.0      
      1      0.000e+00      
      363      1.649e-02      
      364      3.522e-02      
      365      6.102e-02      
      366      8.537e-02      
      368      8.759e-02      
      369      6.492e-02      
      370      3.997e-02      
      371      2.121e-02      
      372      1.022e-02      
      373      4.663e-03      
      411      1.432e-02      
      412      2.633e-02      
      413      3.896e-02      
      419      3.242e-02      
      420      2.291e-02      
      421      1.411e-02      
      422      8.139e-03      
      2096      1.369e-02      
      2097      2.107e-02      
      2102      8.734e-03      
      2103      4.345e-03      
      2197      7.755e-03      
      2198      1.942e-02      
      2199      4.019e-02      
      2200      6.898e-02      
      2201      9.833e-02      
      2202      1.163e-01      
      2203      1.140e-01      
      2204      9.258e-02      
      2205      6.239e-02      
      2206      3.521e-02      
      2207      1.696e-02      
      2208      7.229e-03      
      2209      2.878e-03      
      2396      6.396e-03      
      2397      2.047e-02      
      2398      5.150e-02      
      2399      1.020e-01      
      2400      1.596e-01      
      2401      1.979e-01      
      2402      1.956e-01      
      2403      1.566e-01      
      2404      1.053e-01      
      2405      6.450e-02      
      2406      4.051e-02      
      2407      2.799e-02      
      2408      2.058e-02      
      2409      1.536e-02      
      2416      2.969e-03      
      2417      1.673e-03      
      2570      1.106e-02      
      2571      1.573e-02      
      2576      4.267e-03      
      2577      2.193e-03      
      2668      9.647e-03      
      2669      1.841e-02      
      2670      2.762e-02      
      2671      3.269e-02      
      2673      2.335e-02      
      2674      1.462e-02      
      2676      3.942e-03      
      2677      2.002e-03      
      2773      9.524e-03      
      2774      1.572e-02      
      2775      2.301e-02      
      2776      3.220e-02      
      2777      4.404e-02      
      2778      5.572e-02      
      2780      5.438e-02      
      2781      3.944e-02      
      2782      2.322e-02      
      2783      1.135e-02      
      2784      4.837e-03      
      2852      1.040e-02      
      2853      2.659e-02      
      2854      5.602e-02      
      2855      9.746e-02      
      2856      1.400e-01      
      2857      1.658e-01      
      2858      1.613e-01      
      2859      1.287e-01      
      2860      8.419e-02      
      2861      4.543e-02      
      2862      2.056e-02      
      2863      8.108e-03      
      2864      2.984e-03      
      3140      1.369e-02      
      3141      2.335e-02      
      3146      1.177e-02      
      3147      5.856e-03      
      3341      8.002e-03      
      3342      1.951e-02      
      3343      3.778e-02      
      3344      5.830e-02      
      3345      7.198e-02      
      3346      7.152e-02      
      3347      5.761e-02      
      3348      3.796e-02      
      3349      2.074e-02      
      3350      9.580e-03      
      3351      3.874e-03      
      3548      1.208e-02      
      3549      2.205e-02      
      3550      3.162e-02      
      3551      3.563e-02      
      3552      3.160e-02      
      3553      2.214e-02      
      3554      1.236e-02      
      3555      5.606e-03
3624   5.606e-03