0      0.0      
      1      0.000e+00      
      367      3.281e-02      
      368      4.186e-02      
      371      2.594e-02      
      372      1.616e-02      
      427      2.684e-02      
      428      4.900e-02      
      429      8.157e-02      
      430      1.224e-01      
      431      1.659e-01      
      432      2.055e-01      
      433      2.365e-01      
      434      2.570e-01      
      435      2.669e-01      
      437      2.558e-01      
      438      2.358e-01      
      439      2.086e-01      
      440      1.772e-01      
      441      1.453e-01      
      442      1.163e-01      
      443      9.253e-02      
      444      7.482e-02      
      446      5.390e-02      
      447      4.801e-02      
      454      2.435e-02      
      455      2.136e-02      
      1069      2.832e-02      
      1070      5.025e-02      
      1071      7.163e-02      
      1072      8.240e-02      
      1074      5.923e-02      
      1075      3.827e-02      
      1076      2.159e-02      
      1077      1.136e-02      
      1208      2.106e-02      
      1209      3.652e-02      
      1210      5.234e-02      
      1211      6.302e-02      
      1215      3.946e-02      
      1216      3.525e-02      
      1219      5.199e-02      
      1220      6.032e-02      
      1223      8.166e-02      
      1224      9.189e-02      
      1226      1.151e-01      
      1227      1.232e-01      
      1231      1.002e-01      
      1232      8.531e-02      
      1234      6.150e-02      
      1235      5.398e-02      
      1241      3.069e-02      
      1242      2.803e-02      
      1265      3.433e-03      
      1266      2.809e-03      
      1984      2.003e-02      
      1985      5.105e-02      
      1986      1.035e-01      
      1987      1.673e-01      
      1988      2.156e-01      
      1989      2.222e-01      
      1990      1.837e-01      
      1991      1.230e-01      
      1992      6.781e-02      
      1993      3.209e-02      
      1994      1.421e-02      
      1995      6.934e-03      
      2095      2.183e-02      
      2096      5.065e-02      
      2097      9.411e-02      
      2098      1.407e-01      
      2099      1.705e-01      
      2100      1.692e-01      
      2101      1.393e-01      
      2102      9.696e-02      
      2103      5.943e-02      
      2104      3.542e-02      
      2105      2.491e-02      
      2111      4.876e-02      
      2112      5.420e-02      
      2122      2.990e-02      
      2123      2.582e-02      
      2153      9.951e-04      
      2154      5.595e-04      
      2196      1.160e-02      
      2197      3.407e-02      
      2198      8.071e-02      
      2199      1.550e-01      
      2200      2.431e-01      
      2201      3.141e-01      
      2203      3.088e-01      
      2204      2.475e-01      
      2205      1.875e-01      
      2206      1.516e-01      
      2209      1.722e-01      
      2210      1.926e-01      
      2211      2.126e-01      
      2212      2.320e-01      
      2213      2.513e-01      
      2214      2.701e-01      
      2215      2.868e-01      
      2216      2.985e-01      
      2220      2.799e-01      
      2221      2.682e-01      
      2222      2.561e-01      
      2223      2.427e-01      
      2224      2.266e-01      
      2225      2.072e-01      
      2226      1.836e-01      
      2227      1.564e-01      
      2228      1.280e-01      
      2229      1.018e-01      
      2230      8.058e-02      
      2231      6.493e-02      
      2233      4.566e-02      
      2234      3.940e-02      
      2241      1.581e-02      
      2242      1.413e-02
3624   1.413e-02