0      0.0      
      1      1.667e-03      
      34      1.304e-02      
      35      2.456e-02      
      36      3.856e-02      
      37      4.992e-02      
      40      4.166e-02      
      41      3.278e-02      
      44      1.663e-02      
      45      1.385e-02      
      362      1.682e-02      
      363      4.630e-02      
      364      1.078e-01      
      365      2.065e-01      
      366      3.257e-01      
      367      4.270e-01      
      368      4.732e-01      
      369      4.536e-01      
      370      3.869e-01      
      371      3.027e-01      
      372      2.235e-01      
      373      1.596e-01      
      374      1.124e-01      
      375      7.945e-02      
      376      5.715e-02      
      377      4.222e-02      
      378      3.213e-02      
      381      1.659e-02      
      382      1.384e-02      
      412      2.943e-02      
      413      4.237e-02      
      414      5.443e-02      
      415      6.598e-02      
      416      7.856e-02      
      417      9.102e-02      
      420      8.548e-02      
      421      6.963e-02      
      422      5.401e-02      
      423      4.129e-02      
      425      2.513e-02      
      426      2.030e-02      
      440      3.712e-03      
      441      3.506e-03      
      1065      2.014e-02      
      1066      3.936e-02      
      1067      6.737e-02      
      1068      1.022e-01      
      1069      1.401e-01      
      1070      1.760e-01      
      1071      2.022e-01      
      1073      1.979e-01      
      1074      1.682e-01      
      1075      1.318e-01      
      1076      9.782e-02      
      1077      7.104e-02      
      1078      5.182e-02      
      1079      3.861e-02      
      1080      2.955e-02      
      1084      1.291e-02      
      1085      1.094e-02      
      1207      1.592e-02      
      1208      2.854e-02      
      1209      4.442e-02      
      1210      5.984e-02      
      1215      4.607e-02      
      1216      3.632e-02      
      1218      2.276e-02      
      1219      1.838e-02      
      1247      1.731e-03      
      1248      1.686e-03      
      1985      1.697e-02      
      1986      2.379e-02      
      1996      7.440e-03      
      1997      6.556e-03      
      2095      1.868e-02      
      2096      3.789e-02      
      2097      6.496e-02      
      2098      9.412e-02      
      2099      1.169e-01      
      2102      1.064e-01      
      2103      8.573e-02      
      2104      6.573e-02      
      2105      4.948e-02      
      2106      3.749e-02      
      2108      2.286e-02      
      2109      1.840e-02      
      2135      1.839e-03      
      2136      1.731e-03      
      2196      1.333e-02      
      2197      3.624e-02      
      2198      8.547e-02      
      2199      1.697e-01      
      2200      2.840e-01      
      2201      4.055e-01      
      2202      5.011e-01      
      2203      5.438e-01      
      2204      5.260e-01      
      2205      4.607e-01      
      2206      3.721e-01      
      2207      2.824e-01      
      2208      2.054e-01      
      2209      1.460e-01      
      2210      1.031e-01      
      2211      7.353e-02      
      2212      5.363e-02      
      2213      4.025e-02      
      2214      3.111e-02      
      2217      1.672e-02      
      2218      1.412e-02      
      2396      1.104e-02      
      2397      3.135e-02      
      2398      7.663e-02      
      2399      1.536e-01      
      2400      2.512e-01      
      2401      3.389e-01      
      2402      3.856e-01      
      2403      3.821e-01      
      2404      3.430e-01      
      2405      2.887e-01      
      2406      2.324e-01      
      2407      1.799e-01      
      2408      1.351e-01      
      2409      1.002e-01      
      2410      7.517e-02      
      2411      5.753e-02      
      2412      4.462e-02      
      2413      3.475e-02      
      2415      2.167e-02      
      2416      1.764e-02      
      2571      3.108e-02      
      2572      3.452e-02      
      2576      2.122e-02      
      2577      1.757e-02      
      2854      3.369e-02      
      2855      5.849e-02      
      2856      8.578e-02      
      2857      1.062e-01      
      2859      1.045e-01      
      2860      8.782e-02      
      2861      6.931e-02      
      2862      5.323e-02      
      2863      4.087e-02      
      2865      2.527e-02      
      2866      2.047e-02      
      2885      4.000e-03      
      2886      3.707e-03      
      3341      1.587e-02      
      3342      3.564e-02      
      3343      6.706e-02      
      3344      1.037e-01      
      3345      1.323e-01      
      3347      1.301e-01      
      3348      1.068e-01      
      3349      8.171e-02      
      3350      6.080e-02      
      3351      4.546e-02      
      3352      3.475e-02      
      3354      2.191e-02      
      3355      1.794e-02
3624   1.794e-02