0      0.0      
      1      0.000e+00      
      363      4.355e-03      
      364      1.140e-02      
      365      2.390e-02      
      366      4.048e-02      
      367      5.618e-02      
      368      6.512e-02      
      369      6.467e-02      
      370      5.670e-02      
      371      4.517e-02      
      372      3.343e-02      
      373      2.338e-02      
      374      1.581e-02      
      375      1.072e-02      
      376      7.555e-03      
      377      5.619e-03      
      385      1.328e-03      
      386      1.180e-03      
      1066      3.390e-03      
      1067      5.840e-03      
      1068      9.382e-03      
      1069      1.476e-02      
      1070      2.255e-02      
      1071      3.186e-02      
      1072      3.972e-02      
      1074      3.974e-02      
      1075      3.233e-02      
      1076      2.363e-02      
      1077      1.609e-02      
      1078      1.069e-02      
      1079      7.269e-03      
      1080      5.201e-03      
      1090      8.748e-04      
      1091      7.900e-04      
      1983      2.222e-03      
      1984      5.413e-03      
      1985      1.066e-02      
      1986      1.702e-02      
      1987      2.210e-02      
      1989      2.040e-02      
      1990      1.468e-02      
      1991      8.874e-03      
      1992      4.677e-03      
      1993      2.346e-03      
      2095      4.508e-03      
      2096      9.996e-03      
      2097      1.826e-02      
      2098      2.784e-02      
      2099      3.584e-02      
      2101      3.703e-02      
      2102      3.020e-02      
      2103      2.170e-02      
      2104      1.422e-02      
      2105      9.022e-03      
      2106      5.953e-03      
      2107      4.285e-03      
      2196      4.374e-03      
      2197      1.379e-02      
      2198      3.517e-02      
      2199      7.315e-02      
      2200      1.255e-01      
      2201      1.798e-01      
      2202      2.183e-01      
      2203      2.283e-01      
      2204      2.088e-01      
      2205      1.699e-01      
      2206      1.254e-01      
      2207      8.609e-02      
      2208      5.646e-02      
      2209      3.645e-02      
      2210      2.386e-02      
      2211      1.622e-02      
      2212      1.157e-02      
      2213      8.648e-03      
      2214      6.714e-03      
      2230      2.462e-03      
      2231      1.942e-03      
      2397      4.462e-03      
      2398      1.154e-02      
      2399      2.395e-02      
      2400      4.026e-02      
      2401      5.564e-02      
      2402      6.482e-02      
      2404      6.287e-02      
      2405      5.776e-02      
      2406      5.196e-02      
      2407      4.512e-02      
      2408      3.769e-02      
      2409      3.102e-02      
      2410      2.598e-02      
      2411      2.220e-02      
      2412      1.871e-02      
      2413      1.499e-02      
      2414      1.123e-02      
      2415      7.946e-03      
      2416      5.505e-03      
      2424      1.180e-03      
      2425      1.057e-03      
      2571      5.360e-03      
      2572      6.465e-03      
      2575      3.434e-03      
      2576      1.970e-03      
      2854      4.283e-03      
      2855      6.964e-03      
      2856      9.741e-03      
      2857      1.178e-02      
      2860      9.097e-03      
      2861      6.777e-03      
      2864      2.843e-03      
      2865      2.300e-03      
      3341      4.840e-03      
      3342      1.165e-02      
      3343      2.248e-02      
      3344      3.510e-02      
      3345      4.493e-02      
      3347      4.414e-02      
      3348      3.583e-02      
      3349      2.656e-02      
      3350      1.859e-02      
      3351      1.273e-02      
      3352      8.823e-03      
      3353      6.355e-03      
      3358      2.034e-03      
      3359      1.734e-03
3624   1.734e-03