0      0.0      
      1      2.500e-03      
      357      4.589e-03      
      358      7.695e-03      
      359      1.343e-02      
      360      2.200e-02      
      361      3.205e-02      
      362      4.064e-02      
      363      4.483e-02      
      364      4.360e-02      
      365      3.834e-02      
      366      3.142e-02      
      367      2.478e-02      
      368      1.935e-02      
      369      1.526e-02      
      370      1.231e-02      
      372      8.609e-03      
      373      7.431e-03      
      411      1.120e-02      
      412      1.204e-02      
      462      1.613e-02      
      463      1.634e-02      
      568      1.220e-02      
      569      1.207e-02      
      644      7.913e-03      
      645      7.838e-03      
      739      3.707e-03      
      740      3.657e-03      
      1062      6.182e-03      
      1063      9.773e-03      
      1064      1.481e-02      
      1065      2.046e-02      
      1066      2.555e-02      
      1067      2.907e-02      
      1068      3.021e-02      
      1069      2.871e-02      
      1070      2.511e-02      
      1071      2.068e-02      
      1072      1.659e-02      
      1073      1.337e-02      
      1075      9.337e-03      
      1076      8.073e-03      
      1084      4.074e-03      
      1085      3.873e-03      
      1200      6.142e-03      
      1201      1.251e-02      
      1202      2.608e-02      
      1203      4.861e-02      
      1204      7.747e-02      
      1205      1.054e-01      
      1206      1.244e-01      
      1207      1.313e-01      
      1208      1.278e-01      
      1209      1.178e-01      
      1210      1.042e-01      
      1211      8.867e-02      
      1212      7.311e-02      
      1213      5.965e-02      
      1214      4.976e-02      
      1215      4.363e-02      
      1222      4.694e-02      
      1223      4.901e-02      
      1225      5.287e-02      
      1226      5.448e-02      
      1229      5.801e-02      
      1230      5.909e-02      
      1233      6.257e-02      
      1234      6.350e-02      
      1242      6.079e-02      
      1243      5.892e-02      
      1245      5.493e-02      
      1246      5.323e-02      
      1267      4.965e-02      
      1268      4.766e-02      
      1270      4.380e-02      
      1271      4.244e-02      
      1288      3.859e-02      
      1289      3.808e-02      
      1293      3.461e-02      
      1294      3.385e-02      
      1314      2.980e-02      
      1315      2.926e-02      
      1338      2.537e-02      
      1339      2.499e-02      
      1360      2.089e-02      
      1361      2.063e-02      
      1386      1.728e-02      
      1387      1.625e-02      
      1411      1.221e-02      
      1412      1.161e-02      
      1458      7.569e-03      
      1459      7.411e-03      
      1792      3.290e-03      
      1793      3.240e-03      
      2094      6.959e-03      
      2095      9.905e-03      
      2103      6.263e-03      
      2104      5.622e-03      
      2561      7.307e-03      
      2562      1.227e-02      
      2563      1.810e-02      
      2564      2.267e-02      
      2567      1.910e-02      
      2568      1.550e-02      
      2569      1.253e-02      
      2570      1.031e-02      
      2573      6.524e-03      
      2574      5.782e-03      
      3322      1.627e-03      
      3323      1.586e-03
3624   1.586e-03