0      0.0      
      1      0.000e+00      
      333      1.905e-03      
      334      2.753e-03      
      340      1.385e-03      
      341      1.089e-03      
      357      1.404e-03      
      358      3.255e-03      
      359      6.590e-03      
      360      1.139e-02      
      361      1.672e-02      
      362      2.087e-02      
      364      2.076e-02      
      365      1.711e-02      
      366      1.282e-02      
      367      8.981e-03      
      368      6.084e-03      
      369      4.124e-03      
      370      2.878e-03      
      371      2.096e-03      
      376      6.670e-04      
      377      5.495e-04      
      1061      1.968e-03      
      1062      4.850e-03      
      1063      9.805e-03      
      1064      1.652e-02      
      1065      2.367e-02      
      1066      2.945e-02      
      1067      3.222e-02      
      1068      3.109e-02      
      1069      2.639e-02      
      1070      1.978e-02      
      1071      1.337e-02      
      1072      8.535e-03      
      1073      5.518e-03      
      1074      3.903e-03      
      1077      2.658e-03      
      1078      2.359e-03      
      1082      9.018e-04      
      1083      7.280e-04      
      1198      1.331e-03      
      1199      4.884e-03      
      1200      1.483e-02      
      1201      3.725e-02      
      1202      7.746e-02      
      1203      1.334e-01      
      1204      1.912e-01      
      1205      2.306e-01      
      1206      2.388e-01      
      1207      2.192e-01      
      1208      1.856e-01      
      1209      1.498e-01      
      1210      1.169e-01      
      1211      8.720e-02      
      1212      6.106e-02      
      1213      3.983e-02      
      1214      2.447e-02      
      1215      1.458e-02      
      1216      8.779e-03      
      1217      5.546e-03      
      1218      3.760e-03      
      1219      2.747e-03      
      1220      2.152e-03      
      1233      3.690e-03      
      1234      4.038e-03      
      1240      5.481e-03      
      1241      5.589e-03      
      1259      6.925e-03      
      1260      7.180e-03      
      1265      8.718e-03      
      1266      8.758e-03      
      1292      7.263e-03      
      1293      6.925e-03      
      1313      5.423e-03      
      1314      5.194e-03      
      1365      3.768e-03      
      1366      3.566e-03      
      1413      2.192e-03      
      1414      2.026e-03      
      1675      5.172e-04      
      1676      4.802e-04      
      2092      1.949e-03      
      2093      4.120e-03      
      2094      7.053e-03      
      2095      9.884e-03      
      2096      1.149e-02      
      2097      1.125e-02      
      2098      9.469e-03      
      2099      7.061e-03      
      2100      4.869e-03      
      2101      3.280e-03      
      2102      2.272e-03      
      2103      1.659e-03      
      2130      1.380e-04      
      2131      1.193e-04      
      2185      6.574e-04      
      2186      2.059e-03      
      2187      5.133e-03      
      2188      1.025e-02      
      2189      1.656e-02      
      2190      2.197e-02      
      2191      2.442e-02      
      2192      2.337e-02      
      2193      1.985e-02      
      2194      1.540e-02      
      2195      1.118e-02      
      2196      7.863e-03      
      2197      5.715e-03      
      2202      4.451e-03      
      2203      3.544e-03      
      2204      2.555e-03      
      2205      1.760e-03      
      2216      2.480e-04      
      2217      2.159e-04      
      2561      1.209e-03      
      2562      2.076e-03      
      2573      5.682e-04      
      2574      4.857e-04      
      3324      1.068e-03      
      3325      2.431e-03      
      3326      4.426e-03      
      3327      6.481e-03      
      3330      6.250e-03      
      3331      4.587e-03      
      3332      3.176e-03      
      3333      2.219e-03      
      3337      8.151e-04      
      3338      6.669e-04
3624   6.669e-04