0      0.0      
      1      0.000e+00      
      164      8.264e-04      
      165      1.011e-03      
      188      1.683e-03      
      189      1.992e-03      
      192      1.298e-03      
      193      8.626e-04      
      211      1.618e-03      
      212      1.997e-03      
      216      1.237e-03      
      217      8.262e-04      
      331      1.345e-03      
      332      2.835e-03      
      333      4.754e-03      
      334      6.369e-03      
      336      6.071e-03      
      337      4.561e-03      
      338      3.154e-03      
      339      2.266e-03      
      340      1.851e-03      
      349      9.653e-04      
      350      8.756e-04      
      356      1.666e-03      
      357      3.615e-03      
      358      7.500e-03      
      359      1.373e-02      
      360      2.170e-02      
      361      2.946e-02      
      362      3.445e-02      
      363      3.501e-02      
      364      3.151e-02      
      365      2.589e-02      
      366      2.017e-02      
      367      1.557e-02      
      368      1.236e-02      
      369      1.026e-02      
      370      8.857e-03      
      371      7.813e-03      
      372      6.952e-03      
      373      6.202e-03      
      374      5.537e-03      
      375      4.948e-03      
      376      4.425e-03      
      377      3.961e-03      
      379      3.196e-03      
      380      2.884e-03      
      384      1.946e-03      
      385      1.760e-03      
      391      8.949e-04      
      392      7.914e-04      
      407      1.618e-03      
      408      2.758e-03      
      409      4.024e-03      
      410      4.996e-03      
      415      4.209e-03      
      416      3.723e-03      
      418      2.784e-03      
      419      2.569e-03      
      447      1.624e-03      
      448      1.597e-03      
      475      6.748e-04      
      476      6.126e-04      
      1059      8.441e-04      
      1060      1.661e-03      
      1061      3.455e-03      
      1062      6.836e-03      
      1063      1.197e-02      
      1064      1.803e-02      
      1065      2.347e-02      
      1066      2.686e-02      
      1067      2.760e-02      
      1068      2.578e-02      
      1069      2.204e-02      
      1070      1.754e-02      
      1071      1.358e-02      
      1072      1.088e-02      
      1073      9.446e-03      
      1077      8.576e-03      
      1078      7.816e-03      
      1079      6.767e-03      
      1080      5.758e-03      
      1081      4.990e-03      
      1082      4.465e-03      
      1085      3.542e-03      
      1086      3.316e-03      
      1091      2.430e-03      
      1092      2.280e-03      
      1097      1.357e-03      
      1098      1.084e-03      
      1148      1.342e-04      
      1149      1.075e-04      
      1197      3.389e-04      
      1198      1.134e-03      
      1199      3.768e-03      
      1200      1.093e-02      
      1201      2.683e-02      
      1202      5.525e-02      
      1203      9.528e-02      
      1204      1.380e-01      
      1205      1.698e-01      
      1206      1.818e-01      
      1207      1.758e-01      
      1208      1.600e-01      
      1209      1.412e-01      
      1210      1.218e-01      
      1211      1.020e-01      
      1212      8.292e-02      
      1213      6.604e-02      
      1214      5.242e-02      
      1215      4.197e-02      
      1216      3.396e-02      
      1217      2.774e-02      
      1218      2.285e-02      
      1219      1.901e-02      
      1220      1.601e-02      
      1221      1.371e-02      
      1222      1.200e-02      
      1223      1.076e-02      
      1224      9.871e-03      
      1225      9.216e-03      
      1227      8.294e-03      
      1228      7.981e-03      
      1238      8.819e-03      
      1239      8.952e-03      
      1254      9.882e-03      
      1255      1.009e-02      
      1260      1.102e-02      
      1261      1.113e-02      
      1289      1.034e-02      
      1290      9.895e-03      
      1291      9.407e-03      
      1292      8.931e-03      
      1312      8.132e-03      
      1313      7.947e-03      
      1319      7.016e-03      
      1320      6.931e-03      
      1362      6.056e-03      
      1363      5.866e-03      
      1411      5.105e-03      
      1412      4.821e-03      
      1433      3.873e-03      
      1434      3.649e-03      
      1486      2.704e-03      
      1487      2.655e-03      
      1572      1.724e-03      
      1573      1.601e-03      
      1583      6.614e-04      
      1584      6.383e-04      
      2091      9.430e-04      
      2092      2.519e-03      
      2093      5.397e-03      
      2094      9.340e-03      
      2095      1.315e-02      
      2096      1.521e-02      
      2097      1.463e-02      
      2098      1.196e-02      
      2099      8.670e-03      
      2100      6.029e-03      
      2101      4.456e-03      
      2102      3.703e-03      
      2103      3.361e-03      
      2108      2.414e-03      
      2109      2.233e-03      
      2114      1.408e-03      
      2115      1.264e-03      
      2129      3.075e-04      
      2130      2.887e-04      
      2185      7.607e-04      
      2186      2.383e-03      
      2187      5.886e-03      
      2188      1.153e-02      
      2189      1.808e-02      
      2190      2.307e-02      
      2191      2.456e-02      
      2192      2.269e-02      
      2193      1.907e-02      
      2194      1.528e-02      
      2195      1.207e-02      
      2196      9.779e-03      
      2197      8.617e-03      
      2198      8.668e-03      
      2199      9.634e-03      
      2200      1.078e-02      
      2202      1.053e-02      
      2203      8.938e-03      
      2204      7.142e-03      
      2205      5.702e-03      
      2206      4.764e-03      
      2207      4.191e-03      
      2209      3.488e-03      
      2210      3.204e-03      
      2214      2.260e-03      
      2215      2.070e-03      
      2221      1.111e-03      
      2222      9.893e-04      
      2281      3.849e-05      
      2282      2.156e-05      
      2559      7.571e-04      
      2560      2.003e-03      
      2561      4.200e-03      
      2562      6.999e-03      
      2563      9.304e-03      
      2565      8.656e-03      
      2566      6.380e-03      
      2567      4.301e-03      
      2568      3.008e-03      
      2571      2.075e-03      
      2572      1.979e-03      
      2579      1.123e-03      
      2580      1.011e-03      
      2640      5.767e-05      
      2641      3.849e-05      
      3324      9.703e-04      
      3325      2.150e-03      
      3326      3.904e-03      
      3327      5.682e-03      
      3330      5.104e-03      
      3331      3.788e-03      
      3332      2.890e-03      
      3333      2.447e-03      
      3340      1.525e-03      
      3341      1.396e-03      
      3352      4.653e-04      
      3353      4.245e-04
3624   4.245e-04