0      0.0      
      1      0.000e+00      
      329      4.413e-04      
      330      1.272e-03      
      331      2.941e-03      
      332      5.474e-03      
      333      8.249e-03      
      334      1.015e-02      
      335      1.032e-02      
      336      8.856e-03      
      337      6.591e-03      
      338      4.415e-03      
      339      2.786e-03      
      340      1.745e-03      
      341      1.143e-03      
      356      9.320e-04      
      357      2.450e-03      
      358      5.516e-03      
      359      1.038e-02      
      360      1.638e-02      
      361      2.200e-02      
      362      2.562e-02      
      363      2.632e-02      
      364      2.419e-02      
      365      1.996e-02      
      366      1.477e-02      
      367      9.784e-03      
      368      5.888e-03      
      369      3.353e-03      
      370      1.934e-03      
      371      1.207e-03      
      372      8.311e-04      
      406      1.020e-03      
      407      2.116e-03      
      408      3.589e-03      
      409      5.029e-03      
      413      4.747e-03      
      414      3.909e-03      
      415      3.057e-03      
      416      2.234e-03      
      417      1.535e-03      
      418      1.036e-03      
      1056      1.689e-03      
      1057      2.842e-03      
      1058      4.386e-03      
      1059      6.475e-03      
      1060      9.426e-03      
      1061      1.388e-02      
      1062      2.097e-02      
      1063      3.172e-02      
      1064      4.535e-02      
      1065      5.822e-02      
      1066      6.545e-02      
      1067      6.413e-02      
      1068      5.501e-02      
      1069      4.163e-02      
      1070      2.811e-02      
      1071      1.736e-02      
      1072      1.039e-02      
      1073      6.718e-03      
      1074      5.269e-03      
      1077      4.274e-03      
      1078      3.399e-03      
      1079      2.469e-03      
      1080      1.797e-03      
      1196      2.384e-03      
      1197      5.348e-03      
      1198      1.485e-02      
      1199      3.907e-02      
      1200      8.833e-02      
      1201      1.680e-01      
      1202      2.686e-01      
      1203      3.626e-01      
      1204      4.161e-01      
      1205      4.107e-01      
      1206      3.556e-01      
      1207      2.778e-01      
      1208      2.025e-01      
      1209      1.417e-01      
      1210      9.669e-02      
      1211      6.458e-02      
      1212      4.250e-02      
      1213      2.810e-02      
      1214      1.928e-02      
      1215      1.414e-02      
      1216      1.122e-02      
      1217      9.551e-03      
      1218      8.574e-03      
      1219      7.972e-03      
      1231      8.854e-03      
      1232      9.182e-03      
      1237      1.019e-02      
      1238      1.029e-02      
      1249      1.103e-02      
      1250      1.140e-02      
      1260      1.240e-02      
      1261      1.248e-02      
      1291      1.171e-02      
      1292      1.114e-02      
      1294      1.024e-02      
      1295      1.001e-02      
      1304      1.107e-02      
      1305      1.122e-02      
      1313      1.043e-02      
      1314      9.935e-03      
      1316      8.879e-03      
      1317      8.480e-03      
      1341      7.426e-03      
      1342      7.218e-03      
      1389      6.166e-03      
      1390      5.939e-03      
      1401      6.957e-03      
      1402      7.081e-03      
      1408      6.261e-03      
      1409      6.006e-03      
      1412      5.020e-03      
      1413      4.769e-03      
      1434      3.830e-03      
      1435      3.558e-03      
      1529      2.652e-03      
      1530      2.485e-03      
      1558      1.423e-03      
      1559      1.398e-03      
      1724      3.581e-04      
      1725      2.574e-04      
      2090      4.664e-04      
      2091      1.478e-03      
      2092      3.683e-03      
      2093      7.239e-03      
      2094      1.128e-02      
      2095      1.405e-02      
      2096      1.412e-02      
      2097      1.165e-02      
      2098      8.101e-03      
      2099      4.965e-03      
      2100      2.871e-03      
      2101      1.706e-03      
      2103      7.920e-04      
      2104      6.026e-04      
      2184      1.526e-03      
      2185      4.341e-03      
      2186      9.861e-03      
      2187      1.794e-02      
      2188      2.622e-02      
      2189      3.097e-02      
      2190      2.980e-02      
      2191      2.368e-02      
      2192      1.589e-02      
      2193      9.350e-03      
      2194      5.105e-03      
      2195      2.796e-03      
      2196      1.665e-03      
      2202      7.295e-04      
      2203      5.598e-04      
      3323      1.602e-03      
      3324      3.429e-03      
      3325      5.913e-03      
      3326      8.282e-03      
      3327      9.549e-03      
      3328      9.317e-03      
      3329      8.154e-03      
      3330      7.031e-03      
      3332      6.029e-03      
      3333      5.428e-03      
      3334      4.577e-03      
      3335      3.729e-03      
      3336      3.028e-03      
      3337      2.428e-03      
      3339      1.448e-03      
      3340      1.142e-03      
      3358      8.253e-05      
      3359      6.380e-05
3624   6.380e-05