0      0.0      
      1      0.000e+00      
      187      1.787e-03      
      188      2.597e-03      
      203      2.850e-04      
      204      2.578e-04      
      330      1.473e-03      
      331      3.647e-03      
      332      7.435e-03      
      333      1.265e-02      
      334      1.826e-02      
      335      2.276e-02      
      338      2.076e-02      
      339      1.625e-02      
      340      1.183e-02      
      341      8.338e-03      
      342      5.919e-03      
      343      4.341e-03      
      344      3.309e-03      
      350      1.089e-03      
      351      9.585e-04      
      356      2.226e-03      
      357      5.505e-03      
      358      1.245e-02      
      359      2.382e-02      
      360      3.810e-02      
      361      5.144e-02      
      362      5.971e-02      
      363      6.098e-02      
      364      5.598e-02      
      365      4.689e-02      
      366      3.612e-02      
      367      2.583e-02      
      368      1.750e-02      
      369      1.163e-02      
      370      7.888e-03      
      371      5.588e-03      
      372      4.139e-03      
      375      1.991e-03      
      376      1.622e-03      
      406      2.223e-03      
      407      4.473e-03      
      408      7.672e-03      
      409      1.106e-02      
      410      1.346e-02      
      413      1.127e-02      
      414      9.247e-03      
      415      7.362e-03      
      416      5.710e-03      
      417      4.364e-03      
      418      3.371e-03      
      428      1.047e-03      
      429      9.830e-04      
      493      2.971e-03      
      494      3.341e-03      
      496      4.928e-03      
      497      5.828e-03      
      503      3.789e-03      
      504      3.449e-03      
      659      1.151e-03      
      660      1.123e-03      
      1054      2.202e-03      
      1055      5.272e-03      
      1056      1.053e-02      
      1057      1.793e-02      
      1058      2.675e-02      
      1059      3.594e-02      
      1060      4.462e-02      
      1061      5.258e-02      
      1062      6.088e-02      
      1063      7.158e-02      
      1064      8.565e-02      
      1065      1.004e-01      
      1066      1.100e-01      
      1067      1.091e-01      
      1068      9.678e-02      
      1069      7.700e-02      
      1070      5.562e-02      
      1071      3.740e-02      
      1072      2.446e-02      
      1073      1.665e-02      
      1074      1.270e-02      
      1075      1.098e-02      
      1076      9.971e-03      
      1077      8.695e-03      
      1078      7.001e-03      
      1079      5.258e-03      
      1080      3.841e-03      
      1099      1.691e-03      
      1100      1.430e-03      
      1107      3.531e-03      
      1108      3.772e-03      
      1196      4.851e-03      
      1197      6.508e-03      
      1198      1.267e-02      
      1199      2.953e-02      
      1200      6.586e-02      
      1201      1.279e-01      
      1202      2.105e-01      
      1203      2.921e-01      
      1204      3.433e-01      
      1205      3.463e-01      
      1206      3.076e-01      
      1207      2.495e-01      
      1208      1.924e-01      
      1209      1.451e-01      
      1210      1.081e-01      
      1211      7.906e-02      
      1212      5.668e-02      
      1213      4.026e-02      
      1214      2.902e-02      
      1215      2.178e-02      
      1216      1.729e-02      
      1217      1.449e-02      
      1218      1.270e-02      
      1219      1.160e-02      
      1226      1.372e-02      
      1227      1.468e-02      
      1229      1.648e-02      
      1230      1.712e-02      
      1250      1.889e-02      
      1251      1.960e-02      
      1290      1.792e-02      
      1291      1.711e-02      
      1295      1.484e-02      
      1296      1.461e-02      
      1316      1.248e-02      
      1317      1.221e-02      
      1387      1.008e-02      
      1388      9.610e-03      
      1411      7.564e-03      
      1412      6.890e-03      
      1460      4.613e-03      
      1461      4.384e-03      
      1472      6.688e-03      
      1473      6.728e-03      
      1483      4.650e-03      
      1484      4.397e-03      
      1556      2.154e-03      
      1557      1.602e-03      
      2091      2.275e-03      
      2092      5.735e-03      
      2093      1.146e-02      
      2094      1.828e-02      
      2095      2.355e-02      
      2097      2.205e-02      
      2098      1.698e-02      
      2099      1.190e-02      
      2100      8.022e-03      
      2101      5.491e-03      
      2102      3.940e-03      
      2103      2.974e-03      
      2111      7.101e-04      
      2112      6.314e-04      
      2184      1.224e-03      
      2185      3.513e-03      
      2186      8.052e-03      
      2187      1.477e-02      
      2188      2.179e-02      
      2189      2.603e-02      
      2190      2.550e-02      
      2191      2.092e-02      
      2192      1.493e-02      
      2193      9.831e-03      
      2194      6.435e-03      
      2195      4.454e-03      
      2196      3.327e-03      
      2203      1.240e-03      
      2204      9.820e-04      
      3270      2.596e-03      
      3271      3.965e-03      
      3276      1.811e-03      
      3277      1.264e-03      
      3327      2.863e-03      
      3328      4.510e-03      
      3329      7.397e-03      
      3330      1.190e-02      
      3331      1.714e-02      
      3332      2.110e-02      
      3334      2.092e-02      
      3335      1.853e-02      
      3336      1.612e-02      
      3337      1.401e-02      
      3338      1.252e-02      
      3342      1.113e-02      
      3343      9.315e-03      
      3344      7.216e-03      
      3345      5.383e-03      
      3347      3.072e-03      
      3348      2.415e-03      
      3377      9.308e-05      
      3378      5.215e-05
3624   5.215e-05