0      0.0      
      1      0.000e+00      
      332      2.211e-03      
      333      3.536e-03      
      337      2.211e-03      
      338      1.092e-03      
      357      3.138e-03      
      358      7.202e-03      
      359      1.372e-02      
      360      2.185e-02      
      361      2.914e-02      
      362      3.258e-02      
      363      3.061e-02      
      364      2.429e-02      
      365      1.641e-02      
      366      9.499e-03      
      367      4.706e-03      
      368      1.977e-03      
      1061      2.394e-03      
      1062      5.760e-03      
      1063      1.124e-02      
      1064      1.812e-02      
      1065      2.463e-02      
      1066      2.889e-02      
      1067      2.957e-02      
      1068      2.624e-02      
      1069      1.982e-02      
      1070      1.247e-02      
      1071      6.429e-03      
      1072      2.713e-03      
      1079      5.761e-04      
      1080      3.084e-04      
      1198      1.088e-03      
      1199      3.743e-03      
      1200      1.070e-02      
      1201      2.535e-02      
      1202      4.955e-02      
      1203      7.971e-02      
      1204      1.058e-01      
      1205      1.172e-01      
      1206      1.110e-01      
      1207      9.371e-02      
      1208      7.416e-02      
      1209      5.679e-02      
      1210      4.164e-02      
      1211      2.802e-02      
      1212      1.653e-02      
      1213      8.271e-03      
      1214      3.444e-03      
      1215      1.184e-03      
      1216      3.336e-04      
      2091      1.632e-03      
      2092      4.154e-03      
      2093      8.388e-03      
      2094      1.351e-02      
      2095      1.746e-02      
      2097      1.541e-02      
      2098      1.060e-02      
      2099      5.927e-03      
      2100      2.687e-03      
      2101      9.831e-04      
      2102      2.885e-04      
      2185      1.209e-03      
      2186      3.589e-03      
      2187      8.419e-03      
      2188      1.564e-02      
      2189      2.307e-02      
      2190      2.725e-02      
      2191      2.610e-02      
      2192      2.070e-02      
      2193      1.404e-02      
      2194      8.450e-03      
      2195      4.646e-03      
      2196      2.427e-03      
      2197      1.422e-03      
      2560      2.480e-03      
      2561      5.214e-03      
      2562      8.669e-03      
      2563      1.140e-02      
      2565      9.718e-03      
      2566      6.285e-03      
      2567      3.200e-03      
      2568      1.281e-03      
      2569      4.022e-04      
      3324      1.542e-03      
      3325      3.291e-03      
      3326      5.552e-03      
      3327      7.404e-03      
      3329      6.470e-03      
      3330      4.228e-03      
      3331      2.172e-03      
      3332      8.757e-04
3624   8.757e-04