0      0.0      
      1      0.000e+00      
      331      2.963e-03      
      332      5.842e-03      
      333      9.088e-03      
      334      1.118e-02      
      335      1.091e-02      
      336      8.463e-03      
      337      5.238e-03      
      338      2.595e-03      
      339      1.032e-03      
      340      3.306e-04      
      356      9.799e-04      
      357      2.945e-03      
      358      7.326e-03      
      359      1.515e-02      
      360      2.606e-02      
      361      3.732e-02      
      362      4.454e-02      
      363      4.447e-02      
      364      3.741e-02      
      365      2.671e-02      
      366      1.626e-02      
      367      8.430e-03      
      368      3.695e-03      
      369      1.355e-03      
      407      2.155e-03      
      408      3.835e-03      
      409      5.476e-03      
      410      6.305e-03      
      412      4.690e-03      
      413      3.337e-03      
      415      1.677e-03      
      416      1.162e-03      
      1060      2.057e-03      
      1061      4.943e-03      
      1062      9.971e-03      
      1063      1.707e-02      
      1064      2.506e-02      
      1065      3.192e-02      
      1066      3.564e-02      
      1067      3.511e-02      
      1068      3.039e-02      
      1069      2.281e-02      
      1070      1.458e-02      
      1071      7.829e-03      
      1072      3.560e-03      
      1073      1.572e-03      
      1197      8.664e-04      
      1198      3.664e-03      
      1199      1.268e-02      
      1200      3.616e-02      
      1201      8.523e-02      
      1202      1.665e-01      
      1203      2.697e-01      
      1204      3.637e-01      
      1205      4.110e-01      
      1206      3.952e-01      
      1207      3.321e-01      
      1208      2.529e-01      
      1209      1.807e-01      
      1210      1.230e-01      
      1211      7.884e-02      
      1212      4.640e-02      
      1213      2.470e-02      
      1214      1.214e-02      
      1215      5.999e-03      
      1216      3.461e-03      
      1225      5.008e-03      
      1226      5.772e-03      
      1231      7.623e-03      
      1232      8.037e-03      
      1252      9.895e-03      
      1253      1.003e-02      
      1293      8.188e-03      
      1294      8.039e-03      
      1362      6.330e-03      
      1363      6.009e-03      
      1412      4.057e-03      
      1413      3.642e-03      
      1552      1.710e-03      
      1553      1.352e-03      
      2091      1.787e-03      
      2092      4.419e-03      
      2093      8.597e-03      
      2094      1.321e-02      
      2095      1.612e-02      
      2096      1.570e-02      
      2097      1.229e-02      
      2098      7.803e-03      
      2099      4.043e-03      
      2100      1.720e-03      
      2185      1.554e-03      
      2186      4.757e-03      
      2187      1.151e-02      
      2188      2.207e-02      
      2189      3.378e-02      
      2190      4.170e-02      
      2191      4.221e-02      
      2192      3.587e-02      
      2193      2.633e-02      
      2194      1.712e-02      
      2195      9.991e-03      
      2196      5.366e-03      
      2197      3.109e-03      
      2199      3.892e-03      
      2200      5.262e-03      
      2203      3.744e-03      
      2204      2.112e-03      
      2206      3.379e-04      
      2207      9.613e-05      
      2562      1.984e-03      
      2563      2.554e-03      
      2567      6.667e-04      
      2568      2.633e-04      
      3324      1.424e-03      
      3325      3.363e-03      
      3326      6.220e-03      
      3327      9.007e-03      
      3329      9.060e-03      
      3330      6.298e-03      
      3331      3.432e-03      
      3332      1.469e-03
3624   1.469e-03