0      0.0      
      1      0.000e+00      
      331      2.603e-03      
      332      5.021e-03      
      333      7.603e-03      
      336      6.258e-03      
      337      3.647e-03      
      338      1.679e-03      
      339      6.116e-04      
      357      2.338e-03      
      358      5.472e-03      
      359      1.050e-02      
      360      1.664e-02      
      361      2.195e-02      
      362      2.436e-02      
      363      2.302e-02      
      364      1.876e-02      
      365      1.333e-02      
      366      8.274e-03      
      367      4.445e-03      
      368      2.033e-03      
      1061      3.749e-03      
      1062      7.915e-03      
      1063      1.417e-02      
      1064      2.157e-02      
      1065      2.798e-02      
      1066      3.107e-02      
      1067      2.967e-02      
      1068      2.438e-02      
      1069      1.711e-02      
      1070      1.013e-02      
      1071      4.991e-03      
      1072      2.047e-03      
      1197      1.389e-03      
      1198      5.309e-03      
      1199      1.642e-02      
      1200      4.136e-02      
      1201      8.537e-02      
      1202      1.454e-01      
      1203      2.061e-01      
      1204      2.453e-01      
      1205      2.484e-01      
      1206      2.177e-01      
      1207      1.693e-01      
      1208      1.207e-01      
      1209      8.149e-02      
      1210      5.307e-02      
      1211      3.324e-02      
      1212      1.968e-02      
      1213      1.090e-02      
      1214      5.719e-03      
      1215      3.058e-03      
      1227      8.895e-04      
      1228      4.983e-04      
      2091      1.652e-03      
      2092      4.040e-03      
      2093      7.746e-03      
      2094      1.168e-02      
      2097      9.885e-03      
      2098      5.991e-03      
      2099      2.942e-03      
      2100      1.178e-03      
      2101      3.859e-04      
      2185      2.229e-03      
      2186      5.840e-03      
      2187      1.242e-02      
      2188      2.149e-02      
      2189      3.035e-02      
      2190      3.534e-02      
      2191      3.456e-02      
      2192      2.917e-02      
      2193      2.190e-02      
      2194      1.491e-02      
      2195      9.203e-03      
      2196      5.153e-03      
      2197      2.914e-03      
      2204      1.480e-03      
      2205      6.433e-04      
      3325      2.530e-03      
      3326      4.575e-03      
      3327      6.549e-03      
      3328      7.447e-03      
      3329      6.798e-03      
      3330      5.103e-03      
      3331      3.311e-03      
      3332      1.993e-03
3624   1.993e-03