0      0.0      
      1      0.000e+00      
      330      1.309e-03      
      331      3.318e-03      
      332      6.647e-03      
      333      1.057e-02      
      334      1.341e-02      
      336      1.141e-02      
      337      7.918e-03      
      338      4.747e-03      
      339      2.612e-03      
      340      1.447e-03      
      357      2.742e-03      
      358      6.952e-03      
      359      1.454e-02      
      360      2.515e-02      
      361      3.607e-02      
      362      4.312e-02      
      363      4.338e-02      
      364      3.719e-02      
      365      2.759e-02      
      366      1.804e-02      
      367      1.070e-02      
      368      6.054e-03      
      369      3.565e-03      
      373      1.262e-03      
      374      1.083e-03      
      407      2.896e-03      
      408      5.170e-03      
      409      7.410e-03      
      410      8.590e-03      
      412      6.687e-03      
      413      5.031e-03      
      415      2.989e-03      
      416      2.282e-03      
      1060      4.443e-03      
      1061      7.964e-03      
      1062      1.395e-02      
      1063      2.214e-02      
      1064      3.096e-02      
      1065      3.772e-02      
      1067      3.668e-02      
      1068      2.943e-02      
      1069      2.070e-02      
      1070      1.288e-02      
      1071      7.272e-03      
      1072      4.048e-03      
      1080      1.680e-03      
      1081      1.052e-03      
      1197      1.836e-03      
      1198      7.734e-03      
      1199      2.618e-02      
      1200      7.174e-02      
      1201      1.601e-01      
      1202      2.929e-01      
      1203      4.419e-01      
      1204      5.528e-01      
      1205      5.771e-01      
      1206      5.081e-01      
      1207      3.846e-01      
      1208      2.583e-01      
      1209      1.607e-01      
      1210      9.648e-02      
      1211      5.678e-02      
      1212      3.254e-02      
      1213      1.819e-02      
      1214      1.031e-02      
      1215      6.368e-03      
      1216      4.473e-03      
      1217      3.524e-03      
      1225      5.843e-03      
      1226      6.550e-03      
      1230      8.929e-03      
      1231      9.228e-03      
      1250      1.121e-02      
      1251      1.187e-02      
      1291      9.927e-03      
      1292      9.322e-03      
      1313      7.061e-03      
      1314      6.430e-03      
      1339      4.164e-03      
      1340      3.997e-03      
      1378      6.375e-03      
      1379      6.402e-03      
      1386      4.500e-03      
      1387      3.892e-03      
      1411      1.866e-03      
      1412      1.233e-03      
      2091      1.877e-03      
      2092      4.623e-03      
      2093      8.956e-03      
      2094      1.371e-02      
      2095      1.669e-02      
      2096      1.633e-02      
      2097      1.306e-02      
      2098      8.781e-03      
      2099      5.232e-03      
      2100      3.017e-03      
      2101      1.883e-03      
      2186      4.156e-03      
      2187      1.002e-02      
      2188      1.921e-02      
      2189      2.951e-02      
      2190      3.673e-02      
      2191      3.772e-02      
      2192      3.279e-02      
      2193      2.487e-02      
      2194      1.695e-02      
      2195      1.067e-02      
      2196      6.528e-03      
      2203      5.777e-03      
      2204      3.699e-03      
      2205      2.146e-03      
      2206      1.270e-03      
      3326      2.713e-03      
      3327      3.988e-03      
      3331      2.076e-03      
      3332      1.522e-03      
      3335      3.695e-03      
      3336      5.059e-03      
      3339      3.838e-03      
      3340      2.367e-03
3624   2.367e-03