0      0.0      
      1      0.000e+00      
      330      1.739e-03      
      331      4.342e-03      
      332      8.840e-03      
      333      1.484e-02      
      334      2.089e-02      
      335      2.512e-02      
      337      2.462e-02      
      338      2.080e-02      
      339      1.624e-02      
      340      1.205e-02      
      341      8.804e-03      
      342      6.532e-03      
      343      4.988e-03      
      345      3.143e-03      
      346      2.568e-03      
      356      2.505e-03      
      357      6.148e-03      
      358      1.403e-02      
      359      2.726e-02      
      360      4.434e-02      
      361      6.088e-02      
      362      7.181e-02      
      363      7.430e-02      
      364      6.879e-02      
      365      5.780e-02      
      366      4.450e-02      
      367      3.180e-02      
      368      2.160e-02      
      369      1.448e-02      
      370      9.951e-03      
      371      7.153e-03      
      372      5.374e-03      
      373      4.182e-03      
      377      1.860e-03      
      378      1.569e-03      
      406      2.395e-03      
      407      4.858e-03      
      408      8.375e-03      
      409      1.212e-02      
      410      1.482e-02      
      413      1.282e-02      
      414      1.075e-02      
      415      8.797e-03      
      416      7.038e-03      
      417      5.531e-03      
      418      4.340e-03      
      422      2.070e-03      
      423      1.836e-03      
      1055      3.888e-03      
      1056      8.065e-03      
      1057      1.424e-02      
      1058      2.198e-02      
      1059      3.047e-02      
      1060      3.905e-02      
      1061      4.777e-02      
      1062      5.805e-02      
      1063      7.215e-02      
      1064      9.041e-02      
      1065      1.087e-01      
      1066      1.195e-01      
      1067      1.176e-01      
      1068      1.031e-01      
      1069      8.123e-02      
      1070      5.841e-02      
      1071      3.947e-02      
      1072      2.627e-02      
      1073      1.842e-02      
      1074      1.445e-02      
      1075      1.265e-02      
      1076      1.150e-02      
      1077      1.006e-02      
      1078      8.203e-03      
      1079      6.303e-03      
      1080      4.748e-03      
      1083      2.406e-03      
      1084      2.049e-03      
      1131      4.372e-03      
      1132      4.701e-03      
      1196      3.582e-03      
      1197      8.673e-03      
      1198      2.554e-02      
      1199      6.928e-02      
      1200      1.593e-01      
      1201      3.055e-01      
      1202      4.895e-01      
      1203      6.588e-01      
      1204      7.505e-01      
      1205      7.334e-01      
      1206      6.278e-01      
      1207      4.860e-01      
      1208      3.541e-01      
      1209      2.520e-01      
      1210      1.790e-01      
      1211      1.275e-01      
      1212      9.063e-02      
      1213      6.430e-02      
      1214      4.582e-02      
      1215      3.312e-02      
      1216      2.455e-02      
      1217      1.887e-02      
      1218      1.525e-02      
      1219      1.311e-02      
      1220      1.204e-02      
      1225      1.389e-02      
      1226      1.474e-02      
      1229      1.676e-02      
      1230      1.733e-02      
      1234      1.941e-02      
      1235      1.983e-02      
      1250      2.172e-02      
      1251      2.240e-02      
      1290      2.003e-02      
      1291      1.920e-02      
      1306      1.689e-02      
      1307      1.679e-02      
      1319      1.450e-02      
      1320      1.439e-02      
      1383      1.208e-02      
      1384      1.197e-02      
      1389      9.752e-03      
      1390      9.519e-03      
      1433      7.410e-03      
      1434      6.993e-03      
      1484      4.698e-03      
      1485      4.167e-03      
      1556      1.866e-03      
      1557      1.740e-03      
      2091      2.149e-03      
      2092      5.453e-03      
      2093      1.099e-02      
      2094      1.774e-02      
      2095      2.319e-02      
      2097      2.271e-02      
      2098      1.806e-02      
      2099      1.314e-02      
      2100      9.223e-03      
      2101      6.556e-03      
      2102      4.850e-03      
      2103      3.744e-03      
      2108      1.479e-03      
      2109      1.276e-03      
      2184      2.162e-03      
      2185      6.062e-03      
      2186      1.362e-02      
      2187      2.465e-02      
      2188      3.615e-02      
      2189      4.336e-02      
      2190      4.312e-02      
      2191      3.634e-02      
      2192      2.684e-02      
      2193      1.820e-02      
      2194      1.201e-02      
      2195      8.136e-03      
      2196      5.924e-03      
      2197      4.847e-03      
      2204      3.065e-03      
      2205      2.193e-03      
      3329      3.354e-03      
      3330      5.227e-03      
      3331      7.429e-03      
      3332      9.221e-03      
      3342      7.273e-03      
      3343      6.397e-03      
      3345      4.154e-03      
      3346      3.283e-03      
      3354      9.141e-04      
      3355      8.131e-04
3624   8.131e-04