0      0.0      
      1      0.000e+00      
      331      1.380e-03      
      332      2.717e-03      
      333      4.210e-03      
      334      5.145e-03      
      336      3.787e-03      
      337      2.284e-03      
      339      4.113e-04      
      340      1.226e-04      
      357      1.704e-03      
      358      4.011e-03      
      359      7.850e-03      
      360      1.287e-02      
      361      1.777e-02      
      362      2.080e-02      
      363      2.077e-02      
      364      1.785e-02      
      365      1.329e-02      
      366      8.582e-03      
      367      4.774e-03      
      368      2.257e-03      
      369      8.925e-04      
      370      2.910e-04      
      409      2.101e-03      
      410      2.522e-03      
      414      8.847e-04      
      415      5.942e-04      
      1061      1.726e-03      
      1062      3.910e-03      
      1063      7.313e-03      
      1064      1.140e-02      
      1065      1.503e-02      
      1066      1.709e-02      
      1067      1.703e-02      
      1068      1.496e-02      
      1069      1.146e-02      
      1070      7.526e-03      
      1071      4.164e-03      
      1072      1.925e-03      
      1083      4.261e-06      
      1084      8.391e-07      
      1198      1.509e-03      
      1199      5.054e-03      
      1200      1.403e-02      
      1201      3.252e-02      
      1202      6.321e-02      
      1203      1.036e-01      
      1204      1.440e-01      
      1205      1.719e-01      
      1206      1.796e-01      
      1207      1.686e-01      
      1208      1.463e-01      
      1209      1.199e-01      
      1210      9.353e-02      
      1211      6.901e-02      
      1212      4.787e-02      
      1213      3.135e-02      
      1214      1.975e-02      
      1215      1.229e-02      
      1216      7.681e-03      
      1217      4.768e-03      
      1218      2.837e-03      
      1219      1.546e-03      
      1220      7.409e-04      
      2092      2.357e-03      
      2093      4.589e-03      
      2094      7.076e-03      
      2097      6.889e-03      
      2098      4.508e-03      
      2099      2.420e-03      
      2100      1.065e-03      
      2101      3.826e-04      
      2185      9.664e-04      
      2186      2.877e-03      
      2187      6.786e-03      
      2188      1.273e-02      
      2189      1.911e-02      
      2190      2.330e-02      
      2191      2.356e-02      
      2192      2.047e-02      
      2193      1.587e-02      
      2194      1.127e-02      
      2195      7.340e-03      
      2196      4.383e-03      
      2197      2.650e-03      
      2198      2.200e-03      
      2205      7.188e-04      
      2206      2.654e-04      
      2562      1.946e-03      
      2563      2.505e-03      
      2567      6.539e-04      
      2568      2.582e-04      
      3270      1.429e-03      
      3271      2.285e-03      
      3276      7.058e-04      
      3277      2.751e-04      
      3323      1.326e-03      
      3324      3.453e-03      
      3325      7.104e-03      
      3326      1.157e-02      
      3327      1.492e-02      
      3328      1.525e-02      
      3329      1.236e-02      
      3330      7.932e-03      
      3331      4.032e-03      
      3332      1.622e-03
3624   1.622e-03