0      0.0      
      1      0.000e+00      
      161      5.165e-03      
      162      1.009e-02      
      163      1.609e-02      
      164      2.106e-02      
      167      1.498e-02      
      168      9.148e-03      
      360      1.698e-02      
      361      2.253e-02      
      366      1.424e-02      
      367      1.041e-02      
      406      2.036e-02      
      407      2.092e-02      
      495      1.103e-02      
      496      1.038e-02      
      714      1.032e-03      
      715      3.848e-04      
      1063      6.632e-03      
      1064      1.046e-02      
      1205      1.958e-02      
      1206      2.190e-02      
      1269      1.224e-02      
      1270      1.103e-02      
      1429      2.242e-03      
      1430      1.032e-03      
      2093      9.189e-03      
      2094      1.838e-02      
      2095      2.913e-02      
      2098      2.962e-02      
      2099      1.911e-02      
      2100      9.923e-03      
      2101      4.149e-03      
      2188      8.725e-03      
      2189      1.430e-02      
      2194      5.488e-03      
      2195      3.480e-03      
      2198      1.148e-02      
      2199      1.606e-02      
      2214      2.600e-02      
      2215      2.776e-02      
      2273      1.776e-02      
      2274      1.600e-02      
      2390      7.758e-03      
      2391      5.997e-03      
      2559      7.301e-03      
      2560      1.937e-02      
      2561      4.093e-02      
      2562      6.936e-02      
      2563      9.524e-02      
      2564      1.079e-01      
      2565      1.044e-01      
      2566      9.143e-02      
      2567      7.820e-02      
      2568      6.939e-02      
      2569      6.452e-02      
      2574      5.518e-02      
      2575      5.241e-02      
      2597      4.398e-02      
      2598      4.213e-02      
      2604      3.224e-02      
      2605      3.103e-02      
      2621      2.224e-02      
      2622      2.103e-02      
      2654      1.224e-02      
      2655      1.103e-02      
      2667      2.012e-02      
      2668      2.191e-02      
      2672      1.305e-02      
      2673      1.184e-02      
      2781      2.242e-03      
      2782      1.032e-03
3624   1.032e-03