0      0.0      
      1      0.000e+00      
      361      3.179e-03      
      362      6.021e-03      
      363      9.879e-03      
      364      1.420e-02      
      365      1.782e-02      
      367      1.814e-02      
      368      1.476e-02      
      369      1.080e-02      
      370      7.560e-03      
      371      5.474e-03      
      372      4.280e-03      
      380      1.512e-03      
      381      1.362e-03      
      1062      2.700e-03      
      1063      4.939e-03      
      1064      8.300e-03      
      1065      1.264e-02      
      1066      1.730e-02      
      1067      2.116e-02      
      1070      1.913e-02      
      1071      1.477e-02      
      1072      1.047e-02      
      1073      7.092e-03      
      1074      4.890e-03      
      1075      3.639e-03      
      1088      8.883e-04      
      1089      8.341e-04      
      1204      1.733e-03      
      1205      4.588e-03      
      1206      9.715e-03      
      1207      1.654e-02      
      1208      2.277e-02      
      1210      2.325e-02      
      1211      1.749e-02      
      1212      1.103e-02      
      1213      6.105e-03      
      1214      3.296e-03      
      1234      5.269e-04      
      1235      4.933e-04      
      1528      2.625e-03      
      1529      4.955e-03      
      1530      7.394e-03      
      1531      8.785e-03      
      1533      6.781e-03      
      1534      4.848e-03      
      1537      2.093e-03      
      1538      1.826e-03      
      1570      3.806e-03      
      1571      6.940e-03      
      1572      1.014e-02      
      1575      8.285e-03      
      1576      5.430e-03      
      1577      3.409e-03      
      1578      2.339e-03      
      2094      2.977e-03      
      2095      6.003e-03      
      2096      9.679e-03      
      2097      1.258e-02      
      2099      1.172e-02      
      2100      8.735e-03      
      2101      5.770e-03      
      2102      3.649e-03      
      2103      2.452e-03      
      2193      2.506e-03      
      2194      6.173e-03      
      2195      1.211e-02      
      2196      1.911e-02      
      2197      2.481e-02      
      2201      2.397e-02      
      2202      2.012e-02      
      2203      1.480e-02      
      2204      9.363e-03      
      2205      5.236e-03      
      2206      2.850e-03      
      2207      1.759e-03      
      2395      4.489e-03      
      2396      1.171e-02      
      2397      2.442e-02      
      2398      4.076e-02      
      2399      5.453e-02      
      2400      5.868e-02      
      2401      5.114e-02      
      2402      3.669e-02      
      2403      2.246e-02      
      2404      1.262e-02      
      2405      7.325e-03      
      2406      4.897e-03      
      2407      3.805e-03      
      2422      1.029e-03      
      2423      9.522e-04      
      2562      2.048e-03      
      2563      5.702e-03      
      2564      1.349e-02      
      2565      2.597e-02      
      2566      4.042e-02      
      2567      5.118e-02      
      2568      5.345e-02      
      2569      4.698e-02      
      2570      3.572e-02      
      2571      2.441e-02      
      2572      1.580e-02      
      2573      1.037e-02      
      2574      7.334e-03      
      2576      4.723e-03      
      2577      4.070e-03      
      2682      1.390e-03      
      2683      9.006e-04      
      3341      2.954e-03      
      3342      4.542e-03      
      3346      2.535e-03      
      3347      1.339e-03
3624   1.339e-03