0      0.0      
      1      0.000e+00      
      34      1.333e-03      
      35      2.034e-03      
      39      1.160e-03      
      40      6.438e-04      
      359      1.555e-03      
      360      3.953e-03      
      361      8.073e-03      
      362      1.351e-02      
      363      1.905e-02      
      364      2.340e-02      
      365      2.579e-02      
      366      2.574e-02      
      367      2.301e-02      
      368      1.808e-02      
      369      1.235e-02      
      370      7.381e-03      
      371      3.988e-03      
      372      2.071e-03      
      373      1.116e-03      
      374      6.557e-04      
      449      1.695e-03      
      450      3.430e-03      
      451      5.533e-03      
      452      7.178e-03      
      454      6.619e-03      
      455      4.936e-03      
      456      3.300e-03      
      457      2.138e-03      
      458      1.470e-03      
      525      1.385e-04      
      526      1.349e-04      
      1060      1.326e-03      
      1061      2.702e-03      
      1062      5.091e-03      
      1063      8.968e-03      
      1064      1.459e-02      
      1065      2.162e-02      
      1066      2.900e-02      
      1067      3.511e-02      
      1068      3.820e-02      
      1069      3.704e-02      
      1070      3.177e-02      
      1071      2.402e-02      
      1072      1.601e-02      
      1073      9.491e-03      
      1074      5.104e-03      
      1075      2.604e-03      
      1076      1.356e-03      
      1077      7.778e-04      
      1203      1.352e-03      
      1204      4.551e-03      
      1205      1.224e-02      
      1206      2.647e-02      
      1207      4.639e-02      
      1208      6.639e-02      
      1209      7.817e-02      
      1210      7.633e-02      
      1211      6.234e-02      
      1212      4.306e-02      
      1213      2.561e-02      
      1214      1.348e-02      
      1215      6.556e-03      
      1216      3.134e-03      
      1217      1.580e-03      
      1221      2.748e-04      
      1222      2.102e-04      
      1525      4.661e-04      
      1526      1.554e-03      
      1527      4.192e-03      
      1528      9.146e-03      
      1529      1.613e-02      
      1530      2.302e-02      
      1531      2.668e-02      
      1532      2.527e-02      
      1533      1.979e-02      
      1534      1.309e-02      
      1535      7.552e-03      
      1536      4.004e-03      
      1537      2.094e-03      
      1538      1.165e-03      
      1539      7.199e-04      
      1569      1.737e-03      
      1570      4.200e-03      
      1571      7.932e-03      
      1572      1.172e-02      
      1573      1.358e-02      
      1574      1.240e-02      
      1575      9.012e-03      
      1576      5.319e-03      
      1577      2.670e-03      
      1578      1.256e-03      
      1984      2.456e-03      
      1985      3.093e-03      
      1988      1.822e-03      
      1989      1.131e-03      
      2093      1.035e-03      
      2094      2.617e-03      
      2095      5.244e-03      
      2096      8.372e-03      
      2097      1.073e-02      
      2099      9.488e-03      
      2100      6.747e-03      
      2101      4.112e-03      
      2102      2.245e-03      
      2103      1.180e-03      
      2104      6.533e-04      
      2192      9.914e-04      
      2193      2.853e-03      
      2194      6.762e-03      
      2195      1.322e-02      
      2196      2.148e-02      
      2197      2.954e-02      
      2198      3.540e-02      
      2199      3.840e-02      
      2200      3.887e-02      
      2201      3.682e-02      
      2202      3.188e-02      
      2203      2.451e-02      
      2204      1.645e-02      
      2205      9.678e-03      
      2206      5.131e-03      
      2207      2.600e-03      
      2208      1.364e-03      
      2209      7.921e-04      
      2393      6.504e-04      
      2394      2.666e-03      
      2395      8.798e-03      
      2396      2.339e-02      
      2397      5.008e-02      
      2398      8.647e-02      
      2399      1.207e-01      
      2400      1.368e-01      
      2401      1.273e-01      
      2402      9.906e-02      
      2403      6.618e-02      
      2404      3.930e-02      
      2405      2.154e-02      
      2406      1.149e-02      
      2407      6.780e-03      
      2409      6.696e-03      
      2410      9.423e-03      
      2411      1.315e-02      
      2412      1.692e-02      
      2413      1.923e-02      
      2414      1.883e-02      
      2415      1.567e-02      
      2416      1.110e-02      
      2417      6.821e-03      
      2418      3.781e-03      
      2419      2.020e-03      
      2421      6.873e-04      
      2422      4.648e-04      
      2561      1.189e-03      
      2562      4.612e-03      
      2563      1.428e-02      
      2564      3.547e-02      
      2565      7.098e-02      
      2566      1.153e-01      
      2567      1.535e-01      
      2568      1.694e-01      
      2569      1.572e-01      
      2570      1.245e-01      
      2571      8.575e-02      
      2572      5.258e-02      
      2573      2.979e-02      
      2574      1.651e-02      
      2575      9.616e-03      
      2576      6.237e-03      
      2577      4.578e-03      
      2579      3.293e-03      
      2580      3.054e-03      
      2599      4.258e-03      
      2600      4.511e-03      
      2609      3.517e-03      
      2610      3.041e-03      
      2635      1.798e-03      
      2636      1.619e-03      
      2660      3.285e-04      
      2661      1.485e-04      
      2670      1.443e-03      
      2671      1.553e-03      
      2682      2.990e-04      
      2683      1.377e-04      
      2772      1.125e-03      
      2773      1.903e-03      
      2779      7.040e-04      
      2780      4.317e-04      
      3339      9.730e-04      
      3340      2.474e-03      
      3341      4.974e-03      
      3342      7.932e-03      
      3343      1.008e-02      
      3344      1.029e-02      
      3345      8.541e-03      
      3346      5.876e-03      
      3347      3.479e-03      
      3348      1.886e-03      
      3350      6.000e-04      
      3351      3.911e-04      
      3417      1.423e-03      
      3418      1.768e-03      
      3421      8.293e-04      
      3422      4.030e-04
3624   4.030e-04