0      0.0      
      1      0.000e+00      
      360      4.910e-03      
      361      1.119e-02      
      362      2.176e-02      
      363      3.710e-02      
      364      5.636e-02      
      365      7.646e-02      
      366      9.187e-02      
      368      8.956e-02      
      369      7.321e-02      
      370      5.406e-02      
      371      3.726e-02      
      372      2.493e-02      
      373      1.678e-02      
      374      1.162e-02      
      379      2.957e-03      
      380      2.382e-03      
      1062      8.396e-03      
      1063      1.963e-02      
      1064      3.926e-02      
      1065      6.782e-02      
      1066      1.023e-01      
      1067      1.359e-01      
      1068      1.603e-01      
      1070      1.602e-01      
      1071      1.372e-01      
      1072      1.070e-01      
      1073      7.685e-02      
      1074      5.176e-02      
      1075      3.358e-02      
      1076      2.167e-02      
      1077      1.430e-02      
      1078      9.820e-03      
      1094      8.153e-04      
      1095      7.052e-04      
      1204      9.413e-03      
      1205      2.686e-02      
      1206      6.229e-02      
      1207      1.184e-01      
      1208      1.857e-01      
      1209      2.424e-01      
      1210      2.656e-01      
      1211      2.465e-01      
      1212      1.962e-01      
      1213      1.362e-01      
      1214      8.474e-02      
      1215      4.913e-02      
      1216      2.796e-02      
      1217      1.647e-02      
      1218      1.039e-02      
      1219      7.052e-03      
      1528      1.243e-02      
      1529      2.552e-02      
      1530      4.247e-02      
      1531      5.765e-02      
      1534      4.904e-02      
      1535      3.522e-02      
      1536      2.348e-02      
      1537      1.527e-02      
      1538      1.008e-02      
      1548      1.005e-03      
      1549      9.441e-04      
      1569      5.771e-03      
      1570      1.503e-02      
      1571      3.119e-02      
      1572      5.196e-02      
      1573      7.010e-02      
      1575      7.159e-02      
      1576      5.648e-02      
      1577      3.942e-02      
      1578      2.548e-02      
      1579      1.607e-02      
      1581      6.980e-03      
      1582      4.943e-03      
      1986      1.306e-02      
      1987      1.562e-02      
      1992      6.928e-03      
      1993      5.225e-03      
      2094      7.490e-03      
      2095      1.692e-02      
      2096      3.115e-02      
      2097      4.719e-02      
      2098      5.944e-02      
      2100      5.725e-02      
      2101      4.547e-02      
      2102      3.251e-02      
      2103      2.170e-02      
      2104      1.410e-02      
      2105      9.261e-03      
      2122      2.038e-04      
      2123      9.385e-05      
      2193      5.681e-03      
      2194      1.555e-02      
      2195      3.455e-02      
      2196      6.324e-02      
      2197      9.727e-02      
      2198      1.293e-01      
      2199      1.535e-01      
      2200      1.677e-01      
      2202      1.608e-01      
      2203      1.379e-01      
      2204      1.066e-01      
      2205      7.453e-02      
      2206      4.817e-02      
      2207      2.986e-02      
      2208      1.856e-02      
      2209      1.198e-02      
      2210      8.158e-03      
      2394      4.928e-03      
      2395      1.777e-02      
      2396      5.136e-02      
      2397      1.195e-01      
      2398      2.246e-01      
      2399      3.436e-01      
      2400      4.309e-01      
      2401      4.479e-01      
      2402      3.913e-01      
      2403      2.926e-01      
      2404      1.918e-01      
      2405      1.135e-01      
      2406      6.318e-02      
      2407      3.490e-02      
      2408      2.054e-02      
      2409      1.386e-02      
      2410      1.113e-02      
      2422      2.462e-03      
      2423      1.966e-03      
      2562      8.598e-03      
      2563      2.795e-02      
      2564      7.309e-02      
      2565      1.548e-01      
      2566      2.680e-01      
      2567      3.834e-01      
      2568      4.593e-01      
      2569      4.679e-01      
      2570      4.118e-01      
      2571      3.182e-01      
      2572      2.192e-01      
      2573      1.371e-01      
      2574      7.960e-02      
      2575      4.445e-02      
      2576      2.497e-02      
      2577      1.477e-02      
      2579      6.464e-03      
      2580      4.695e-03      
      2775      1.246e-02      
      2776      1.472e-02      
      2781      7.130e-03      
      2782      5.605e-03      
      3341      1.248e-02      
      3342      2.298e-02      
      3343      3.452e-02      
      3344      4.270e-02      
      3345      4.414e-02      
      3346      3.892e-02      
      3347      3.017e-02      
      3348      2.139e-02      
      3349      1.453e-02      
      3351      6.838e-03      
      3352      4.909e-03
3624   4.909e-03