0      0.0      
      1      0.000e+00      
      34      4.795e-03      
      35      7.403e-03      
      41      1.602e-03      
      42      1.052e-03      
      360      3.401e-03      
      361      8.090e-03      
      362      1.654e-02      
      363      2.952e-02      
      364      4.631e-02      
      365      6.373e-02      
      366      7.663e-02      
      368      7.429e-02      
      369      6.143e-02      
      370      4.688e-02      
      371      3.434e-02      
      372      2.510e-02      
      373      1.875e-02      
      374      1.441e-02      
      375      1.137e-02      
      379      5.291e-03      
      380      4.511e-03      
      415      1.063e-02      
      416      1.432e-02      
      423      8.775e-03      
      424      7.768e-03      
      435      1.525e-03      
      436      1.390e-03      
      450      6.161e-03      
      451      9.467e-03      
      461      3.483e-03      
      462      3.057e-03      
      1060      7.108e-03      
      1061      1.414e-02      
      1062      2.544e-02      
      1063      4.224e-02      
      1064      6.487e-02      
      1065      9.168e-02      
      1066      1.191e-01      
      1067      1.425e-01      
      1068      1.570e-01      
      1069      1.588e-01      
      1070      1.470e-01      
      1071      1.248e-01      
      1072      9.814e-02      
      1073      7.272e-02      
      1074      5.206e-02      
      1075      3.703e-02      
      1076      2.676e-02      
      1077      1.989e-02      
      1078      1.523e-02      
      1079      1.196e-02      
      1082      6.409e-03      
      1083      5.374e-03      
      1203      3.484e-03      
      1204      1.196e-02      
      1205      3.292e-02      
      1206      7.333e-02      
      1207      1.333e-01      
      1208      2.001e-01      
      1209      2.513e-01      
      1210      2.684e-01      
      1211      2.492e-01      
      1212      2.067e-01      
      1213      1.581e-01      
      1214      1.150e-01      
      1215      8.163e-02      
      1216      5.753e-02      
      1217      4.081e-02      
      1218      2.946e-02      
      1219      2.179e-02      
      1220      1.657e-02      
      1221      1.293e-02      
      1224      6.908e-03      
      1225      5.752e-03      
      1527      6.618e-03      
      1528      1.451e-02      
      1529      2.592e-02      
      1530      3.793e-02      
      1531      4.601e-02      
      1533      4.198e-02      
      1534      3.386e-02      
      1535      2.595e-02      
      1536      1.969e-02      
      1537      1.517e-02      
      1538      1.194e-02      
      1541      6.408e-03      
      1542      5.374e-03      
      1570      7.922e-03      
      1571      1.557e-02      
      1572      2.528e-02      
      1573      3.381e-02      
      1576      3.117e-02      
      1577      2.492e-02      
      1578      1.939e-02      
      1579      1.510e-02      
      1581      9.558e-03      
      1582      7.769e-03      
      1594      1.524e-03      
      1595      1.390e-03      
      1985      7.400e-03      
      1986      8.169e-03      
      1995      2.134e-03      
      1996      1.901e-03      
      2093      3.772e-03      
      2094      9.763e-03      
      2095      2.022e-02      
      2096      3.383e-02      
      2097      4.637e-02      
      2098      5.301e-02      
      2099      5.177e-02      
      2100      4.453e-02      
      2101      3.503e-02      
      2102      2.630e-02      
      2103      1.961e-02      
      2104      1.487e-02      
      2105      1.157e-02      
      2108      6.268e-03      
      2109      5.293e-03      
      2193      1.132e-02      
      2194      2.794e-02      
      2195      5.688e-02      
      2196      9.638e-02      
      2197      1.383e-01      
      2198      1.727e-01      
      2199      1.943e-01      
      2200      2.034e-01      
      2201      2.012e-01      
      2202      1.873e-01      
      2203      1.625e-01      
      2204      1.309e-01      
      2205      9.896e-02      
      2206      7.165e-02      
      2207      5.093e-02      
      2208      3.636e-02      
      2209      2.646e-02      
      2210      1.978e-02      
      2211      1.520e-02      
      2212      1.195e-02      
      2215      6.403e-03      
      2216      5.357e-03      
      2394      5.689e-03      
      2395      2.044e-02      
      2396      5.882e-02      
      2397      1.364e-01      
      2398      2.567e-01      
      2399      3.975e-01      
      2400      5.170e-01      
      2401      5.817e-01      
      2402      5.866e-01      
      2403      5.473e-01      
      2404      4.812e-01      
      2405      4.017e-01      
      2406      3.211e-01      
      2407      2.498e-01      
      2408      1.940e-01      
      2409      1.556e-01      
      2410      1.349e-01      
      2412      1.388e-01      
      2413      1.516e-01      
      2414      1.589e-01      
      2415      1.539e-01      
      2416      1.363e-01      
      2417      1.111e-01      
      2418      8.499e-02      
      2419      6.235e-02      
      2420      4.493e-02      
      2421      3.247e-02      
      2422      2.389e-02      
      2423      1.803e-02      
      2424      1.399e-02      
      2426      9.155e-03      
      2427      7.703e-03      
      2453      1.393e-02      
      2454      1.533e-02      
      2458      2.146e-02      
      2459      2.300e-02      
      2492      1.776e-02      
      2493      1.592e-02      
      2540      1.031e-02      
      2541      9.302e-03      
      2561      1.103e-02      
      2562      1.866e-02      
      2563      4.300e-02      
      2564      1.025e-01      
      2565      2.155e-01      
      2566      3.824e-01      
      2567      5.715e-01      
      2568      7.278e-01      
      2569      8.034e-01      
      2570      7.842e-01      
      2571      6.924e-01      
      2572      5.668e-01      
      2573      4.417e-01      
      2574      3.355e-01      
      2575      2.526e-01      
      2576      1.899e-01      
      2577      1.426e-01      
      2578      1.070e-01      
      2579      8.040e-02      
      2580      6.113e-02      
      2581      4.752e-02      
      2582      3.806e-02      
      2583      3.142e-02      
      2584      2.659e-02      
      2585      2.291e-02      
      2587      1.763e-02      
      2588      1.579e-02      
      2660      1.023e-02      
      2661      9.244e-03      
      2711      3.113e-03      
      2712      2.848e-03      
      3339      3.481e-03      
      3340      9.177e-03      
      3341      1.933e-02      
      3342      3.277e-02      
      3343      4.520e-02      
      3344      5.155e-02      
      3345      4.975e-02      
      3346      4.205e-02      
      3347      3.259e-02      
      3348      2.434e-02      
      3349      1.826e-02      
      3350      1.405e-02      
      3352      9.016e-03      
      3353      7.444e-03      
      3367      1.210e-03      
      3368      1.117e-03
3624   1.117e-03