0      0.0      
      1      0.000e+00      
      360      2.150e-03      
      361      4.800e-03      
      362      9.133e-03      
      363      1.509e-02      
      364      2.179e-02      
      365      2.726e-02      
      367      2.610e-02      
      368      1.943e-02      
      369      1.190e-02      
      370      5.950e-03      
      371      2.418e-03      
      373      2.103e-04      
      374      4.432e-05      
      411      1.904e-03      
      412      2.456e-03      
      413      3.593e-03      
      414      5.315e-03      
      415      7.166e-03      
      416      8.232e-03      
      417      7.759e-03      
      418      5.885e-03      
      419      3.559e-03      
      420      1.708e-03      
      421      6.490e-04      
      450      2.750e-03      
      451      4.001e-03      
      454      2.750e-03      
      455      1.472e-03      
      1060      1.790e-03      
      1061      3.921e-03      
      1062      7.659e-03      
      1063      1.325e-02      
      1064      2.014e-02      
      1065      2.694e-02      
      1066      3.215e-02      
      1067      3.479e-02      
      1068      3.435e-02      
      1069      3.073e-02      
      1070      2.453e-02      
      1071      1.722e-02      
      1072      1.049e-02      
      1073      5.476e-03      
      1074      2.421e-03      
      1076      2.732e-04      
      1077      6.798e-05      
      1202      6.560e-04      
      1203      2.677e-03      
      1204      8.622e-03      
      1205      2.200e-02      
      1206      4.464e-02      
      1207      7.243e-02      
      1208      9.450e-02      
      1209      9.974e-02      
      1210      8.559e-02      
      1211      5.994e-02      
      1212      3.431e-02      
      1213      1.606e-02      
      1214      6.148e-03      
      1215      1.924e-03      
      1527      3.671e-03      
      1528      7.169e-03      
      1529      1.126e-02      
      1530      1.419e-02      
      1531      1.429e-02      
      1532      1.147e-02      
      1533      7.302e-03      
      1534      3.678e-03      
      1535      1.461e-03      
      1536      4.568e-04      
      1569      1.534e-03      
      1570      3.680e-03      
      1571      6.874e-03      
      1572      1.000e-02      
      1574      1.000e-02      
      1575      6.874e-03      
      1576      3.680e-03      
      1577      1.534e-03      
      1578      4.980e-04      
      2094      1.538e-03      
      2095      3.237e-03      
      2096      5.481e-03      
      2097      7.499e-03      
      2100      5.481e-03      
      2101      3.237e-03      
      2102      1.538e-03      
      2103      5.842e-04      
      2192      1.029e-03      
      2193      3.093e-03      
      2194      7.615e-03      
      2195      1.535e-02      
      2196      2.547e-02      
      2197      3.527e-02      
      2198      4.178e-02      
      2200      4.221e-02      
      2201      3.751e-02      
      2202      3.014e-02      
      2203      2.115e-02      
      2204      1.258e-02      
      2205      6.211e-03      
      2206      2.517e-03      
      2207      8.304e-04      
      2208      2.218e-04      
      2394      2.474e-03      
      2395      8.513e-03      
      2396      2.323e-02      
      2397      5.042e-02      
      2398      8.749e-02      
      2399      1.225e-01      
      2400      1.409e-01      
      2401      1.375e-01      
      2402      1.187e-01      
      2403      9.405e-02      
      2404      6.901e-02      
      2405      4.625e-02      
      2406      2.845e-02      
      2407      1.747e-02      
      2408      1.313e-02      
      2409      1.397e-02      
      2410      1.870e-02      
      2411      2.614e-02      
      2412      3.427e-02      
      2413      3.983e-02      
      2414      3.976e-02      
      2415      3.353e-02      
      2416      2.371e-02      
      2417      1.403e-02      
      2418      6.944e-03      
      2419      2.880e-03      
      2420      1.000e-03      
      2421      2.894e-04      
      2437      2.455e-03      
      2438      2.689e-03      
      2539      5.108e-04      
      2540      2.408e-04      
      2561      2.075e-03      
      2562      5.217e-03      
      2563      1.528e-02      
      2564      3.830e-02      
      2565      7.760e-02      
      2566      1.268e-01      
      2567      1.685e-01      
      2568      1.843e-01      
      2569      1.678e-01      
      2570      1.288e-01      
      2571      8.425e-02      
      2572      4.757e-02      
      2573      2.372e-02      
      2574      1.101e-02      
      2575      5.352e-03      
      2576      3.211e-03      
      2577      2.520e-03      
      2660      2.669e-04      
      2661      1.761e-04      
      2668      2.333e-03      
      2669      2.527e-03      
      2683      5.098e-04      
      2684      2.346e-04      
      2947      2.400e-03      
      2948      2.720e-03      
      2951      8.831e-04      
      2952      3.681e-04      
      3339      1.504e-03      
      3340      3.839e-03      
      3341      7.727e-03      
      3342      1.228e-02      
      3343      1.542e-02      
      3344      1.531e-02      
      3345      1.203e-02      
      3346      7.471e-03      
      3347      3.668e-03      
      3348      1.421e-03      
      3349      4.343e-04
3624   4.343e-04