0      0.0      
      1      0.000e+00      
      361      2.492e-03      
      362      5.638e-03      
      363      1.100e-02      
      364      1.830e-02      
      365      2.563e-02      
      366      2.991e-02      
      367      2.887e-02      
      368      2.295e-02      
      369      1.497e-02      
      370      8.000e-03      
      371      3.497e-03      
      372      1.250e-03      
      373      3.652e-04      
      450      2.792e-03      
      451      4.062e-03      
      454      2.792e-03      
      455      1.494e-03      
      1060      3.640e-03      
      1061      7.147e-03      
      1062      1.259e-02      
      1063      2.027e-02      
      1064      2.989e-02      
      1065      4.024e-02      
      1066      4.949e-02      
      1067      5.557e-02      
      1068      5.663e-02      
      1069      5.175e-02      
      1070      4.190e-02      
      1071      2.972e-02      
      1072      1.830e-02      
      1073      9.678e-03      
      1074      4.345e-03      
      1075      1.635e-03      
      1203      1.621e-03      
      1204      5.355e-03      
      1205      1.406e-02      
      1206      2.952e-02      
      1207      4.984e-02      
      1208      6.808e-02      
      1209      7.568e-02      
      1210      6.881e-02      
      1211      5.138e-02      
      1212      3.163e-02      
      1213      1.615e-02      
      1214      6.907e-03      
      1215      2.507e-03      
      1527      4.913e-03      
      1528      1.020e-02      
      1529      1.724e-02      
      1530      2.347e-02      
      1532      2.223e-02      
      1533      1.538e-02      
      1534      8.487e-03      
      1535      3.745e-03      
      1536      1.327e-03      
      1537      3.796e-04      
      1568      1.136e-03      
      1569      3.512e-03      
      1570      8.463e-03      
      1571      1.591e-02      
      1572      2.336e-02      
      1573      2.679e-02      
      1574      2.404e-02      
      1575      1.693e-02      
      1576      9.374e-03      
      1577      4.103e-03      
      1578      1.428e-03      
      2093      1.943e-03      
      2094      4.902e-03      
      2095      9.798e-03      
      2096      1.560e-02      
      2097      1.989e-02      
      2098      2.046e-02      
      2099      1.707e-02      
      2100      1.160e-02      
      2101      6.424e-03      
      2102      2.892e-03      
      2103      1.053e-03      
      2104      3.084e-04      
      2192      2.022e-03      
      2193      6.026e-03      
      2194      1.444e-02      
      2195      2.781e-02      
      2196      4.338e-02      
      2197      5.564e-02      
      2198      6.051e-02      
      2199      5.865e-02      
      2200      5.345e-02      
      2201      4.677e-02      
      2202      3.819e-02      
      2203      2.766e-02      
      2204      1.708e-02      
      2205      8.803e-03      
      2206      3.746e-03      
      2207      1.311e-03      
      2208      3.770e-04      
      2394      2.232e-03      
      2395      7.593e-03      
      2396      2.054e-02      
      2397      4.422e-02      
      2398      7.597e-02      
      2399      1.045e-01      
      2400      1.160e-01      
      2401      1.054e-01      
      2402      8.043e-02      
      2403      5.366e-02      
      2404      3.268e-02      
      2405      1.874e-02      
      2406      1.039e-02      
      2407      6.159e-03      
      2410      8.587e-03      
      2411      1.205e-02      
      2412      1.543e-02      
      2415      1.322e-02      
      2416      8.685e-03      
      2417      4.673e-03      
      2418      2.059e-03      
      2455      4.553e-03      
      2456      4.863e-03      
      2513      2.467e-03      
      2514      2.065e-03      
      2561      1.601e-03      
      2562      5.292e-03      
      2563      1.605e-02      
      2564      3.941e-02      
      2565      7.762e-02      
      2566      1.234e-01      
      2567      1.599e-01      
      2568      1.714e-01      
      2569      1.548e-01      
      2570      1.205e-01      
      2571      8.306e-02      
      2572      5.250e-02      
      2573      3.186e-02      
      2574      1.958e-02      
      2575      1.277e-02      
      2576      9.062e-03      
      2577      7.057e-03      
      2578      5.994e-03      
      2586      3.620e-03      
      2587      3.238e-03      
      2593      5.439e-03      
      2594      6.056e-03      
      2635      3.855e-03      
      2636      3.239e-03      
      2707      1.028e-03      
      2708      5.819e-04      
      2772      1.996e-03      
      2773      3.382e-03      
      2778      1.514e-03      
      2779      6.488e-04      
      3339      1.516e-03      
      3340      3.820e-03      
      3341      7.577e-03      
      3342      1.185e-02      
      3343      1.462e-02      
      3344      1.426e-02      
      3345      1.100e-02      
      3346      6.712e-03      
      3347      3.239e-03      
      3348      1.235e-03      
      3349      3.719e-04
3624   3.719e-04