0      0.0      
      1      0.000e+00      
      34      6.339e-04      
      35      9.973e-04      
      41      1.085e-04      
      42      3.286e-05      
      358      4.459e-04      
      359      1.422e-03      
      360      3.602e-03      
      361      7.337e-03      
      362      1.221e-02      
      363      1.695e-02      
      364      2.005e-02      
      365      2.052e-02      
      366      1.821e-02      
      367      1.392e-02      
      368      9.019e-03      
      369      4.879e-03      
      370      2.173e-03      
      371      7.871e-04      
      422      1.647e-03      
      423      1.865e-03      
      425      1.131e-03      
      426      6.052e-04      
      447      1.367e-03      
      448      1.856e-03      
      449      2.863e-03      
      450      4.387e-03      
      451      5.895e-03      
      453      5.872e-03      
      454      4.327e-03      
      455      2.750e-03      
      456      1.691e-03      
      553      8.381e-04      
      554      7.250e-04      
      1060      8.363e-04      
      1061      1.694e-03      
      1062      3.194e-03      
      1063      5.623e-03      
      1064      9.069e-03      
      1065      1.318e-02      
      1066      1.720e-02      
      1067      2.016e-02      
      1068      2.113e-02      
      1069      1.959e-02      
      1070      1.588e-02      
      1071      1.113e-02      
      1072      6.667e-03      
      1073      3.373e-03      
      1074      1.424e-03      
      1075      4.947e-04      
      1076      1.397e-04      
      1203      6.151e-04      
      1204      2.016e-03      
      1205      5.242e-03      
      1206      1.087e-02      
      1207      1.806e-02      
      1208      2.420e-02      
      1209      2.626e-02      
      1210      2.316e-02      
      1211      1.662e-02      
      1212      9.688e-03      
      1213      4.575e-03      
      1214      1.742e-03      
      1215      5.331e-04      
      1526      8.832e-04      
      1527      2.246e-03      
      1528      4.711e-03      
      1529      8.035e-03      
      1530      1.102e-02      
      1531      1.208e-02      
      1532      1.051e-02      
      1533      7.244e-03      
      1534      3.950e-03      
      1535      1.703e-03      
      1536      5.804e-04      
      1568      6.025e-04      
      1569      1.860e-03      
      1570      4.477e-03      
      1571      8.401e-03      
      1572      1.230e-02      
      1573      1.405e-02      
      1574      1.255e-02      
      1575      8.770e-03      
      1576      4.809e-03      
      1577      2.076e-03      
      1578      7.089e-04      
      1984      1.491e-03      
      1985      1.799e-03      
      1987      1.285e-03      
      1988      7.629e-04      
      2093      1.115e-03      
      2094      2.800e-03      
      2095      5.554e-03      
      2096      8.743e-03      
      2097      1.098e-02      
      2098      1.106e-02      
      2099      8.991e-03      
      2100      5.925e-03      
      2101      3.173e-03      
      2102      1.382e-03      
      2103      4.875e-04      
      2104      1.388e-04      
      2192      7.944e-04      
      2193      2.396e-03      
      2194      5.823e-03      
      2195      1.144e-02      
      2196      1.832e-02      
      2197      2.440e-02      
      2198      2.794e-02      
      2200      2.769e-02      
      2201      2.492e-02      
      2202      2.024e-02      
      2203      1.418e-02      
      2204      8.267e-03      
      2205      3.932e-03      
      2206      1.508e-03      
      2207      4.633e-04      
      2393      4.057e-04      
      2394      1.533e-03      
      2395      4.668e-03      
      2396      1.147e-02      
      2397      2.276e-02      
      2398      3.646e-02      
      2399      4.717e-02      
      2400      4.932e-02      
      2401      4.179e-02      
      2402      2.889e-02      
      2403      1.649e-02      
      2404      7.945e-03      
      2405      3.362e-03      
      2406      1.428e-03      
      2409      1.829e-03      
      2410      2.752e-03      
      2411      3.845e-03      
      2412      4.871e-03      
      2415      3.986e-03      
      2416      2.572e-03      
      2417      1.372e-03      
      2418      6.309e-04      
      2419      3.141e-04      
      2423      9.715e-04      
      2424      1.311e-03      
      2426      2.059e-03      
      2427      2.428e-03      
      2430      3.362e-03      
      2431      3.615e-03      
      2435      4.547e-03      
      2436      4.749e-03      
      2453      5.668e-03      
      2454      5.806e-03      
      2467      4.981e-03      
      2468      4.816e-03      
      2475      5.721e-03      
      2476      5.946e-03      
      2489      5.398e-03      
      2490      4.883e-03      
      2492      4.091e-03      
      2493      3.917e-03      
      2514      3.178e-03      
      2515      2.738e-03      
      2536      1.869e-03      
      2537      1.518e-03      
      2561      1.952e-03      
      2562      3.516e-03      
      2563      7.994e-03      
      2564      1.730e-02      
      2565      3.164e-02      
      2566      4.747e-02      
      2567      5.833e-02      
      2568      5.920e-02      
      2569      5.034e-02      
      2570      3.657e-02      
      2571      2.327e-02      
      2572      1.349e-02      
      2573      7.653e-03      
      2574      4.779e-03      
      2575      3.654e-03      
      2580      4.470e-03      
      2581      4.816e-03      
      2590      5.655e-03      
      2591      6.060e-03      
      2593      6.820e-03      
      2594      7.152e-03      
      2597      8.001e-03      
      2598      8.191e-03      
      2610      7.321e-03      
      2611      7.018e-03      
      2618      7.828e-03      
      2619      8.105e-03      
      2631      7.342e-03      
      2632      6.809e-03      
      2633      6.231e-03      
      2634      5.654e-03      
      2635      5.130e-03      
      2636      4.717e-03      
      2657      4.016e-03      
      2658      3.463e-03      
      2660      2.536e-03      
      2661      2.285e-03      
      2667      3.167e-03      
      2668      3.414e-03      
      2683      2.599e-03      
      2684      2.440e-03      
      2703      1.660e-03      
      2704      1.495e-03      
      2730      5.606e-04      
      2731      3.745e-04      
      2772      8.932e-04      
      2773      1.448e-03      
      2778      5.418e-04      
      2779      2.276e-04      
      3339      5.115e-04      
      3340      1.266e-03      
      3341      2.459e-03      
      3342      3.753e-03      
      3345      3.187e-03      
      3346      1.881e-03      
      3347      8.778e-04
3624   8.778e-04