0      0.0      
      1      0.000e+00      
      35      2.202e-03      
      36      3.380e-03      
      42      1.073e-03      
      43      6.931e-04      
      359      2.435e-03      
      360      6.356e-03      
      361      1.347e-02      
      362      2.361e-02      
      363      3.488e-02      
      364      4.417e-02      
      365      4.843e-02      
      366      4.608e-02      
      367      3.795e-02      
      368      2.699e-02      
      369      1.665e-02      
      370      9.039e-03      
      371      4.477e-03      
      372      2.161e-03      
      373      1.111e-03      
      420      2.588e-03      
      421      4.634e-03      
      422      6.848e-03      
      423      8.148e-03      
      425      6.123e-03      
      426      4.047e-03      
      427      2.383e-03      
      428      1.358e-03      
      448      2.564e-03      
      449      4.748e-03      
      450      8.117e-03      
      451      1.170e-02      
      454      1.042e-02      
      455      7.096e-03      
      456      4.477e-03      
      458      2.134e-03      
      459      1.784e-03      
      1062      3.515e-03      
      1063      6.810e-03      
      1064      1.210e-02      
      1065      1.936e-02      
      1066      2.759e-02      
      1067      3.486e-02      
      1068      3.906e-02      
      1069      3.876e-02      
      1070      3.401e-02      
      1071      2.631e-02      
      1072      1.793e-02      
      1073      1.080e-02      
      1074      5.846e-03      
      1075      2.965e-03      
      1078      5.519e-04      
      1079      4.019e-04      
      1203      1.003e-03      
      1204      3.360e-03      
      1205      8.976e-03      
      1206      1.923e-02      
      1207      3.322e-02      
      1208      4.658e-02      
      1209      5.332e-02      
      1210      5.007e-02      
      1211      3.882e-02      
      1212      2.506e-02      
      1213      1.370e-02      
      1214      6.585e-03      
      1215      2.991e-03      
      1218      5.356e-04      
      1219      3.971e-04      
      1526      1.762e-03      
      1527      3.981e-03      
      1528      7.958e-03      
      1529      1.364e-02      
      1530      1.941e-02      
      1531      2.248e-02      
      1532      2.103e-02      
      1533      1.596e-02      
      1534      9.995e-03      
      1535      5.369e-03      
      1536      2.655e-03      
      1544      1.948e-04      
      1545      1.501e-04      
      1569      2.343e-03      
      1570      5.672e-03      
      1571      1.073e-02      
      1572      1.588e-02      
      1573      1.847e-02      
      1574      1.695e-02      
      1575      1.242e-02      
      1576      7.421e-03      
      1577      3.791e-03      
      1578      1.815e-03      
      1579      9.332e-04      
      1984      3.415e-03      
      1985      4.589e-03      
      1988      3.091e-03      
      1989      1.906e-03      
      2094      3.915e-03      
      2095      7.936e-03      
      2096      1.287e-02      
      2097      1.685e-02      
      2099      1.581e-02      
      2100      1.163e-02      
      2101      7.283e-03      
      2102      4.013e-03      
      2103      2.059e-03      
      2104      1.074e-03      
      2194      3.390e-03      
      2195      7.222e-03      
      2196      1.274e-02      
      2197      1.923e-02      
      2198      2.596e-02      
      2199      3.252e-02      
      2200      3.799e-02      
      2202      3.732e-02      
      2203      2.937e-02      
      2204      1.941e-02      
      2205      1.085e-02      
      2206      5.310e-03      
      2207      2.445e-03      
      2394      2.016e-03      
      2395      6.134e-03      
      2396      1.497e-02      
      2397      2.938e-02      
      2398      4.646e-02      
      2399      5.942e-02      
      2400      6.172e-02      
      2401      5.238e-02      
      2402      3.664e-02      
      2403      2.144e-02      
      2404      1.078e-02      
      2405      4.948e-03      
      2406      2.384e-03      
      2561      1.634e-03      
      2562      5.432e-03      
      2563      1.459e-02      
      2564      3.177e-02      
      2565      5.623e-02      
      2566      8.135e-02      
      2567      9.686e-02      
      2568      9.576e-02      
      2569      7.941e-02      
      2570      5.579e-02      
      2571      3.355e-02      
      2572      1.752e-02      
      2573      8.168e-03      
      2574      3.599e-03      
      2575      1.652e-03      
      2576      8.752e-04      
      2771      1.967e-03      
      2772      3.754e-03      
      2773      5.665e-03      
      2774      6.801e-03      
      2776      5.191e-03      
      2777      3.478e-03      
      2779      1.209e-03      
      2780      7.309e-04      
      2945      3.041e-03      
      2946      4.618e-03      
      2950      2.835e-03      
      2951      1.692e-03      
      3341      2.761e-03      
      3342      4.393e-03      
      3347      1.953e-03      
      3348      1.103e-03
3624   1.103e-03