0      0.0      
      1      0.000e+00      
      359      2.323e-03      
      360      6.247e-03      
      361      1.376e-02      
      362      2.536e-02      
      363      3.999e-02      
      364      5.517e-02      
      365      6.770e-02      
      366      7.468e-02      
      367      7.478e-02      
      368      6.888e-02      
      369      5.949e-02      
      370      4.924e-02      
      371      3.988e-02      
      372      3.209e-02      
      373      2.591e-02      
      374      2.110e-02      
      375      1.738e-02      
      376      1.448e-02      
      377      1.221e-02      
      378      1.040e-02      
      379      8.941e-03      
      381      6.741e-03      
      382      5.908e-03      
      388      2.988e-03      
      389      2.693e-03      
      420      3.807e-03      
      421      7.345e-03      
      422      1.210e-02      
      423      1.675e-02      
      424      1.973e-02      
      426      1.892e-02      
      427      1.659e-02      
      428      1.416e-02      
      429      1.203e-02      
      430      1.027e-02      
      431      8.835e-03      
      433      6.689e-03      
      434      5.867e-03      
      440      2.989e-03      
      441      2.727e-03      
      448      4.060e-03      
      449      5.892e-03      
      450      8.990e-03      
      451      1.306e-02      
      452      1.692e-02      
      456      1.559e-02      
      457      1.331e-02      
      458      1.134e-02      
      459      9.724e-03      
      461      7.371e-03      
      462      6.521e-03      
      471      3.651e-03      
      472      3.566e-03      
      504      6.413e-03      
      505      6.767e-03      
      645      3.854e-03      
      646      3.724e-03      
      814      8.164e-04      
      815      7.646e-04      
      1060      1.728e-03      
      1061      4.075e-03      
      1062      8.719e-03      
      1063      1.692e-02      
      1064      2.963e-02      
      1065      4.677e-02      
      1066      6.680e-02      
      1067      8.675e-02      
      1068      1.028e-01      
      1069      1.117e-01      
      1070      1.120e-01      
      1071      1.044e-01      
      1072      9.187e-02      
      1073      7.738e-02      
      1074      6.337e-02      
      1075      5.112e-02      
      1076      4.101e-02      
      1077      3.290e-02      
      1078      2.653e-02      
      1079      2.157e-02      
      1080      1.773e-02      
      1081      1.474e-02      
      1082      1.240e-02      
      1083      1.054e-02      
      1085      7.822e-03      
      1086      6.816e-03      
      1090      4.149e-03      
      1091      3.709e-03      
      1111      8.198e-04      
      1112      7.654e-04      
      1203      1.515e-03      
      1204      4.499e-03      
      1205      1.194e-02      
      1206      2.646e-02      
      1207      4.855e-02      
      1208      7.429e-02      
      1209      9.620e-02      
      1210      1.076e-01      
      1211      1.066e-01      
      1212      9.660e-02      
      1213      8.257e-02      
      1214      6.837e-02      
      1215      5.574e-02      
      1216      4.508e-02      
      1217      3.634e-02      
      1218      2.931e-02      
      1219      2.377e-02      
      1220      1.946e-02      
      1221      1.611e-02      
      1222      1.349e-02      
      1223      1.142e-02      
      1224      9.764e-03      
      1225      8.441e-03      
      1228      5.804e-03      
      1229      5.216e-03      
      1242      2.293e-03      
      1243      2.177e-03      
      1526      2.376e-03      
      1527      6.000e-03      
      1528      1.364e-02      
      1529      2.637e-02      
      1530      4.244e-02      
      1531      5.691e-02      
      1532      6.455e-02      
      1533      6.365e-02      
      1534      5.659e-02      
      1535      4.721e-02      
      1536      3.824e-02      
      1537      3.077e-02      
      1538      2.488e-02      
      1539      2.032e-02      
      1540      1.679e-02      
      1541      1.402e-02      
      1542      1.184e-02      
      1543      1.009e-02      
      1544      8.665e-03      
      1547      5.771e-03      
      1548      5.110e-03      
      1556      2.278e-03      
      1557      2.093e-03      
      1568      2.388e-03      
      1569      5.507e-03      
      1570      1.247e-02      
      1571      2.403e-02      
      1572      3.798e-02      
      1573      4.922e-02      
      1574      5.331e-02      
      1575      4.985e-02      
      1576      4.213e-02      
      1577      3.387e-02      
      1578      2.699e-02      
      1579      2.175e-02      
      1580      1.781e-02      
      1581      1.478e-02      
      1582      1.242e-02      
      1583      1.055e-02      
      1585      7.832e-03      
      1586      6.837e-03      
      1590      4.255e-03      
      1591      3.811e-03      
      1610      9.015e-04      
      1611      8.633e-04      
      1984      3.209e-03      
      1985      4.530e-03      
      1999      1.593e-03      
      2000      1.482e-03      
      2094      4.359e-03      
      2095      9.441e-03      
      2096      1.667e-02      
      2097      2.430e-02      
      2098      2.978e-02      
      2100      2.920e-02      
      2101      2.500e-02      
      2102      2.052e-02      
      2103      1.673e-02      
      2104      1.383e-02      
      2105      1.162e-02      
      2106      9.901e-03      
      2107      8.510e-03      
      2110      5.638e-03      
      2111      4.991e-03      
      2119      2.211e-03      
      2120      2.022e-03      
      2193      2.302e-03      
      2194      6.148e-03      
      2195      1.343e-02      
      2196      2.444e-02      
      2197      3.805e-02      
      2198      5.239e-02      
      2199      6.585e-02      
      2200      7.706e-02      
      2201      8.414e-02      
      2202      8.513e-02      
      2203      7.964e-02      
      2204      6.957e-02      
      2205      5.785e-02      
      2206      4.681e-02      
      2207      3.750e-02      
      2208      3.008e-02      
      2209      2.430e-02      
      2210      1.984e-02      
      2211      1.639e-02      
      2212      1.371e-02      
      2213      1.160e-02      
      2214      9.902e-03      
      2215      8.529e-03      
      2218      5.697e-03      
      2219      5.042e-03      
      2227      2.211e-03      
      2228      2.022e-03      
      2394      4.040e-03      
      2395      1.230e-02      
      2396      3.047e-02      
      2397      6.172e-02      
      2398      1.029e-01      
      2399      1.423e-01      
      2400      1.658e-01      
      2401      1.666e-01      
      2402      1.493e-01      
      2403      1.247e-01      
      2404      1.011e-01      
      2405      8.171e-02      
      2406      6.620e-02      
      2407      5.381e-02      
      2408      4.405e-02      
      2409      3.664e-02      
      2410      3.128e-02      
      2411      2.760e-02      
      2412      2.515e-02      
      2413      2.336e-02      
      2414      2.158e-02      
      2415      1.940e-02      
      2416      1.687e-02      
      2417      1.435e-02      
      2418      1.212e-02      
      2419      1.030e-02      
      2421      7.668e-03      
      2422      6.698e-03      
      2426      4.129e-03      
      2427      3.701e-03      
      2449      7.648e-04      
      2450      7.060e-04      
      2561      2.104e-03      
      2562      6.201e-03      
      2563      1.733e-02      
      2564      4.107e-02      
      2565      8.069e-02      
      2566      1.318e-01      
      2567      1.816e-01      
      2568      2.151e-01      
      2569      2.247e-01      
      2570      2.130e-01      
      2571      1.885e-01      
      2572      1.603e-01      
      2573      1.337e-01      
      2574      1.110e-01      
      2575      9.184e-02      
      2576      7.567e-02      
      2577      6.190e-02      
      2578      5.027e-02      
      2579      4.064e-02      
      2580      3.287e-02      
      2581      2.673e-02      
      2582      2.194e-02      
      2583      1.821e-02      
      2584      1.528e-02      
      2585      1.297e-02      
      2586      1.112e-02      
      2587      9.614e-03      
      2589      7.378e-03      
      2590      6.563e-03      
      2611      3.702e-03      
      2612      3.549e-03      
      2736      6.186e-04      
      2737      5.996e-04      
      2772      3.274e-03      
      2773      5.406e-03      
      2774      7.526e-03      
      2775      8.888e-03      
      2779      6.439e-03      
      2780      5.599e-03      
      2787      2.682e-03      
      2788      2.431e-03      
      3340      3.353e-03      
      3341      7.068e-03      
      3342      1.202e-02      
      3343      1.671e-02      
      3347      1.443e-02      
      3348      1.195e-02      
      3349      1.002e-02      
      3350      8.543e-03      
      3353      5.638e-03      
      3354      4.991e-03      
      3362      2.211e-03      
      3363      2.022e-03
3624   2.022e-03