0      0.0      
      1      0.000e+00      
      33      5.992e-03      
      34      1.163e-02      
      35      1.782e-02      
      36      2.170e-02      
      38      1.693e-02      
      39      1.134e-02      
      40      6.677e-03      
      41      3.704e-03      
      358      4.829e-03      
      359      1.430e-02      
      360      3.411e-02      
      361      6.585e-02      
      362      1.040e-01      
      363      1.363e-01      
      364      1.509e-01      
      365      1.440e-01      
      366      1.200e-01      
      367      8.812e-02      
      368      5.718e-02      
      369      3.299e-02      
      370      1.719e-02      
      371      8.408e-03      
      374      1.340e-03      
      375      9.489e-04      
      404      6.297e-03      
      405      8.570e-03      
      406      1.204e-02      
      407      1.650e-02      
      408      2.101e-02      
      409      2.426e-02      
      412      2.838e-02      
      413      3.217e-02      
      414      3.753e-02      
      415      4.278e-02      
      422      4.887e-02      
      423      5.244e-02      
      427      4.615e-02      
      428      4.490e-02      
      448      5.197e-02      
      449      5.735e-02      
      450      6.570e-02      
      451      7.453e-02      
      454      7.119e-02      
      455      6.390e-02      
      464      5.715e-02      
      465      5.573e-02      
      473      4.972e-02      
      474      4.843e-02      
      500      4.195e-02      
      501      4.101e-02      
      514      3.563e-02      
      515      3.347e-02      
      521      2.681e-02      
      522      2.589e-02      
      573      1.925e-02      
      574      1.865e-02      
      625      1.183e-02      
      626      1.061e-02      
      740      3.813e-03      
      741      3.109e-03      
      1059      5.851e-03      
      1060      1.189e-02      
      1061      2.030e-02      
      1062      3.043e-02      
      1063      4.196e-02      
      1064      5.493e-02      
      1065      6.877e-02      
      1066      8.184e-02      
      1067      9.148e-02      
      1069      8.798e-02      
      1070      7.274e-02      
      1071      5.289e-02      
      1072      3.392e-02      
      1073      1.954e-02      
      1074      1.057e-02      
      1085      1.707e-02      
      1086      1.776e-02      
      1123      1.146e-02      
      1124      9.234e-03      
      1204      1.200e-02      
      1205      2.621e-02      
      1206      5.099e-02      
      1207      8.329e-02      
      1208      1.126e-01      
      1209      1.263e-01      
      1210      1.185e-01      
      1211      9.467e-02      
      1212      6.652e-02      
      1213      4.373e-02      
      1214      2.967e-02      
      1215      2.287e-02      
      1216      2.042e-02      
      1222      2.643e-02      
      1223      2.845e-02      
      1225      3.356e-02      
      1226      3.638e-02      
      1229      4.260e-02      
      1230      4.375e-02      
      1240      3.756e-02      
      1241      3.574e-02      
      1265      2.978e-02      
      1266      2.830e-02      
      1269      2.249e-02      
      1270      2.100e-02      
      1292      1.487e-02      
      1293      1.346e-02      
      1339      7.994e-03      
      1340      6.079e-03      
      1526      7.315e-03      
      1527      1.444e-02      
      1528      2.484e-02      
      1529      3.593e-02      
      1530      4.326e-02      
      1532      3.635e-02      
      1533      2.596e-02      
      1534      1.646e-02      
      1535      1.009e-02      
      1536      6.877e-03      
      1570      1.293e-02      
      1571      2.338e-02      
      1572      3.470e-02      
      1575      3.217e-02      
      1576      2.207e-02      
      1577      1.402e-02      
      1578      9.197e-03      
      1579      6.803e-03      
      2093      5.731e-03      
      2094      1.448e-02      
      2095      2.897e-02      
      2096      4.613e-02      
      2097      5.877e-02      
      2098      6.041e-02      
      2099      5.066e-02      
      2100      3.524e-02      
      2101      2.087e-02      
      2102      1.098e-02      
      2103      5.472e-03      
      2104      2.806e-03      
      2192      5.839e-03      
      2193      1.590e-02      
      2194      3.571e-02      
      2195      6.634e-02      
      2196      1.024e-01      
      2197      1.328e-01      
      2198      1.472e-01      
      2199      1.434e-01      
      2200      1.268e-01      
      2201      1.037e-01      
      2202      7.828e-02      
      2203      5.333e-02      
      2204      3.219e-02      
      2205      1.725e-02      
      2206      8.485e-03      
      2325      1.776e-03      
      2326      1.298e-03      
      2394      5.781e-03      
      2395      1.661e-02      
      2396      3.878e-02      
      2397      7.401e-02      
      2398      1.162e-01      
      2399      1.515e-01      
      2400      1.660e-01      
      2401      1.564e-01      
      2402      1.304e-01      
      2403      9.972e-02      
      2404      7.188e-02      
      2405      5.022e-02      
      2406      3.600e-02      
      2409      3.549e-02      
      2410      4.661e-02      
      2411      6.161e-02      
      2412      7.712e-02      
      2413      8.791e-02      
      2415      8.361e-02      
      2416      7.298e-02      
      2417      6.293e-02      
      2418      5.619e-02      
      2419      5.315e-02      
      2422      5.898e-02      
      2423      6.410e-02      
      2424      6.999e-02      
      2425      7.593e-02      
      2426      8.124e-02      
      2427      8.553e-02      
      2429      9.144e-02      
      2430      9.374e-02      
      2438      8.995e-02      
      2439      8.635e-02      
      2440      8.251e-02      
      2441      7.864e-02      
      2443      7.229e-02      
      2444      7.048e-02      
      2466      6.620e-02      
      2467      6.261e-02      
      2470      5.565e-02      
      2471      5.488e-02      
      2489      4.952e-02      
      2490      4.491e-02      
      2491      4.001e-02      
      2492      3.566e-02      
      2510      2.866e-02      
      2511      2.793e-02      
      2514      2.271e-02      
      2515      2.034e-02      
      2541      1.358e-02      
      2542      1.294e-02      
      2557      1.997e-02      
      2558      2.063e-02      
      2562      2.132e-02      
      2563      3.427e-02      
      2564      6.631e-02      
      2565      1.221e-01      
      2566      1.934e-01      
      2567      2.574e-01      
      2568      2.884e-01      
      2569      2.753e-01      
      2570      2.273e-01      
      2571      1.662e-01      
      2572      1.119e-01      
      2573      7.484e-02      
      2574      5.513e-02      
      2575      4.778e-02      
      2578      5.341e-02      
      2579      5.734e-02      
      2580      6.147e-02      
      2581      6.573e-02      
      2582      6.976e-02      
      2583      7.301e-02      
      2607      6.843e-02      
      2608      6.448e-02      
      2609      5.963e-02      
      2610      5.443e-02      
      2611      4.949e-02      
      2612      4.530e-02      
      2615      3.818e-02      
      2616      3.754e-02      
      2622      4.428e-02      
      2623      4.492e-02      
      2632      3.842e-02      
      2633      3.392e-02      
      2634      2.926e-02      
      2635      2.508e-02      
      2658      2.012e-02      
      2659      1.730e-02      
      2705      1.161e-02      
      2706      8.733e-03      
      2782      1.822e-03      
      2783      1.533e-03      
      3340      7.982e-03      
      3341      1.582e-02      
      3342      2.486e-02      
      3346      1.776e-02      
      3347      1.049e-02      
      3348      5.616e-03      
      3349      2.946e-03
3624   2.946e-03