0      0.0      
      1      1.111e-03      
      34      8.851e-03      
      35      1.416e-02      
      43      3.663e-03      
      44      2.841e-03      
      358      1.221e-02      
      359      3.486e-02      
      360      8.395e-02      
      361      1.664e-01      
      362      2.723e-01      
      363      3.715e-01      
      364      4.297e-01      
      365      4.287e-01      
      366      3.746e-01      
      367      2.901e-01      
      368      2.010e-01      
      369      1.259e-01      
      370      7.267e-02      
      371      4.007e-02      
      372      2.223e-02      
      373      1.312e-02      
      374      8.570e-03      
      406      1.669e-02      
      407      2.012e-02      
      417      2.859e-02      
      418      3.142e-02      
      419      4.175e-02      
      420      6.665e-02      
      421      1.089e-01      
      422      1.596e-01      
      423      1.981e-01      
      424      2.057e-01      
      425      1.806e-01      
      426      1.385e-01      
      427      9.872e-02      
      428      7.142e-02      
      429      5.685e-02      
      440      6.681e-02      
      441      6.895e-02      
      443      7.862e-02      
      444      9.156e-02      
      445      1.125e-01      
      446      1.376e-01      
      447      1.568e-01      
      449      1.514e-01      
      450      1.353e-01      
      451      1.212e-01      
      452      1.114e-01      
      453      1.033e-01      
      454      9.502e-02      
      455      8.724e-02      
      457      7.727e-02      
      458      7.499e-02      
      473      6.546e-02      
      474      6.132e-02      
      478      5.048e-02      
      479      4.957e-02      
      500      3.994e-02      
      501      3.757e-02      
      506      4.612e-02      
      507      4.890e-02      
      514      3.877e-02      
      515      3.607e-02      
      527      2.497e-02      
      528      2.466e-02      
      614      1.365e-02      
      615      1.329e-02      
      886      2.179e-03      
      887      2.108e-03      
      1060      9.628e-03      
      1061      1.635e-02      
      1062      2.499e-02      
      1063      3.550e-02      
      1064      4.832e-02      
      1065      6.369e-02      
      1066      8.054e-02      
      1067      9.576e-02      
      1070      9.049e-02      
      1071      7.071e-02      
      1072      4.966e-02      
      1073      3.203e-02      
      1074      1.962e-02      
      1075      1.197e-02      
      1076      7.705e-03      
      1204      1.159e-02      
      1205      2.338e-02      
      1206      4.503e-02      
      1207      7.521e-02      
      1208      1.056e-01      
      1209      1.239e-01      
      1210      1.220e-01      
      1211      1.021e-01      
      1212      7.409e-02      
      1213      4.853e-02      
      1214      3.078e-02      
      1215      2.072e-02      
      1216      1.572e-02      
      1294      4.616e-03      
      1295      4.278e-03      
      1526      8.288e-03      
      1527      1.795e-02      
      1528      3.611e-02      
      1529      6.264e-02      
      1530      9.084e-02      
      1531      1.088e-01      
      1532      1.074e-01      
      1533      8.803e-02      
      1534      6.085e-02      
      1535      3.665e-02      
      1536      2.033e-02      
      1537      1.129e-02      
      1538      6.875e-03      
      1569      1.292e-02      
      1570      2.398e-02      
      1571      4.193e-02      
      1572      6.246e-02      
      1573      7.648e-02      
      1574      7.660e-02      
      1575      6.346e-02      
      1576      4.465e-02      
      1577      2.799e-02      
      1578      1.685e-02      
      1582      5.843e-03      
      1583      5.641e-03      
      1984      1.338e-02      
      1985      1.725e-02      
      1990      6.585e-03      
      1991      4.704e-03      
      2093      1.055e-02      
      2094      2.536e-02      
      2095      5.052e-02      
      2096      8.137e-02      
      2097      1.057e-01      
      2099      9.650e-02      
      2100      6.985e-02      
      2101      4.357e-02      
      2102      2.458e-02      
      2103      1.347e-02      
      2104      7.781e-03      
      2193      1.380e-02      
      2194      2.965e-02      
      2195      5.626e-02      
      2196      9.117e-02      
      2197      1.259e-01      
      2198      1.507e-01      
      2201      1.407e-01      
      2202      1.179e-01      
      2203      9.092e-02      
      2204      6.472e-02      
      2205      4.345e-02      
      2206      2.860e-02      
      2207      1.927e-02      
      2208      1.373e-02      
      2394      2.136e-02      
      2395      5.029e-02      
      2396      1.009e-01      
      2397      1.661e-01      
      2398      2.233e-01      
      2399      2.470e-01      
      2400      2.278e-01      
      2401      1.791e-01      
      2402      1.240e-01      
      2403      7.920e-02      
      2404      4.937e-02      
      2405      3.190e-02      
      2406      2.277e-02      
      2407      1.922e-02      
      2410      2.961e-02      
      2411      3.775e-02      
      2412      4.620e-02      
      2413      5.212e-02      
      2415      4.822e-02      
      2416      4.049e-02      
      2417      3.281e-02      
      2418      2.710e-02      
      2432      3.810e-02      
      2433      4.051e-02      
      2440      3.006e-02      
      2441      2.798e-02      
      2468      1.774e-02      
      2469      1.626e-02      
      2562      1.688e-02      
      2563      3.404e-02      
      2564      6.832e-02      
      2565      1.208e-01      
      2566      1.812e-01      
      2567      2.295e-01      
      2568      2.473e-01      
      2569      2.299e-01      
      2570      1.875e-01      
      2571      1.375e-01      
      2572      9.427e-02      
      2573      6.418e-02      
      2574      4.671e-02      
      2575      3.817e-02      
      2576      3.490e-02      
      2610      2.675e-02      
      2611      2.214e-02      
      2656      1.140e-02      
      2657      1.065e-02      
      3340      1.166e-02      
      3341      2.273e-02      
      3342      3.647e-02      
      3343      4.758e-02      
      3344      5.063e-02      
      3345      4.449e-02      
      3346      3.301e-02      
      3347      2.145e-02      
      3348      1.293e-02      
      3349      7.805e-03
3624   7.805e-03