0      0.0      
      1      0.000e+00      
      363      6.207e-04      
      364      1.379e-03      
      365      2.442e-03      
      366      3.455e-03      
      369      2.698e-03      
      370      1.708e-03      
      371      9.627e-04      
      372      5.287e-04      
      411      9.926e-04      
      412      1.671e-03      
      413      2.414e-03      
      414      3.132e-03      
      415      3.752e-03      
      416      4.123e-03      
      418      3.418e-03      
      419      2.503e-03      
      420      1.632e-03      
      421      1.022e-03      
      428      6.818e-05      
      429      4.133e-05      
      1065      7.616e-04      
      1066      1.242e-03      
      1074      3.875e-04      
      1075      2.484e-04      
      1206      1.053e-03      
      1207      2.113e-03      
      1208      3.432e-03      
      1209      4.527e-03      
      1211      4.330e-03      
      1212      3.221e-03      
      1213      2.065e-03      
      1214      1.195e-03      
      1215      6.676e-04      
      2197      1.234e-03      
      2198      2.607e-03      
      2199      4.702e-03      
      2200      7.186e-03      
      2201      9.228e-03      
      2203      8.791e-03      
      2204      6.518e-03      
      2205      4.085e-03      
      2206      2.238e-03      
      2207      1.141e-03      
      2210      2.184e-04      
      2211      1.546e-04      
      2397      1.078e-03      
      2398      2.334e-03      
      2399      4.207e-03      
      2400      6.582e-03      
      2401      9.396e-03      
      2402      1.265e-02      
      2403      1.592e-02      
      2404      1.802e-02      
      2405      1.775e-02      
      2406      1.514e-02      
      2407      1.165e-02      
      2408      9.095e-03      
      2412      8.139e-03      
      2413      6.697e-03      
      2414      5.048e-03      
      2415      3.659e-03      
      2416      2.628e-03      
      2417      1.861e-03      
      2418      1.276e-03      
      2421      3.500e-04      
      2422      2.338e-04      
      2562      1.114e-03      
      2563      2.645e-03      
      2564      6.596e-03      
      2565      1.434e-02      
      2566      2.584e-02      
      2567      3.820e-02      
      2568      4.656e-02      
      2569      4.718e-02      
      2570      4.024e-02      
      2571      2.939e-02      
      2572      1.880e-02      
      2573      1.086e-02      
      2574      5.927e-03      
      2575      3.258e-03      
      2576      1.946e-03      
      2578      1.065e-03      
      2579      9.469e-04      
      2854      1.135e-03      
      2855      2.168e-03      
      2856      3.257e-03      
      2859      2.816e-03      
      2860      1.815e-03      
      2861      1.043e-03      
      2862      5.928e-04      
      3341      7.858e-04      
      3342      1.631e-03      
      3343      2.696e-03      
      3344      3.568e-03      
      3345      3.805e-03      
      3346      3.307e-03      
      3347      2.390e-03      
      3348      1.487e-03      
      3349      8.455e-04
3624   8.455e-04