0      0.0      
      1      0.000e+00      
      35      7.491e-04      
      36      1.107e-03      
      39      8.214e-04      
      40      4.570e-04      
      364      6.808e-04      
      365      1.357e-03      
      366      2.177e-03      
      367      2.850e-03      
      370      2.258e-03      
      371      1.550e-03      
      372      9.292e-04      
      373      4.927e-04      
      409      5.478e-04      
      410      1.504e-03      
      411      3.346e-03      
      412      6.120e-03      
      413      9.420e-03      
      414      1.261e-02      
      415      1.527e-02      
      416      1.721e-02      
      417      1.807e-02      
      418      1.737e-02      
      419      1.515e-02      
      420      1.246e-02      
      421      1.059e-02      
      422      9.955e-03      
      423      9.745e-03      
      424      8.890e-03      
      425      7.064e-03      
      426      4.781e-03      
      427      2.760e-03      
      428      1.377e-03      
      429      6.096e-04      
      1063      6.832e-04      
      1064      1.789e-03      
      1065      3.811e-03      
      1066      6.760e-03      
      1067      1.032e-02      
      1068      1.404e-02      
      1069      1.746e-02      
      1070      1.985e-02      
      1071      2.024e-02      
      1072      1.809e-02      
      1073      1.392e-02      
      1074      9.162e-03      
      1075      5.172e-03      
      1076      2.542e-03      
      1077      1.130e-03      
      1078      4.925e-04      
      1079      2.397e-04      
      1205      5.411e-04      
      1206      1.584e-03      
      1207      3.792e-03      
      1208      7.465e-03      
      1209      1.216e-02      
      1210      1.646e-02      
      1211      1.868e-02      
      1212      1.797e-02      
      1213      1.494e-02      
      1214      1.103e-02      
      1215      7.429e-03      
      1216      4.649e-03      
      1217      2.705e-03      
      1218      1.454e-03      
      1219      7.276e-04      
      1223      8.522e-05      
      1224      7.056e-05      
      1682      7.051e-04      
      1683      8.327e-04      
      1687      2.385e-04      
      1688      1.407e-04      
      1982      4.273e-04      
      1983      1.223e-03      
      1984      2.796e-03      
      1985      5.117e-03      
      1986      7.509e-03      
      1987      8.862e-03      
      1988      8.450e-03      
      1989      6.557e-03      
      1990      4.189e-03      
      1991      2.249e-03      
      1992      1.056e-03      
      1993      4.697e-04      
      1994      2.275e-04      
      2095      7.193e-04      
      2096      1.874e-03      
      2097      3.996e-03      
      2098      6.949e-03      
      2099      9.820e-03      
      2100      1.126e-02      
      2101      1.051e-02      
      2102      8.047e-03      
      2103      5.139e-03      
      2104      2.815e-03      
      2105      1.382e-03      
      2106      6.477e-04      
      2194      4.701e-04      
      2195      1.974e-03      
      2196      6.586e-03      
      2197      1.762e-02      
      2198      3.820e-02      
      2199      6.785e-02      
      2200      9.987e-02      
      2201      1.229e-01      
      2202      1.274e-01      
      2203      1.113e-01      
      2204      8.231e-02      
      2205      5.175e-02      
      2206      2.800e-02      
      2207      1.335e-02      
      2208      5.834e-03      
      2209      2.474e-03      
      2210      1.092e-03      
      2211      5.319e-04      
      2212      2.982e-04      
      2397      6.843e-04      
      2398      1.579e-03      
      2399      3.164e-03      
      2400      5.985e-03      
      2401      1.146e-02      
      2402      2.178e-02      
      2403      3.784e-02      
      2404      5.602e-02      
      2405      6.839e-02      
      2406      6.834e-02      
      2407      5.644e-02      
      2408      3.957e-02      
      2409      2.489e-02      
      2410      1.548e-02      
      2411      1.055e-02      
      2412      7.966e-03      
      2413      6.156e-03      
      2414      4.530e-03      
      2415      3.089e-03      
      2416      1.948e-03      
      2417      1.148e-03      
      2418      6.395e-04      
      2419      3.440e-04      
      2562      8.422e-04      
      2563      1.438e-03      
      2564      3.274e-03      
      2565      7.803e-03      
      2566      1.664e-02      
      2567      2.998e-02      
      2568      4.472e-02      
      2569      5.493e-02      
      2570      5.565e-02      
      2571      4.685e-02      
      2572      3.329e-02      
      2573      2.047e-02      
      2574      1.133e-02      
      2575      5.942e-03      
      2576      3.155e-03      
      2577      1.827e-03      
      2578      1.226e-03      
      2579      9.625e-04      
      2670      1.584e-03      
      2671      2.024e-03      
      2674      1.691e-03      
      2675      1.266e-03      
      2701      6.244e-04      
      2702      5.823e-04      
      2853      5.503e-04      
      2854      1.346e-03      
      2855      2.582e-03      
      2856      3.893e-03      
      2857      4.633e-03      
      2858      4.383e-03      
      2859      3.341e-03      
      2860      2.103e-03      
      2861      1.147e-03      
      2862      5.902e-04      
      2863      3.201e-04      
      3143      6.647e-04      
      3144      1.021e-03      
      3145      1.624e-03      
      3146      2.292e-03      
      3149      1.778e-03      
      3150      1.041e-03      
      3151      5.032e-04      
      3152      2.187e-04      
      3341      5.351e-04      
      3342      1.290e-03      
      3343      2.450e-03      
      3344      3.675e-03      
      3345      4.367e-03      
      3346      4.135e-03      
      3347      3.144e-03      
      3348      1.940e-03      
      3349      9.852e-04      
      3350      4.173e-04      
      3351      1.490e-04
3624   1.490e-04