0      0.0      
      1      0.000e+00      
      413      1.867e-03      
      414      3.063e-03      
      415      4.635e-03      
      416      6.267e-03      
      419      5.744e-03      
      420      3.888e-03      
      421      2.331e-03      
      422      1.396e-03      
      1210      3.340e-03      
      1211      3.486e-03      
      1213      2.104e-03      
      1214      1.218e-03      
      2198      2.546e-03      
      2199      5.274e-03      
      2200      8.971e-03      
      2201      1.247e-02      
      2203      1.299e-02      
      2204      9.780e-03      
      2205      6.105e-03      
      2206      3.236e-03      
      2207      1.519e-03      
      2208      6.793e-04      
      2400      1.701e-03      
      2401      2.953e-03      
      2402      4.942e-03      
      2403      7.610e-03      
      2404      1.010e-02      
      2406      9.996e-03      
      2407      7.568e-03      
      2408      5.313e-03      
      2411      3.765e-03      
      2412      3.177e-03      
      2414      1.202e-03      
      2415      5.320e-04      
      2564      1.593e-03      
      2565      3.432e-03      
      2566      5.967e-03      
      2567      8.435e-03      
      2570      7.394e-03      
      2571      4.888e-03      
      2572      2.701e-03      
      2573      1.247e-03      
      2574      4.794e-04      
      2855      1.764e-03      
      2856      2.567e-03      
      2860      9.444e-04      
      2861      3.937e-04      
      3343      1.879e-03      
      3344      2.616e-03      
      3348      8.657e-04      
      3349      3.557e-04
3624   3.557e-04