0      0.0      
      1      0.000e+00      
      411      1.843e-02      
      412      2.925e-02      
      414      4.313e-02      
      415      4.395e-02      
      418      3.096e-02      
      419      2.269e-02      
      421      9.078e-03      
      422      5.442e-03      
      1062      1.262e-02      
      1063      2.689e-02      
      1064      4.900e-02      
      1065      7.700e-02      
      1066      1.047e-01      
      1067      1.230e-01      
      1069      1.091e-01      
      1070      8.190e-02      
      1071      5.295e-02      
      1072      2.993e-02      
      1073      1.540e-02      
      1078      1.302e-03      
      1079      9.215e-04      
      1208      1.132e-02      
      1209      1.626e-02      
      1216      2.444e-03      
      1217      1.746e-03      
      1681      1.429e-02      
      1682      1.864e-02      
      1687      5.044e-03      
      1688      3.079e-03      
      2097      1.183e-02      
      2098      1.875e-02      
      2104      5.993e-03      
      2105      3.668e-03      
      2197      1.726e-02      
      2198      3.115e-02      
      2199      4.853e-02      
      2200      6.547e-02      
      2203      6.608e-02      
      2204      4.899e-02      
      2205      3.162e-02      
      2206      1.826e-02      
      2207      9.893e-03      
      2398      1.290e-02      
      2399      2.934e-02      
      2400      6.083e-02      
      2401      1.142e-01      
      2402      1.899e-01      
      2403      2.738e-01      
      2404      3.391e-01      
      2405      3.629e-01      
      2406      3.437e-01      
      2407      3.030e-01      
      2408      2.678e-01      
      2409      2.520e-01      
      2412      2.435e-01      
      2413      2.253e-01      
      2414      1.989e-01      
      2415      1.661e-01      
      2416      1.284e-01      
      2417      8.981e-02      
      2418      5.610e-02      
      2419      3.156e-02      
      2420      1.653e-02      
      2423      2.884e-03      
      2424      1.998e-03      
      2562      6.617e-03      
      2563      2.433e-02      
      2564      7.178e-02      
      2565      1.706e-01      
      2566      3.280e-01      
      2567      5.130e-01      
      2568      6.571e-01      
      2569      6.959e-01      
      2570      6.174e-01      
      2571      4.671e-01      
      2572      3.085e-01      
      2573      1.832e-01      
      2574      1.012e-01      
      2575      5.368e-02      
      2576      2.817e-02      
      2577      1.500e-02      
      2578      8.340e-03      
      2854      1.676e-02      
      2855      3.238e-02      
      2856      4.932e-02      
      2859      4.511e-02      
      2860      2.959e-02      
      2861      1.718e-02      
      2862      9.886e-03      
      3341      1.650e-02      
      3342      3.313e-02      
      3343      5.283e-02      
      3344      6.730e-02      
      3346      5.772e-02      
      3347      4.013e-02      
      3348      2.400e-02      
      3349      1.304e-02      
      3350      6.975e-03      
      3417      1.558e-02      
      3418      2.305e-02      
      3423      8.800e-03      
      3424      5.130e-03
3624   5.130e-03