0      0.0      
      1      0.000e+00      
      39      6.488e-03      
      40      8.287e-03      
      47      3.010e-03      
      48      2.389e-03      
      361      3.213e-03      
      362      9.031e-03      
      363      2.089e-02      
      364      3.986e-02      
      365      6.308e-02      
      366      8.335e-02      
      367      9.279e-02      
      368      8.814e-02      
      369      7.264e-02      
      370      5.315e-02      
      371      3.559e-02      
      372      2.266e-02      
      373      1.430e-02      
      374      9.276e-03      
      375      6.315e-03      
      1070      1.113e-02      
      1071      1.529e-02      
      1076      1.186e-02      
      1077      8.982e-03      
      1080      3.757e-03      
      1081      2.913e-03      
      1208      8.100e-03      
      1209      1.463e-02      
      1210      2.227e-02      
      1211      2.855e-02      
      1214      2.459e-02      
      1215      1.878e-02      
      1216      1.355e-02      
      1217      9.566e-03      
      1219      4.926e-03      
      1220      3.663e-03      
      1575      7.801e-03      
      1576      9.758e-03      
      1582      4.227e-03      
      1583      3.306e-03      
      2098      7.421e-03      
      2099      1.084e-02      
      2106      5.539e-03      
      2107      4.247e-03      
      2199      9.804e-03      
      2200      1.872e-02      
      2201      3.011e-02      
      2202      4.074e-02      
      2203      4.676e-02      
      2204      4.621e-02      
      2205      4.007e-02      
      2206      3.121e-02      
      2207      2.247e-02      
      2208      1.546e-02      
      2209      1.050e-02      
      2210      7.246e-03      
      2217      1.477e-03      
      2218      1.312e-03      
      2564      6.776e-03      
      2565      1.444e-02      
      2566      2.607e-02      
      2567      3.942e-02      
      2568      5.017e-02      
      2570      5.091e-02      
      2571      4.211e-02      
      2572      3.158e-02      
      2573      2.215e-02      
      2574      1.503e-02      
      2575      1.018e-02      
      2576      7.032e-03      
      2584      1.185e-03      
      2585      1.069e-03      
      2776      6.431e-03      
      2777      7.867e-03      
      2786      1.987e-03      
      2787      1.679e-03
3624   1.679e-03