0      0.0      
      1      4.839e-04      
      33      1.800e-03      
      34      3.716e-03      
      35      6.718e-03      
      36      9.957e-03      
      37      1.188e-02      
      38      1.142e-02      
      39      8.928e-03      
      40      5.794e-03      
      41      3.240e-03      
      42      1.678e-03      
      43      9.191e-04      
      363      1.950e-03      
      364      4.143e-03      
      365      7.738e-03      
      366      1.205e-02      
      367      1.564e-02      
      368      1.736e-02      
      369      1.714e-02      
      370      1.559e-02      
      371      1.318e-02      
      372      1.015e-02      
      373      6.935e-03      
      374      4.170e-03      
      375      2.266e-03      
      377      7.347e-04      
      378      5.575e-04      
      408      1.089e-03      
      409      2.650e-03      
      410      6.734e-03      
      411      1.517e-02      
      412      2.891e-02      
      413      4.653e-02      
      414      6.415e-02      
      415      7.745e-02      
      416      8.389e-02      
      417      8.344e-02      
      418      7.807e-02      
      419      7.125e-02      
      420      6.728e-02      
      421      6.954e-02      
      422      7.797e-02      
      423      8.796e-02      
      424      9.270e-02      
      425      8.779e-02      
      426      7.401e-02      
      427      5.605e-02      
      428      3.897e-02      
      429      2.564e-02      
      430      1.652e-02      
      431      1.072e-02      
      432      7.108e-03      
      433      4.829e-03      
      434      3.357e-03      
      435      2.410e-03      
      667      8.002e-04      
      668      7.898e-04      
      1065      1.599e-03      
      1066      3.822e-03      
      1067      9.151e-03      
      1068      1.983e-02      
      1069      3.727e-02      
      1070      5.968e-02      
      1071      8.085e-02      
      1072      9.268e-02      
      1073      9.033e-02      
      1074      7.559e-02      
      1075      5.514e-02      
      1076      3.580e-02      
      1077      2.123e-02      
      1078      1.186e-02      
      1079      6.449e-03      
      1080      3.556e-03      
      1081      2.103e-03      
      1082      1.423e-03      
      1206      2.515e-03      
      1207      6.023e-03      
      1208      1.318e-02      
      1209      2.454e-02      
      1210      3.844e-02      
      1211      5.115e-02      
      1212      5.903e-02      
      1213      6.063e-02      
      1214      5.668e-02      
      1215      4.886e-02      
      1216      3.892e-02      
      1217      2.855e-02      
      1218      1.935e-02      
      1219      1.227e-02      
      1220      7.460e-03      
      1221      4.482e-03      
      1222      2.743e-03      
      1224      1.298e-03      
      1225      1.081e-03      
      1984      2.080e-03      
      1985      3.984e-03      
      1986      6.603e-03      
      1987      9.024e-03      
      1989      9.020e-03      
      1990      6.633e-03      
      1991      4.064e-03      
      1992      2.176e-03      
      1994      6.908e-04      
      1995      5.378e-04      
      2094      1.057e-03      
      2095      2.349e-03      
      2096      5.507e-03      
      2097      1.165e-02      
      2098      2.093e-02      
      2099      3.123e-02      
      2100      3.850e-02      
      2101      3.933e-02      
      2102      3.359e-02      
      2103      2.432e-02      
      2104      1.521e-02      
      2105      8.434e-03      
      2106      4.323e-03      
      2107      2.219e-03      
      2172      6.090e-04      
      2173      5.806e-04      
      2193      8.021e-04      
      2194      2.214e-03      
      2195      7.808e-03      
      2196      2.510e-02      
      2197      6.683e-02      
      2198      1.453e-01      
      2199      2.592e-01      
      2200      3.839e-01      
      2201      4.781e-01      
      2202      5.068e-01      
      2203      4.626e-01      
      2204      3.686e-01      
      2205      2.609e-01      
      2206      1.684e-01      
      2207      1.028e-01      
      2208      6.188e-02      
      2209      3.800e-02      
      2210      2.427e-02      
      2211      1.612e-02      
      2212      1.101e-02      
      2213      7.647e-03      
      2214      5.390e-03      
      2215      3.919e-03      
      2216      3.036e-03      
      2399      4.584e-03      
      2400      6.343e-03      
      2401      9.590e-03      
      2402      1.660e-02      
      2403      3.007e-02      
      2404      5.037e-02      
      2405      7.312e-02      
      2406      9.047e-02      
      2407      9.618e-02      
      2408      8.988e-02      
      2409      7.675e-02      
      2410      6.333e-02      
      2411      5.363e-02      
      2412      4.801e-02      
      2413      4.446e-02      
      2414      4.073e-02      
      2415      3.567e-02      
      2416      2.950e-02      
      2417      2.311e-02      
      2418      1.739e-02      
      2419      1.279e-02      
      2420      9.341e-03      
      2421      6.816e-03      
      2422      4.989e-03      
      2423      3.711e-03      
      2424      2.891e-03      
      2566      3.017e-03      
      2567      4.845e-03      
      2568      7.797e-03      
      2569      1.122e-02      
      2570      1.375e-02      
      2572      1.285e-02      
      2573      1.034e-02      
      2574      7.745e-03      
      2575      5.572e-03      
      2576      3.977e-03      
      2577      2.944e-03      
      2843      1.355e-03      
      2844      1.326e-03      
      3342      2.757e-03      
      3343      5.209e-03      
      3344      8.334e-03      
      3345      1.096e-02      
      3347      1.037e-02      
      3348      7.555e-03      
      3349      4.637e-03      
      3350      2.493e-03      
      3351      1.286e-03      
      3352      7.476e-04      
      3554      2.078e-03      
      3555      4.399e-03      
      3556      8.033e-03      
      3557      1.194e-02      
      3558      1.424e-02      
      3559      1.362e-02      
      3560      1.054e-02      
      3561      6.722e-03      
      3562      3.661e-03      
      3563      1.828e-03
3624   1.828e-03