0      0.0      
      1      0.000e+00      
      412      3.164e-03      
      413      4.746e-03      
      414      6.498e-03      
      415      8.431e-03      
      416      1.031e-02      
      419      9.304e-03      
      420      6.881e-03      
      421      4.849e-03      
      422      3.608e-03      
      423      2.895e-03      
      426      1.085e-03      
      427      6.732e-04      
      1065      1.978e-03      
      1066      3.905e-03      
      1067      6.453e-03      
      1068      8.990e-03      
      1072      7.378e-03      
      1073      5.129e-03      
      1074      3.267e-03      
      1075      1.975e-03      
      1076      1.194e-03      
      1207      2.340e-03      
      1208      4.563e-03      
      1209      7.334e-03      
      1210      9.778e-03      
      1213      8.273e-03      
      1214      5.827e-03      
      1215      3.696e-03      
      1216      2.211e-03      
      1217      1.327e-03      
      2097      2.734e-03      
      2098      4.311e-03      
      2103      2.573e-03      
      2104      1.607e-03      
      2197      3.303e-03      
      2198      8.050e-03      
      2199      1.646e-02      
      2200      2.830e-02      
      2201      4.085e-02      
      2202      4.934e-02      
      2203      4.979e-02      
      2204      4.209e-02      
      2205      3.006e-02      
      2206      1.845e-02      
      2207      1.000e-02      
      2208      5.011e-03      
      2209      2.479e-03      
      2211      7.868e-04      
      2212      5.404e-04      
      2397      1.338e-03      
      2398      3.042e-03      
      2399      5.744e-03      
      2400      9.497e-03      
      2401      1.485e-02      
      2402      2.310e-02      
      2403      3.487e-02      
      2404      4.759e-02      
      2405      5.576e-02      
      2406      5.510e-02      
      2407      4.647e-02      
      2408      3.495e-02      
      2409      2.544e-02      
      2410      1.957e-02      
      2411      1.606e-02      
      2412      1.306e-02      
      2413      9.846e-03      
      2414      6.766e-03      
      2415      4.333e-03      
      2416      2.680e-03      
      2417      1.658e-03      
      2563      1.905e-03      
      2564      5.145e-03      
      2565      1.181e-02      
      2566      2.229e-02      
      2567      3.440e-02      
      2568      4.366e-02      
      2569      4.601e-02      
      2570      4.090e-02      
      2571      3.141e-02      
      2572      2.158e-02      
      2573      1.390e-02      
      2574      8.805e-03      
      2575      5.678e-03      
      2576      3.764e-03      
      2577      2.572e-03      
      2578      1.859e-03      
      2854      2.589e-03      
      2855      4.900e-03      
      2856      7.525e-03      
      2857      9.334e-03      
      2858      9.450e-03      
      2859      7.984e-03      
      2860      5.838e-03      
      2861      3.894e-03      
      2862      2.521e-03      
      2863      1.670e-03
3624   1.670e-03