0      0.0      
      1      0.000e+00      
      364      1.754e-03      
      365      3.572e-03      
      366      5.850e-03      
      367      7.786e-03      
      371      4.921e-03      
      372      3.588e-03      
      389      2.068e-04      
      390      1.380e-04      
      413      3.174e-03      
      414      4.150e-03      
      427      7.082e-04      
      428      5.924e-04      
      1062      2.468e-03      
      1063      5.656e-03      
      1064      1.122e-02      
      1065      1.925e-02      
      1066      2.850e-02      
      1067      3.638e-02      
      1068      4.018e-02      
      1069      3.868e-02      
      1070      3.288e-02      
      1071      2.511e-02      
      1072      1.767e-02      
      1073      1.181e-02      
      1074      7.779e-03      
      1075      5.212e-03      
      1076      3.626e-03      
      1093      2.068e-04      
      1094      1.380e-04      
      1207      2.108e-03      
      1208      4.246e-03      
      1209      6.835e-03      
      1210      8.880e-03      
      1213      6.544e-03      
      1214      4.676e-03      
      1218      1.403e-03      
      1219      1.119e-03      
      2096      2.491e-03      
      2097      4.924e-03      
      2098      7.815e-03      
      2099      1.004e-02      
      2102      7.230e-03      
      2103      5.146e-03      
      2106      1.968e-03      
      2107      1.545e-03      
      2197      4.378e-03      
      2198      8.559e-03      
      2199      1.441e-02      
      2200      2.081e-02      
      2201      2.569e-02      
      2203      2.464e-02      
      2204      1.954e-02      
      2205      1.391e-02      
      2206      9.292e-03      
      2207      6.122e-03      
      2208      4.144e-03      
      2215      7.092e-04      
      2216      5.925e-04      
      2397      2.756e-03      
      2398      5.816e-03      
      2399      1.010e-02      
      2400      1.501e-02      
      2401      2.007e-02      
      2402      2.520e-02      
      2403      2.966e-02      
      2405      2.919e-02      
      2406      2.345e-02      
      2407      1.718e-02      
      2408      1.296e-02      
      2412      1.095e-02      
      2413      9.051e-03      
      2414      6.807e-03      
      2415      4.840e-03      
      2419      1.420e-03      
      2420      1.132e-03      
      2562      1.844e-03      
      2563      6.154e-03      
      2564      1.639e-02      
      2565      3.514e-02      
      2566      6.120e-02      
      2567      8.775e-02      
      2568      1.052e-01      
      2569      1.074e-01      
      2570      9.533e-02      
      2571      7.502e-02      
      2572      5.345e-02      
      2573      3.523e-02      
      2574      2.205e-02      
      2575      1.353e-02      
      2576      8.419e-03      
      2577      5.458e-03      
      2578      3.726e-03      
      2595      3.092e-04      
      2596      2.675e-04      
      3341      2.132e-03      
      3342      4.336e-03      
      3343      7.061e-03      
      3344      9.309e-03      
      3347      7.448e-03      
      3348      5.517e-03      
      3351      2.142e-03      
      3352      1.636e-03
3624   1.636e-03