0      0.0      
      1      0.000e+00      
      366      2.445e-03      
      367      3.832e-03      
      388      2.771e-04      
      389      2.142e-04      
      412      3.155e-03      
      413      5.570e-03      
      414      8.781e-03      
      415      1.274e-02      
      416      1.733e-02      
      417      2.213e-02      
      418      2.633e-02      
      419      2.912e-02      
      420      3.024e-02      
      424      2.804e-02      
      425      2.616e-02      
      426      2.333e-02      
      427      1.984e-02      
      428      1.619e-02      
      429      1.279e-02      
      430      9.865e-03      
      431      7.461e-03      
      432      5.557e-03      
      435      2.249e-03      
      436      1.708e-03      
      1067      5.271e-03      
      1068      9.305e-03      
      1069      1.424e-02      
      1070      1.914e-02      
      1071      2.291e-02      
      1075      1.977e-02      
      1076      1.655e-02      
      1077      1.347e-02      
      1078      1.073e-02      
      1079      8.408e-03      
      1080      6.487e-03      
      1082      3.723e-03      
      1083      2.801e-03      
      1208      4.549e-03      
      1209      8.834e-03      
      1210      1.440e-02      
      1211      2.001e-02      
      1212      2.416e-02      
      1216      2.102e-02      
      1217      1.809e-02      
      1218      1.518e-02      
      1219      1.244e-02      
      1220      9.985e-03      
      1221      7.852e-03      
      1223      4.617e-03      
      1224      3.491e-03      
      2098      4.870e-03      
      2099      7.782e-03      
      2100      1.045e-02      
      2101      1.196e-02      
      2104      8.668e-03      
      2105      6.784e-03      
      2107      3.950e-03      
      2108      2.987e-03      
      2197      3.901e-03      
      2198      9.796e-03      
      2199      2.081e-02      
      2200      3.785e-02      
      2201      5.955e-02      
      2202      8.177e-02      
      2203      9.899e-02      
      2204      1.070e-01      
      2205      1.051e-01      
      2206      9.558e-02      
      2207      8.223e-02      
      2208      6.810e-02      
      2209      5.492e-02      
      2210      4.337e-02      
      2211      3.358e-02      
      2212      2.548e-02      
      2213      1.899e-02      
      2214      1.396e-02      
      2215      1.018e-02      
      2216      7.403e-03      
      2217      5.398e-03      
      2220      2.210e-03      
      2221      1.694e-03      
      2400      2.935e-03      
      2401      6.340e-03      
      2402      1.306e-02      
      2403      2.473e-02      
      2404      4.155e-02      
      2405      6.086e-02      
      2406      7.785e-02      
      2407      8.833e-02      
      2409      8.784e-02      
      2410      8.141e-02      
      2411      7.398e-02      
      2412      6.647e-02      
      2413      5.898e-02      
      2414      5.143e-02      
      2415      4.386e-02      
      2416      3.649e-02      
      2417      2.962e-02      
      2418      2.351e-02      
      2419      1.833e-02      
      2420      1.411e-02      
      2421      1.077e-02      
      2422      8.173e-03      
      2424      4.651e-03      
      2425      3.499e-03      
      2567      6.277e-03      
      2568      1.175e-02      
      2569      1.842e-02      
      2570      2.471e-02      
      2571      2.901e-02      
      2574      2.740e-02      
      2575      2.413e-02      
      2576      2.057e-02      
      2577      1.710e-02      
      2578      1.396e-02      
      2579      1.122e-02      
      2580      8.908e-03      
      2581      6.977e-03      
      2583      4.110e-03      
      2584      3.111e-03
3624   3.111e-03