0      0.0      
      1      6.897e-04      
      365      4.190e-03      
      366      6.063e-03      
      372      2.996e-03      
      373      2.052e-03      
      411      4.415e-03      
      412      7.297e-03      
      413      1.039e-02      
      414      1.281e-02      
      420      1.560e-02      
      421      1.783e-02      
      422      2.107e-02      
      423      2.433e-02      
      427      2.149e-02      
      428      1.821e-02      
      429      1.513e-02      
      430      1.245e-02      
      431      1.013e-02      
      432      8.121e-03      
      434      4.820e-03      
      435      3.494e-03      
      1068      6.199e-03      
      1069      1.006e-02      
      1070      1.410e-02      
      1074      1.240e-02      
      1075      9.251e-03      
      1076      6.955e-03      
      1077      5.614e-03      
      1082      2.313e-03      
      1083      1.614e-03      
      1208      4.540e-03      
      1209      7.402e-03      
      1210      1.029e-02      
      1211      1.220e-02      
      1215      9.413e-03      
      1216      8.063e-03      
      1219      4.927e-03      
      1220      4.314e-03      
      1225      1.081e-03      
      1226      8.356e-04      
      1986      3.902e-03      
      1987      4.924e-03      
      1991      1.906e-03      
      1992      1.182e-03      
      2096      2.873e-03      
      2097      4.897e-03      
      2098      7.388e-03      
      2099      9.480e-03      
      2102      6.734e-03      
      2103      4.263e-03      
      2106      9.154e-04      
      2107      7.500e-04      
      2195      3.724e-03      
      2196      1.067e-02      
      2197      2.694e-02      
      2198      5.666e-02      
      2199      9.918e-02      
      2200      1.470e-01      
      2201      1.889e-01      
      2202      2.155e-01      
      2203      2.222e-01      
      2204      2.094e-01      
      2205      1.822e-01      
      2206      1.481e-01      
      2207      1.140e-01      
      2208      8.466e-02      
      2209      6.163e-02      
      2210      4.463e-02      
      2211      3.249e-02      
      2212      2.390e-02      
      2213      1.777e-02      
      2214      1.330e-02      
      2215      9.954e-03      
      2216      7.386e-03      
      2217      5.384e-03      
      2218      3.807e-03      
      2402      6.447e-03      
      2403      9.052e-03      
      2404      1.293e-02      
      2405      1.693e-02      
      2410      1.925e-02      
      2411      2.052e-02      
      2416      1.746e-02      
      2417      1.484e-02      
      2418      1.236e-02      
      2419      1.013e-02      
      2420      8.162e-03      
      2421      6.439e-03      
      2423      3.615e-03      
      2424      2.515e-03
3624   2.515e-03