0      0.0      
      1      0.000e+00      
      363      5.375e-03      
      364      1.163e-02      
      365      2.032e-02      
      366      2.892e-02      
      370      2.196e-02      
      371      1.557e-02      
      373      7.352e-03      
      374      5.196e-03      
      1062      6.414e-03      
      1063      1.525e-02      
      1064      3.120e-02      
      1065      5.530e-02      
      1066      8.531e-02      
      1067      1.150e-01      
      1068      1.358e-01      
      1070      1.303e-01      
      1071      1.074e-01      
      1072      7.976e-02      
      1073      5.418e-02      
      1074      3.439e-02      
      1075      2.105e-02      
      1076      1.292e-02      
      1077      8.252e-03      
      1204      7.220e-03      
      1205      2.133e-02      
      1206      5.107e-02      
      1207      9.956e-02      
      1208      1.586e-01      
      1209      2.074e-01      
      1210      2.238e-01      
      1211      2.008e-01      
      1212      1.518e-01      
      1213      9.866e-02      
      1214      5.707e-02      
      1215      3.092e-02      
      1216      1.676e-02      
      1217      9.644e-03      
      1218      6.065e-03      
      1570      1.080e-02      
      1571      2.247e-02      
      1572      3.755e-02      
      1573      5.085e-02      
      1575      5.246e-02      
      1576      4.162e-02      
      1577      2.918e-02      
      1578      1.891e-02      
      1579      1.191e-02      
      1580      7.653e-03      
      2097      1.510e-02      
      2098      2.291e-02      
      2103      1.548e-02      
      2104      1.064e-02      
      2108      2.697e-03      
      2109      2.059e-03      
      2194      4.311e-03      
      2195      1.061e-02      
      2196      2.184e-02      
      2197      3.838e-02      
      2198      5.907e-02      
      2199      8.125e-02      
      2200      1.007e-01      
      2201      1.117e-01      
      2202      1.096e-01      
      2203      9.435e-02      
      2204      7.133e-02      
      2205      4.815e-02      
      2206      2.997e-02      
      2207      1.800e-02      
      2208      1.095e-02      
      2209      6.981e-03      
      2395      7.318e-03      
      2396      2.201e-02      
      2397      5.336e-02      
      2398      1.048e-01      
      2399      1.674e-01      
      2400      2.192e-01      
      2401      2.370e-01      
      2402      2.140e-01      
      2403      1.639e-01      
      2404      1.086e-01      
      2405      6.421e-02      
      2406      3.551e-02      
      2407      1.982e-02      
      2408      1.250e-02      
      2409      9.869e-03      
      2419      1.780e-03      
      2420      1.331e-03      
      2562      7.502e-03      
      2563      2.448e-02      
      2564      6.378e-02      
      2565      1.334e-01      
      2566      2.260e-01      
      2567      3.133e-01      
      2568      3.601e-01      
      2569      3.484e-01      
      2570      2.882e-01      
      2571      2.073e-01      
      2572      1.322e-01      
      2573      7.657e-02      
      2574      4.184e-02      
      2575      2.277e-02      
      2576      1.315e-02      
      2579      5.120e-03      
      2580      4.597e-03      
      2947      1.157e-02      
      2948      1.483e-02      
      2953      6.526e-03      
      2954      4.748e-03      
      3343      1.049e-02      
      3344      1.468e-02      
      3349      8.598e-03      
      3350      6.203e-03
3624   6.203e-03