0      0.0      
      1      0.000e+00      
      366      6.279e-03      
      367      8.317e-03      
      376      4.156e-03      
      377      3.807e-03      
      414      7.881e-03      
      415      8.379e-03      
      421      4.354e-03      
      422      3.656e-03      
      1064      4.100e-03      
      1065      8.051e-03      
      1066      1.341e-02      
      1067      1.924e-02      
      1068      2.420e-02      
      1073      2.207e-02      
      1074      1.922e-02      
      1075      1.659e-02      
      1076      1.432e-02      
      1078      1.088e-02      
      1079      9.589e-03      
      1084      5.466e-03      
      1085      4.921e-03      
      1118      6.088e-04      
      1119      5.323e-04      
      1207      4.419e-03      
      1208      8.294e-03      
      1209      1.275e-02      
      1210      1.629e-02      
      1211      1.767e-02      
      1213      1.472e-02      
      1214      1.244e-02      
      1216      9.131e-03      
      1217      8.045e-03      
      1224      3.965e-03      
      1225      3.594e-03      
      1574      7.859e-03      
      1575      8.450e-03      
      1583      4.295e-03      
      1584      3.912e-03      
      2099      7.548e-03      
      2100      8.530e-03      
      2104      4.809e-03      
      2105      4.160e-03      
      2198      6.985e-03      
      2199      1.443e-02      
      2200      2.495e-02      
      2201      3.624e-02      
      2202      4.451e-02      
      2204      4.395e-02      
      2205      3.781e-02      
      2206      3.129e-02      
      2207      2.578e-02      
      2208      2.151e-02      
      2209      1.821e-02      
      2210      1.560e-02      
      2211      1.349e-02      
      2213      1.032e-02      
      2214      9.108e-03      
      2220      4.811e-03      
      2221      4.372e-03      
      2294      4.489e-05      
      2295      1.673e-05      
      2397      2.143e-03      
      2398      4.887e-03      
      2399      9.279e-03      
      2400      1.503e-02      
      2401      2.137e-02      
      2402      2.742e-02      
      2403      3.219e-02      
      2406      3.047e-02      
      2407      2.659e-02      
      2412      2.293e-02      
      2413      1.988e-02      
      2414      1.642e-02      
      2415      1.348e-02      
      2417      9.757e-03      
      2418      8.568e-03      
      2424      4.502e-03      
      2425      4.123e-03      
      2563      7.667e-03      
      2564      2.091e-02      
      2565      4.626e-02      
      2566      8.399e-02      
      2567      1.270e-01      
      2568      1.626e-01      
      2569      1.804e-01      
      2570      1.776e-01      
      2571      1.593e-01      
      2572      1.339e-01      
      2573      1.080e-01      
      2574      8.541e-02      
      2575      6.729e-02      
      2576      5.334e-02      
      2577      4.276e-02      
      2578      3.475e-02      
      2579      2.862e-02      
      2580      2.387e-02      
      2581      2.013e-02      
      2582      1.716e-02      
      2584      1.283e-02      
      2585      1.123e-02      
      2589      7.006e-03      
      2590      6.324e-03      
      2604      2.041e-03      
      2605      1.913e-03      
      2855      4.691e-03      
      2856      6.976e-03      
      2861      2.706e-03      
      2862      1.985e-03      
      3341      3.499e-03      
      3342      7.419e-03      
      3343      1.268e-02      
      3344      1.767e-02      
      3348      1.510e-02      
      3349      1.258e-02      
      3351      9.318e-03      
      3352      8.229e-03      
      3359      4.034e-03      
      3360      3.704e-03
3624   3.704e-03