0      0.0      
      1      0.000e+00      
      363      3.887e-03      
      364      9.254e-03      
      365      1.795e-02      
      366      2.866e-02      
      367      3.821e-02      
      371      3.282e-02      
      372      2.694e-02      
      373      2.198e-02      
      374      1.803e-02      
      377      1.060e-02      
      378      9.079e-03      
      411      1.136e-02      
      412      1.842e-02      
      413      2.568e-02      
      414      3.183e-02      
      416      3.983e-02      
      417      4.096e-02      
      419      3.509e-02      
      420      2.973e-02      
      421      2.454e-02      
      422      2.019e-02      
      425      1.188e-02      
      426      1.015e-02      
      441      1.854e-03      
      442      1.744e-03      
      1063      5.774e-03      
      1064      1.259e-02      
      1065      2.400e-02      
      1066      4.008e-02      
      1067      5.861e-02      
      1068      7.515e-02      
      1069      8.489e-02      
      1071      7.763e-02      
      1072      6.548e-02      
      1073      5.268e-02      
      1074      4.153e-02      
      1075      3.276e-02      
      1076      2.615e-02      
      1077      2.119e-02      
      1079      1.457e-02      
      1080      1.231e-02      
      1088      4.119e-03      
      1089      3.711e-03      
      1206      1.107e-02      
      1207      2.287e-02      
      1208      3.921e-02      
      1209      5.634e-02      
      1210      6.874e-02      
      1212      6.801e-02      
      1213      5.840e-02      
      1214      4.756e-02      
      1215      3.788e-02      
      1216      3.013e-02      
      1217      2.420e-02      
      1219      1.625e-02      
      1220      1.359e-02      
      1227      5.280e-03      
      1228      4.822e-03      
      2095      7.373e-03      
      2096      1.456e-02      
      2097      2.436e-02      
      2098      3.483e-02      
      2099      4.295e-02      
      2100      4.622e-02      
      2102      3.872e-02      
      2103      3.211e-02      
      2104      2.607e-02      
      2105      2.121e-02      
      2107      1.457e-02      
      2108      1.231e-02      
      2116      4.119e-03      
      2117      3.711e-03      
      2194      7.359e-03      
      2195      1.673e-02      
      2196      3.183e-02      
      2197      5.224e-02      
      2198      7.654e-02      
      2199      1.031e-01      
      2200      1.292e-01      
      2201      1.496e-01      
      2203      1.504e-01      
      2204      1.302e-01      
      2205      1.044e-01      
      2206      7.987e-02      
      2207      6.008e-02      
      2208      4.551e-02      
      2209      3.512e-02      
      2210      2.769e-02      
      2211      2.228e-02      
      2213      1.511e-02      
      2214      1.266e-02      
      2221      4.790e-03      
      2222      4.265e-03      
      2396      5.248e-03      
      2397      1.446e-02      
      2398      3.278e-02      
      2399      6.268e-02      
      2400      1.046e-01      
      2401      1.580e-01      
      2402      2.209e-01      
      2403      2.860e-01      
      2404      3.385e-01      
      2405      3.632e-01      
      2406      3.563e-01      
      2407      3.286e-01      
      2408      2.969e-01      
      2409      2.727e-01      
      2410      2.579e-01      
      2411      2.473e-01      
      2412      2.351e-01      
      2413      2.188e-01      
      2414      1.988e-01      
      2415      1.757e-01      
      2416      1.500e-01      
      2417      1.230e-01      
      2418      9.694e-02      
      2419      7.439e-02      
      2420      5.653e-02      
      2421      4.322e-02      
      2422      3.357e-02      
      2423      2.656e-02      
      2424      2.140e-02      
      2426      1.460e-02      
      2427      1.232e-02      
      2439      4.115e-03      
      2440      3.990e-03      
      2562      1.086e-02      
      2563      2.972e-02      
      2564      7.844e-02      
      2565      1.771e-01      
      2566      3.325e-01      
      2567      5.199e-01      
      2568      6.842e-01      
      2569      7.706e-01      
      2570      7.596e-01      
      2571      6.737e-01      
      2572      5.548e-01      
      2573      4.371e-01      
      2574      3.368e-01      
      2575      2.568e-01      
      2576      1.942e-01      
      2577      1.457e-01      
      2578      1.089e-01      
      2579      8.167e-02      
      2580      6.201e-02      
      2581      4.804e-02      
      2582      3.812e-02      
      2583      3.096e-02      
      2584      2.566e-02      
      2586      1.850e-02      
      2587      1.605e-02      
      2611      7.834e-03      
      2612      7.534e-03      
      2855      1.263e-02      
      2856      1.980e-02      
      2862      1.292e-02      
      2863      1.109e-02      
      2876      2.844e-03      
      2877      2.613e-03      
      3341      5.433e-03      
      3342      1.177e-02      
      3343      2.069e-02      
      3344      2.991e-02      
      3349      2.416e-02      
      3350      1.973e-02      
      3353      1.149e-02      
      3354      9.799e-03      
      3402      1.482e-03      
      3403      1.334e-03
3624   1.334e-03