0      0.0      
      1      0.000e+00      
      367      1.223e-02      
      368      1.707e-02      
      375      8.070e-03      
      376      6.517e-03      
      412      1.249e-02      
      413      1.986e-02      
      414      2.784e-02      
      415      3.519e-02      
      420      2.846e-02      
      421      2.216e-02      
      423      1.315e-02      
      424      1.030e-02      
      449      4.003e-04      
      450      2.242e-04      
      1063      7.439e-03      
      1064      1.785e-02      
      1065      3.611e-02      
      1066      6.199e-02      
      1067      9.101e-02      
      1068      1.152e-01      
      1069      1.270e-01      
      1070      1.230e-01      
      1071      1.062e-01      
      1072      8.325e-02      
      1073      6.086e-02      
      1074      4.285e-02      
      1075      3.001e-02      
      1076      2.142e-02      
      1077      1.576e-02      
      1081      6.073e-03      
      1082      5.014e-03      
      1206      8.958e-03      
      1207      2.075e-02      
      1208      3.927e-02      
      1209      6.121e-02      
      1210      7.933e-02      
      1212      8.135e-02      
      1213      6.740e-02      
      1214      5.103e-02      
      1215      3.676e-02      
      1216      2.617e-02      
      1217      1.891e-02      
      1218      1.404e-02      
      1223      4.588e-03      
      1224      3.895e-03      
      2099      1.103e-02      
      2100      1.542e-02      
      2108      6.381e-03      
      2109      5.255e-03      
      2197      8.818e-03      
      2198      1.961e-02      
      2199      3.723e-02      
      2200      6.014e-02      
      2201      8.254e-02      
      2202      9.640e-02      
      2203      9.661e-02      
      2204      8.451e-02      
      2205      6.631e-02      
      2206      4.842e-02      
      2207      3.426e-02      
      2208      2.431e-02      
      2209      1.767e-02      
      2212      8.093e-03      
      2213      6.521e-03      
      2398      1.250e-02      
      2399      2.788e-02      
      2400      5.388e-02      
      2401      9.249e-02      
      2402      1.433e-01      
      2403      2.010e-01      
      2404      2.537e-01      
      2405      2.863e-01      
      2406      2.903e-01      
      2407      2.696e-01      
      2408      2.386e-01      
      2409      2.120e-01      
      2410      1.964e-01      
      2411      1.890e-01      
      2412      1.831e-01      
      2413      1.739e-01      
      2414      1.597e-01      
      2415      1.409e-01      
      2416      1.185e-01      
      2417      9.443e-02      
      2418      7.124e-02      
      2419      5.151e-02      
      2420      3.648e-02      
      2421      2.592e-02      
      2422      1.879e-02      
      2423      1.399e-02      
      2428      4.588e-03      
      2429      3.895e-03      
      2562      6.923e-03      
      2563      2.264e-02      
      2564      6.481e-02      
      2565      1.540e-01      
      2566      3.017e-01      
      2567      4.906e-01      
      2568      6.696e-01      
      2569      7.791e-01      
      2570      7.879e-01      
      2571      7.080e-01      
      2572      5.791e-01      
      2573      4.410e-01      
      2574      3.187e-01      
      2575      2.215e-01      
      2576      1.500e-01      
      2577      1.006e-01      
      2578      6.828e-02      
      2579      4.795e-02      
      2580      3.534e-02      
      2581      2.739e-02      
      2582      2.217e-02      
      2586      1.224e-02      
      2587      1.084e-02      
      2823      8.968e-04      
      2824      7.758e-04      
      2856      9.327e-03      
      2857      1.477e-02      
      2868      5.405e-03      
      2869      4.722e-03      
      3341      8.286e-03      
      3342      1.835e-02      
      3343      3.290e-02      
      3344      4.821e-02      
      3345      5.850e-02      
      3347      5.317e-02      
      3348      4.242e-02      
      3349      3.175e-02      
      3350      2.326e-02      
      3351      1.720e-02      
      3354      8.061e-03      
      3355      6.511e-03
3624   6.511e-03