0      0.0      
      1      0.000e+00      
      361      2.115e-03      
      362      3.668e-03      
      363      5.537e-03      
      364      7.494e-03      
      368      7.056e-03      
      369      4.509e-03      
      370      2.356e-03      
      371      9.995e-04      
      1063      2.061e-03      
      1064      3.843e-03      
      1065      6.073e-03      
      1066      8.308e-03      
      1071      7.310e-03      
      1072      5.107e-03      
      1073      3.108e-03      
      1074      1.614e-03      
      1206      3.694e-03      
      1207      6.666e-03      
      1208      9.833e-03      
      1211      9.804e-03      
      1212      6.680e-03      
      1213      3.763e-03      
      1214      1.752e-03      
      1215      6.731e-04      
      2097      3.392e-03      
      2098      4.378e-03      
      2101      2.604e-03      
      2102      1.410e-03      
      2194      2.668e-03      
      2195      5.515e-03      
      2196      9.267e-03      
      2197      1.297e-02      
      2198      1.568e-02      
      2199      1.715e-02      
      2202      1.512e-02      
      2203      1.180e-02      
      2204      7.863e-03      
      2205      4.395e-03      
      2206      2.038e-03      
      2207      7.795e-04      
      2395      1.659e-03      
      2396      4.730e-03      
      2397      1.075e-02      
      2398      1.949e-02      
      2399      2.834e-02      
      2400      3.329e-02      
      2401      3.203e-02      
      2402      2.590e-02      
      2403      1.832e-02      
      2404      1.192e-02      
      2405      7.410e-03      
      2406      4.458e-03      
      2416      1.987e-03      
      2417      1.064e-03      
      2563      3.369e-03      
      2564      8.662e-03      
      2565      1.795e-02      
      2566      3.031e-02      
      2567      4.231e-02      
      2568      4.968e-02      
      2569      4.995e-02      
      2570      4.368e-02      
      2571      3.362e-02      
      2572      2.299e-02      
      2573      1.411e-02      
      2574      7.889e-03      
      2575      4.089e-03      
      2576      1.979e-03      
      2577      8.831e-04
3624   8.831e-04