0      0.0      
      1      0.000e+00      
      365      5.132e-03      
      366      1.057e-02      
      367      1.792e-02      
      368      2.511e-02      
      371      2.359e-02      
      372      1.698e-02      
      373      1.094e-02      
      374      6.558e-03      
      375      3.805e-03      
      425      7.382e-03      
      426      9.195e-03      
      432      1.303e-02      
      433      1.553e-02      
      434      1.830e-02      
      435      2.108e-02      
      436      2.376e-02      
      437      2.650e-02      
      438      2.965e-02      
      439      3.353e-02      
      440      3.837e-02      
      441      4.414e-02      
      442      5.048e-02      
      443      5.676e-02      
      444      6.242e-02      
      445      6.719e-02      
      446      7.106e-02      
      448      7.600e-02      
      449      7.689e-02      
      457      7.298e-02      
      458      7.101e-02      
      459      6.834e-02      
      460      6.518e-02      
      461      6.186e-02      
      462      5.865e-02      
      463      5.570e-02      
      464      5.300e-02      
      466      4.860e-02      
      467      4.713e-02      
      472      4.367e-02      
      473      4.209e-02      
      476      3.731e-02      
      477      3.622e-02      
      481      3.254e-02      
      482      3.080e-02      
      484      2.698e-02      
      485      2.564e-02      
      524      2.076e-02      
      525      2.014e-02      
      558      1.521e-02      
      559      1.510e-02      
      594      1.050e-02      
      595      9.789e-03      
      644      5.077e-03      
      645      4.516e-03      
      1068      6.372e-03      
      1069      1.373e-02      
      1070      2.477e-02      
      1071      3.688e-02      
      1072      4.512e-02      
      1073      4.546e-02      
      1074      3.806e-02      
      1075      2.695e-02      
      1076      1.663e-02      
      1077      9.414e-03      
      1078      5.332e-03      
      1079      3.405e-03      
      1207      7.739e-03      
      1208      1.533e-02      
      1209      2.723e-02      
      1210      4.172e-02      
      1211      5.474e-02      
      1212      6.177e-02      
      1213      6.068e-02      
      1214      5.307e-02      
      1215      4.287e-02      
      1216      3.373e-02      
      1217      2.733e-02      
      1218      2.346e-02      
      1219      2.114e-02      
      1221      1.773e-02      
      1222      1.592e-02      
      1228      1.804e-02      
      1229      2.106e-02      
      1230      2.425e-02      
      1231      2.762e-02      
      1232      3.120e-02      
      1233      3.488e-02      
      1234      3.836e-02      
      1235      4.128e-02      
      1237      4.512e-02      
      1238      4.644e-02      
      1241      5.135e-02      
      1242      5.330e-02      
      1250      4.886e-02      
      1251      4.815e-02      
      1254      4.402e-02      
      1255      4.245e-02      
      1270      3.759e-02      
      1271      3.662e-02      
      1284      3.253e-02      
      1285      3.156e-02      
      1289      2.700e-02      
      1290      2.615e-02      
      1299      2.144e-02      
      1300      2.084e-02      
      1315      1.642e-02      
      1316      1.559e-02      
      1327      1.063e-02      
      1328      1.055e-02      
      1337      5.913e-03      
      1338      5.247e-03      
      1889      2.999e-04      
      1890      2.001e-04      
      1985      5.066e-03      
      1986      1.161e-02      
      1987      2.129e-02      
      1988      3.144e-02      
      1989      3.790e-02      
      1991      3.363e-02      
      1992      2.723e-02      
      1993      2.099e-02      
      1994      1.529e-02      
      1995      1.018e-02      
      1996      6.132e-03      
      1997      3.444e-03      
      2096      7.576e-03      
      2097      1.582e-02      
      2098      2.664e-02      
      2099      3.656e-02      
      2102      3.214e-02      
      2103      2.339e-02      
      2104      1.608e-02      
      2105      1.118e-02      
      2106      8.167e-03      
      2108      4.497e-03      
      2109      3.072e-03      
      2197      7.352e-03      
      2198      1.462e-02      
      2199      2.690e-02      
      2200      4.318e-02      
      2201      5.922e-02      
      2202      6.903e-02      
      2203      6.846e-02      
      2204      5.833e-02      
      2205      4.382e-02      
      2206      3.061e-02      
      2207      2.150e-02      
      2208      1.620e-02      
      2210      1.131e-02      
      2211      1.017e-02      
      2218      1.484e-02      
      2219      1.635e-02      
      2221      1.975e-02      
      2222      2.168e-02      
      2236      2.571e-02      
      2237      2.697e-02      
      2239      3.104e-02      
      2240      3.323e-02      
      2255      2.844e-02      
      2256      2.778e-02      
      2262      2.285e-02      
      2263      2.216e-02      
      2270      1.734e-02      
      2271      1.651e-02      
      2274      1.266e-02      
      2275      1.137e-02      
      2319      6.422e-03      
      2320      5.711e-03      
      2345      7.999e-04      
      2346      7.001e-04      
      2406      4.783e-03      
      2407      6.049e-03      
      2410      1.019e-02      
      2411      1.159e-02      
      2417      7.139e-03      
      2418      5.586e-03      
      2469      6.901e-04      
      2470      5.837e-04      
      2589      4.822e-03      
      2590      7.891e-03      
      2597      3.607e-03      
      2598      2.625e-03      
      3343      3.787e-03      
      3344      8.615e-03      
      3345      1.575e-02      
      3346      2.321e-02      
      3349      2.207e-02      
      3350      1.524e-02      
      3351      9.283e-03      
      3352      5.255e-03      
      3353      2.931e-03
3624   2.931e-03