0      0.0      
      1      0.000e+00      
      37      9.114e-02      
      38      1.058e-01      
      48      6.119e-03      
      49      4.030e-03      
      364      1.004e-01      
      365      2.514e-01      
      366      5.168e-01      
      367      8.711e-01      
      368      1.209e+00      
      369      1.393e+00      
      370      1.347e+00      
      371      1.111e+00      
      372      8.062e-01      
      373      5.450e-01      
      374      3.840e-01      
      378      4.762e-01      
      379      5.645e-01      
      380      6.500e-01      
      381      7.244e-01      
      386      8.132e-01      
      387      8.372e-01      
      388      8.859e-01      
      389      9.485e-01      
      390      1.010e+00      
      391      1.061e+00      
      396      9.862e-01      
      397      9.264e-01      
      398      8.669e-01      
      399      8.111e-01      
      401      7.190e-01      
      402      6.895e-01      
      405      7.375e-01      
      406      7.941e-01      
      408      8.812e-01      
      409      9.115e-01      
      410      9.651e-01      
      411      1.074e+00      
      412      1.256e+00      
      413      1.503e+00      
      414      1.763e+00      
      415      1.966e+00      
      419      1.885e+00      
      420      1.859e+00      
      421      1.891e+00      
      422      1.979e+00      
      423      2.125e+00      
      424      2.331e+00      
      425      2.566e+00      
      426      2.759e+00      
      428      2.787e+00      
      429      2.637e+00      
      430      2.449e+00      
      431      2.264e+00      
      432      2.097e+00      
      433      1.950e+00      
      434      1.824e+00      
      435      1.725e+00      
      436      1.655e+00      
      438      1.576e+00      
      439      1.546e+00      
      442      1.467e+00      
      443      1.442e+00      
      445      1.372e+00      
      446      1.322e+00      
      447      1.266e+00      
      448      1.207e+00      
      449      1.143e+00      
      450      1.073e+00      
      451      9.957e-01      
      452      9.138e-01      
      453      8.326e-01      
      454      7.580e-01      
      455      6.933e-01      
      456      6.384e-01      
      458      5.502e-01      
      459      5.139e-01      
      463      4.206e-01      
      464      4.108e-01      
      483      3.115e-01      
      484      3.076e-01      
      524      2.145e-01      
      525      2.029e-01      
      533      1.034e-01      
      534      9.666e-02      
      1069      1.782e-01      
      1070      3.578e-01      
      1071      5.781e-01      
      1072      7.538e-01      
      1074      6.907e-01      
      1075      4.965e-01      
      1076      3.033e-01      
      1077      1.650e-01      
      1078      8.733e-02      
      1079      5.198e-02      
      1207      1.397e-01      
      1208      3.229e-01      
      1209      6.138e-01      
      1210      9.684e-01      
      1211      1.281e+00      
      1212      1.434e+00      
      1213      1.375e+00      
      1214      1.147e+00      
      1215      8.537e-01      
      1216      5.946e-01      
      1217      4.224e-01      
      1221      4.592e-01      
      1222      5.578e-01      
      1223      6.702e-01      
      1224      7.894e-01      
      1225      9.058e-01      
      1226      1.007e+00      
      1227      1.083e+00      
      1228      1.128e+00      
      1235      1.048e+00      
      1236      1.008e+00      
      1238      9.139e-01      
      1239      8.619e-01      
      1240      8.056e-01      
      1241      7.430e-01      
      1242      6.745e-01      
      1243      6.032e-01      
      1244      5.343e-01      
      1245      4.725e-01      
      1247      3.787e-01      
      1248      3.475e-01      
      1258      2.585e-01      
      1259      2.456e-01      
      1269      1.479e-01      
      1270      1.417e-01      
      1296      4.275e-02      
      1297      4.118e-02      
      1985      7.655e-02      
      1986      1.848e-01      
      1987      3.548e-01      
      1988      5.456e-01      
      1989      6.831e-01      
      1992      5.912e-01      
      1993      5.064e-01      
      1994      4.098e-01      
      1995      2.990e-01      
      1996      1.926e-01      
      1997      1.114e-01      
      1998      6.123e-02      
      2095      6.759e-02      
      2096      1.725e-01      
      2097      3.494e-01      
      2098      5.649e-01      
      2099      7.344e-01      
      2101      6.719e-01      
      2102      4.864e-01      
      2103      3.009e-01      
      2104      1.649e-01      
      2105      8.533e-02      
      2106      4.629e-02      
      2198      1.100e-01      
      2199      2.478e-01      
      2200      4.588e-01      
      2201      7.013e-01      
      2202      8.870e-01      
      2204      8.123e-01      
      2205      5.958e-01      
      2206      3.751e-01      
      2207      2.130e-01      
      2208      1.210e-01      
      2209      8.090e-02      
      2215      1.668e-01      
      2216      1.902e-01      
      2231      9.135e-02      
      2232      8.923e-02      
      3345      1.642e-01      
      3346      2.636e-01      
      3350      2.388e-01      
      3351      1.554e-01      
      3352      9.139e-02      
      3353      5.129e-02
3624   5.129e-02