0      0.0      
      1      0.000e+00      
      363      9.934e-04      
      364      2.973e-03      
      365      7.215e-03      
      366      1.424e-02      
      367      2.292e-02      
      368      3.016e-02      
      370      2.925e-02      
      371      2.202e-02      
      372      1.420e-02      
      373      8.054e-03      
      374      4.183e-03      
      375      2.116e-03      
      376      1.132e-03      
      396      3.539e-03      
      397      4.320e-03      
      405      6.167e-03      
      406      7.372e-03      
      409      9.280e-03      
      410      1.037e-02      
      411      1.261e-02      
      412      1.620e-02      
      413      2.075e-02      
      414      2.522e-02      
      415      2.843e-02      
      420      3.012e-02      
      421      3.302e-02      
      422      3.736e-02      
      423      4.296e-02      
      424      4.924e-02      
      425      5.489e-02      
      426      5.843e-02      
      431      5.932e-02      
      432      6.214e-02      
      433      6.557e-02      
      434      6.921e-02      
      435      7.283e-02      
      436      7.623e-02      
      437      7.932e-02      
      438      8.214e-02      
      439      8.494e-02      
      440      8.791e-02      
      441      9.101e-02      
      442      9.392e-02      
      443      9.622e-02      
      444      9.756e-02      
      447      9.518e-02      
      448      9.283e-02      
      449      9.018e-02      
      450      8.746e-02      
      451      8.479e-02      
      452      8.219e-02      
      453      7.965e-02      
      454      7.722e-02      
      455      7.495e-02      
      456      7.291e-02      
      457      7.112e-02      
      458      6.960e-02      
      460      6.718e-02      
      461      6.599e-02      
      462      6.452e-02      
      463      6.272e-02      
      464      6.075e-02      
      465      5.884e-02      
      466      5.714e-02      
      467      5.572e-02      
      469      5.339e-02      
      470      5.218e-02      
      471      5.074e-02      
      472      4.900e-02      
      473      4.700e-02      
      474      4.484e-02      
      475      4.265e-02      
      476      4.058e-02      
      477      3.870e-02      
      478      3.704e-02      
      480      3.436e-02      
      481      3.324e-02      
      483      3.114e-02      
      484      3.009e-02      
      486      2.811e-02      
      487      2.719e-02      
      490      2.460e-02      
      491      2.402e-02      
      496      2.119e-02      
      497      2.004e-02      
      499      1.759e-02      
      500      1.641e-02      
      508      1.365e-02      
      509      1.349e-02      
      523      1.080e-02      
      524      1.029e-02      
      572      7.465e-03      
      573      7.061e-03      
      596      4.608e-03      
      597      4.042e-03      
      692      1.430e-03      
      693      9.278e-04      
      1067      1.849e-03      
      1068      4.817e-03      
      1069      1.046e-02      
      1070      1.863e-02      
      1071      2.701e-02      
      1072      3.175e-02      
      1073      3.033e-02      
      1074      2.376e-02      
      1075      1.561e-02      
      1076      9.112e-03      
      1077      5.362e-03      
      1089      2.581e-03      
      1090      2.158e-03      
      1206      2.524e-03      
      1207      6.813e-03      
      1208      1.488e-02      
      1209      2.662e-02      
      1210      3.943e-02      
      1211      4.905e-02      
      1212      5.195e-02      
      1213      4.768e-02      
      1214      3.895e-02      
      1215      2.961e-02      
      1216      2.242e-02      
      1217      1.827e-02      
      1221      1.984e-02      
      1222      2.174e-02      
      1223      2.367e-02      
      1224      2.569e-02      
      1225      2.790e-02      
      1226      3.039e-02      
      1227      3.306e-02      
      1228      3.574e-02      
      1229      3.818e-02      
      1230      4.022e-02      
      1232      4.293e-02      
      1233      4.368e-02      
      1247      4.123e-02      
      1248      4.079e-02      
      1252      3.821e-02      
      1253      3.777e-02      
      1259      3.518e-02      
      1260      3.470e-02      
      1263      3.245e-02      
      1264      3.119e-02      
      1265      2.969e-02      
      1266      2.799e-02      
      1267      2.622e-02      
      1268      2.451e-02      
      1270      2.166e-02      
      1271      2.049e-02      
      1274      1.790e-02      
      1275      1.739e-02      
      1297      1.467e-02      
      1298      1.423e-02      
      1301      1.153e-02      
      1302      1.081e-02      
      1324      8.006e-03      
      1325      7.411e-03      
      1354      4.856e-03      
      1355      4.286e-03      
      1412      1.504e-03      
      1413      1.116e-03      
      1984      2.238e-03      
      1985      6.159e-03      
      1986      1.346e-02      
      1987      2.341e-02      
      1988      3.251e-02      
      1989      3.637e-02      
      1990      3.344e-02      
      1991      2.630e-02      
      1992      1.887e-02      
      1993      1.311e-02      
      1994      8.867e-03      
      1995      5.607e-03      
      1996      3.277e-03      
      1997      1.971e-03      
      2095      3.716e-03      
      2096      9.251e-03      
      2097      1.818e-02      
      2098      2.837e-02      
      2099      3.541e-02      
      2100      3.571e-02      
      2101      2.950e-02      
      2102      2.033e-02      
      2103      1.202e-02      
      2104      6.400e-03      
      2105      3.436e-03      
      2119      6.214e-03      
      2120      6.430e-03      
      2130      4.164e-03      
      2131      3.411e-03      
      2156      5.808e-04      
      2157      3.964e-04      
      2196      2.114e-03      
      2197      4.467e-03      
      2198      9.837e-03      
      2199      1.879e-02      
      2200      3.009e-02      
      2201      4.033e-02      
      2202      4.543e-02      
      2203      4.329e-02      
      2204      3.539e-02      
      2205      2.575e-02      
      2206      1.815e-02      
      2207      1.416e-02      
      2210      1.557e-02      
      2211      1.719e-02      
      2212      1.872e-02      
      2213      2.018e-02      
      2214      2.167e-02      
      2215      2.322e-02      
      2216      2.481e-02      
      2217      2.627e-02      
      2221      2.910e-02      
      2222      2.916e-02      
      2228      2.642e-02      
      2229      2.609e-02      
      2238      2.336e-02      
      2239      2.289e-02      
      2246      2.027e-02      
      2247      1.956e-02      
      2249      1.772e-02      
      2250      1.654e-02      
      2252      1.408e-02      
      2253      1.305e-02      
      2260      1.023e-02      
      2261      9.760e-03      
      2281      7.016e-03      
      2282      6.887e-03      
      2299      4.039e-03      
      2300      3.702e-03      
      2324      9.341e-04      
      2325      6.135e-04      
      2410      2.827e-03      
      2411      3.576e-03      
      2443      1.089e-03      
      2444      6.601e-04      
      2588      1.757e-03      
      2589      3.670e-03      
      2590      6.103e-03      
      2591      8.116e-03      
      2594      5.464e-03      
      2595      3.401e-03      
      2605      5.548e-04      
      2606      4.160e-04      
      2778      2.754e-03      
      2779      4.121e-03      
      2784      1.321e-03      
      2785      7.720e-04      
      2857      2.658e-03      
      2858      3.967e-03      
      2863      1.253e-03      
      2864      7.408e-04      
      3343      2.399e-03      
      3344      5.417e-03      
      3345      9.832e-03      
      3346      1.438e-02      
      3349      1.294e-02      
      3350      8.542e-03      
      3351      4.873e-03      
      3352      2.554e-03      
      3353      1.345e-03
3624   1.345e-03