0      0.0      
      1      0.000e+00      
      364      1.159e-02      
      365      2.278e-02      
      366      3.596e-02      
      367      4.692e-02      
      373      3.912e-02      
      374      2.828e-02      
      375      1.890e-02      
      376      1.187e-02      
      410      1.578e-02      
      411      2.811e-02      
      412      4.621e-02      
      413      6.517e-02      
      414      7.896e-02      
      415      8.479e-02      
      424      9.795e-02      
      425      1.151e-01      
      426      1.280e-01      
      427      1.307e-01      
      428      1.221e-01      
      429      1.057e-01      
      430      8.664e-02      
      431      6.855e-02      
      432      5.307e-02      
      433      4.057e-02      
      434      3.089e-02      
      436      1.830e-02      
      437      1.396e-02      
      1068      1.471e-02      
      1069      3.296e-02      
      1070      5.982e-02      
      1071      8.882e-02      
      1072      1.095e-01      
      1074      1.051e-01      
      1075      8.784e-02      
      1076      6.952e-02      
      1077      5.354e-02      
      1078      4.051e-02      
      1079      2.999e-02      
      1080      2.151e-02      
      1081      1.472e-02      
      1087      6.280e-04      
      1088      3.315e-04      
      1208      1.052e-02      
      1209      2.176e-02      
      1210      3.783e-02      
      1211      5.659e-02      
      1212      7.478e-02      
      1213      8.950e-02      
      1218      8.337e-02      
      1219      7.253e-02      
      1220      6.152e-02      
      1221      5.091e-02      
      1222      4.111e-02      
      1223      3.251e-02      
      1225      1.966e-02      
      1226      1.498e-02      
      1231      8.750e-04      
      1232      3.123e-04      
      1989      1.273e-02      
      1990      2.289e-02      
      1991      3.310e-02      
      1992      3.876e-02      
      1994      2.955e-02      
      1995      2.002e-02      
      1997      6.769e-03      
      1998      3.911e-03      
      2097      1.439e-02      
      2098      2.682e-02      
      2099      4.128e-02      
      2100      5.304e-02      
      2101      5.758e-02      
      2103      4.408e-02      
      2104      3.264e-02      
      2105      2.232e-02      
      2106      1.426e-02      
      2197      1.523e-02      
      2198      3.401e-02      
      2199      6.351e-02      
      2200      1.014e-01      
      2201      1.413e-01      
      2202      1.747e-01      
      2203      1.934e-01      
      2204      1.934e-01      
      2205      1.766e-01      
      2206      1.497e-01      
      2207      1.201e-01      
      2208      9.280e-02      
      2209      6.988e-02      
      2210      5.166e-02      
      2211      3.750e-02      
      2212      2.652e-02      
      2213      1.798e-02      
      2214      1.147e-02      
      2409      2.570e-02      
      2410      3.835e-02      
      2411      5.375e-02      
      2412      7.224e-02      
      2413      9.331e-02      
      2414      1.149e-01      
      2415      1.337e-01      
      2416      1.466e-01      
      2417      1.507e-01      
      2418      1.449e-01      
      2419      1.305e-01      
      2420      1.105e-01      
      2421      8.900e-02      
      2422      6.898e-02      
      2423      5.203e-02      
      2424      3.860e-02      
      2425      2.835e-02      
      2427      1.432e-02      
      2428      9.362e-03      
      3343      2.257e-02      
      3344      5.269e-02      
      3345      1.023e-01      
      3346      1.678e-01      
      3347      2.364e-01      
      3348      2.907e-01      
      3349      3.170e-01      
      3350      3.112e-01      
      3351      2.796e-01      
      3352      2.341e-01      
      3353      1.857e-01      
      3354      1.416e-01      
      3355      1.051e-01      
      3356      7.664e-02      
      3357      5.527e-02      
      3358      3.961e-02      
      3359      2.824e-02      
      3360      1.985e-02      
      3362      8.609e-03      
      3363      5.085e-03      
      3553      1.346e-02      
      3554      2.544e-02      
      3555      5.133e-02      
      3556      9.328e-02      
      3557      1.430e-01      
      3558      1.836e-01      
      3559      2.002e-01      
      3560      1.902e-01      
      3561      1.631e-01      
      3562      1.306e-01      
      3563      1.007e-01      
      3564      7.588e-02      
      3565      5.633e-02      
      3566      4.126e-02      
      3567      2.978e-02      
      3568      2.100e-02      
      3570      8.984e-03      
      3571      5.248e-03
3624   5.248e-03