0      0.0      
      1      0.000e+00      
      35      2.949e-02      
      36      5.867e-02      
      37      9.282e-02      
      38      1.177e-01      
      41      7.439e-02      
      42      4.772e-02      
      367      4.284e-02      
      368      1.075e-01      
      369      2.143e-01      
      370      3.421e-01      
      371      4.440e-01      
      373      4.503e-01      
      374      3.833e-01      
      375      3.072e-01      
      376      2.335e-01      
      377      1.669e-01      
      378      1.127e-01      
      379      7.435e-02      
      380      4.990e-02      
      411      5.108e-02      
      412      1.142e-01      
      413      2.074e-01      
      414      3.079e-01      
      415      3.772e-01      
      417      3.415e-01      
      418      2.745e-01      
      419      2.225e-01      
      422      2.580e-01      
      423      3.628e-01      
      424      5.515e-01      
      425      8.052e-01      
      426      1.045e+00      
      427      1.171e+00      
      428      1.134e+00      
      429      9.618e-01      
      430      7.285e-01      
      431      5.058e-01      
      432      3.324e-01      
      433      2.148e-01      
      434      1.412e-01      
      435      9.590e-02      
      436      6.715e-02      
      618      1.800e-02      
      619      1.700e-02      
      1067      2.696e-02      
      1068      8.346e-02      
      1069      2.060e-01      
      1070      4.070e-01      
      1071      6.464e-01      
      1072      8.314e-01      
      1073      8.742e-01      
      1074      7.614e-01      
      1075      5.586e-01      
      1076      3.529e-01      
      1077      1.979e-01      
      1078      1.026e-01      
      1079      5.213e-02      
      1088      3.013e-03      
      1089      2.004e-03      
      1206      2.767e-02      
      1207      7.913e-02      
      1208      1.862e-01      
      1209      3.667e-01      
      1210      6.154e-01      
      1211      8.971e-01      
      1212      1.155e+00      
      1213      1.333e+00      
      1214      1.389e+00      
      1215      1.317e+00      
      1216      1.143e+00      
      1217      9.132e-01      
      1218      6.784e-01      
      1219      4.743e-01      
      1220      3.172e-01      
      1221      2.066e-01      
      1222      1.329e-01      
      1223      8.453e-02      
      1224      5.310e-02      
      1231      4.148e-03      
      1232      3.073e-03      
      1365      4.479e-02      
      1366      5.696e-02      
      1373      8.219e-03      
      1374      6.482e-03      
      1986      3.024e-02      
      1987      6.712e-02      
      1988      1.232e-01      
      1989      1.892e-01      
      1990      2.453e-01      
      1993      2.031e-01      
      1994      1.414e-01      
      1995      8.761e-02      
      1996      5.043e-02      
      1997      2.845e-02      
      2096      5.706e-02      
      2097      1.171e-01      
      2098      1.923e-01      
      2099      2.549e-01      
      2101      2.482e-01      
      2102      1.893e-01      
      2103      1.261e-01      
      2104      7.614e-02      
      2105      4.372e-02      
      2199      8.050e-02      
      2200      1.504e-01      
      2201      2.380e-01      
      2202      3.151e-01      
      2204      3.180e-01      
      2205      2.447e-01      
      2206      1.611e-01      
      2207      9.379e-02      
      2208      5.086e-02      
      2209      2.745e-02      
      2407      4.739e-02      
      2408      8.013e-02      
      2409      1.124e-01      
      2410      1.345e-01      
      2413      1.649e-01      
      2414      1.882e-01      
      2418      1.778e-01      
      2419      1.333e-01      
      2420      8.912e-02      
      2421      5.436e-02      
      2427      4.492e-03      
      2428      3.211e-03      
      2589      5.250e-02      
      2590      6.631e-02      
      2595      1.777e-02      
      2596      1.166e-02      
      2612      5.111e-02      
      2613      8.040e-02      
      2618      4.036e-02      
      2619      2.451e-02      
      3140      5.304e-02      
      3141      8.660e-02      
      3142      1.335e-01      
      3143      1.944e-01      
      3144      2.567e-01      
      3147      2.458e-01      
      3148      1.899e-01      
      3149      1.433e-01      
      3150      1.109e-01      
      3152      6.369e-02      
      3153      4.353e-02      
      3343      7.435e-02      
      3344      2.144e-01      
      3345      5.158e-01      
      3346      1.029e+00      
      3347      1.695e+00      
      3348      2.305e+00      
      3349      2.597e+00      
      3350      2.444e+00      
      3351      1.948e+00      
      3352      1.340e+00      
      3353      8.148e-01      
      3354      4.502e-01      
      3355      2.320e-01      
      3356      1.145e-01      
      3357      5.594e-02      
      3361      6.629e-03      
      3362      4.706e-03      
      3393      4.606e-02      
      3394      9.901e-02      
      3395      1.760e-01      
      3396      2.585e-01      
      3397      3.136e-01      
      3399      2.661e-01      
      3400      1.909e-01      
      3401      1.200e-01      
      3402      6.898e-02      
      3404      2.175e-02      
      3405      1.320e-02      
      3548      5.938e-02      
      3549      1.527e-01      
      3550      3.141e-01      
      3551      5.228e-01      
      3552      7.208e-01      
      3553      8.582e-01      
      3554      9.439e-01      
      3555      1.036e+00      
      3556      1.177e+00      
      3557      1.340e+00      
      3558      1.446e+00      
      3559      1.414e+00      
      3560      1.229e+00      
      3561      9.477e-01      
      3562      6.575e-01      
      3563      4.214e-01      
      3564      2.590e-01      
      3565      1.583e-01      
      3566      9.831e-02      
      3567      6.165e-02      
      3568      3.856e-02
3624   3.856e-02