0      0.0      
      1      0.000e+00      
      46      5.161e-03      
      47      6.895e-03      
      54      3.297e-04      
      55      9.424e-05      
      331      5.277e-03      
      332      7.090e-03      
      339      7.615e-04      
      340      2.742e-04      
      366      6.189e-03      
      367      8.295e-03      
      369      1.469e-02      
      370      1.868e-02      
      371      2.252e-02      
      372      2.616e-02      
      373      3.012e-02      
      374      3.486e-02      
      375      4.037e-02      
      376      4.643e-02      
      377      5.327e-02      
      378      6.150e-02      
      379      7.168e-02      
      380      8.411e-02      
      381      9.869e-02      
      382      1.143e-01      
      383      1.287e-01      
      384      1.393e-01      
      385      1.450e-01      
      386      1.467e-01      
      388      1.436e-01      
      389      1.399e-01      
      390      1.345e-01      
      391      1.275e-01      
      392      1.192e-01      
      393      1.100e-01      
      394      1.005e-01      
      395      9.179e-02      
      396      8.480e-02      
      397      7.984e-02      
      398      7.627e-02      
      400      6.990e-02      
      401      6.642e-02      
      403      5.999e-02      
      404      5.780e-02      
      410      5.158e-02      
      411      5.090e-02      
      414      5.745e-02      
      415      6.131e-02      
      417      6.678e-02      
      418      6.894e-02      
      420      7.555e-02      
      421      7.986e-02      
      422      8.471e-02      
      423      9.105e-02      
      424      1.001e-01      
      425      1.115e-01      
      426      1.227e-01      
      427      1.307e-01      
      431      1.243e-01      
      432      1.205e-01      
      435      1.145e-01      
      436      1.135e-01      
      439      1.082e-01      
      440      1.043e-01      
      441      9.924e-02      
      442      9.327e-02      
      443      8.637e-02      
      444      7.834e-02      
      445      6.925e-02      
      446      5.975e-02      
      447      5.086e-02      
      448      4.333e-02      
      449      3.734e-02      
      450      3.261e-02      
      451      2.866e-02      
      452      2.515e-02      
      454      1.885e-02      
      455      1.606e-02      
      457      1.118e-02      
      458      8.922e-03      
      461      2.928e-03      
      462      1.572e-03      
      1209      7.618e-03      
      1210      1.139e-02      
      1211      1.510e-02      
      1212      1.894e-02      
      1213      2.404e-02      
      1214      3.208e-02      
      1215      4.454e-02      
      1216      6.206e-02      
      1217      8.402e-02      
      1218      1.088e-01      
      1219      1.342e-01      
      1220      1.579e-01      
      1221      1.766e-01      
      1222      1.872e-01      
      1224      1.853e-01      
      1225      1.793e-01      
      1226      1.730e-01      
      1227      1.652e-01      
      1228      1.543e-01      
      1229      1.402e-01      
      1230      1.245e-01      
      1231      1.094e-01      
      1232      9.654e-02      
      1233      8.609e-02      
      1234      7.731e-02      
      1235      6.909e-02      
      1236      6.073e-02      
      1237      5.222e-02      
      1238      4.406e-02      
      1239      3.684e-02      
      1240      3.087e-02      
      1241      2.605e-02      
      1242      2.204e-02      
      1243      1.849e-02      
      1245      1.218e-02      
      1246      9.415e-03      
      1249      2.944e-03      
      1250      1.575e-03      
      2104      6.775e-03      
      2105      9.884e-03      
      2106      1.348e-02      
      2107      1.676e-02      
      2122      1.039e-02      
      2123      1.000e-02      
      2131      3.341e-03      
      2132      1.748e-03      
      2203      7.204e-03      
      2204      8.510e-03      
      2206      1.314e-02      
      2207      1.698e-02      
      2208      2.096e-02      
      2209      2.404e-02      
      2223      1.743e-02      
      2224      1.580e-02      
      2228      9.335e-03      
      2229      7.923e-03      
      2234      1.498e-03      
      2235      6.887e-04      
      2325      7.240e-03      
      2326      1.024e-02      
      2332      4.753e-03      
      2333      2.942e-03      
      2417      8.494e-03      
      2418      1.204e-02      
      2419      1.616e-02      
      2420      2.053e-02      
      2421      2.460e-02      
      2422      2.770e-02      
      2437      2.199e-02      
      2438      1.978e-02      
      2441      1.357e-02      
      2442      1.209e-02      
      2445      6.670e-03      
      2446      4.687e-03      
      3346      7.928e-03      
      3347      1.224e-02      
      3354      1.473e-02      
      3355      2.312e-02      
      3356      3.292e-02      
      3357      4.241e-02      
      3358      5.003e-02      
      3359      5.500e-02      
      3360      5.758e-02      
      3378      5.275e-02      
      3379      4.998e-02      
      3380      4.462e-02      
      3381      3.736e-02      
      3382      2.959e-02      
      3383      2.264e-02      
      3384      1.723e-02      
      3385      1.350e-02      
      3390      1.941e-02      
      3391      2.217e-02      
      3393      2.662e-02      
      3394      3.036e-02      
      3395      3.584e-02      
      3396      4.224e-02      
      3397      4.827e-02      
      3398      5.344e-02      
      3399      5.859e-02      
      3400      6.497e-02      
      3401      7.295e-02      
      3402      8.139e-02      
      3403      8.825e-02      
      3409      8.173e-02      
      3410      8.050e-02      
      3412      7.672e-02      
      3413      7.308e-02      
      3414      6.813e-02      
      3415      6.253e-02      
      3416      5.721e-02      
      3417      5.293e-02      
      3420      4.647e-02      
      3421      4.437e-02      
      3422      4.116e-02      
      3423      3.669e-02      
      3424      3.121e-02      
      3425      2.527e-02      
      3426      1.961e-02      
      3427      1.500e-02      
      3435      2.036e-02      
      3436      2.458e-02      
      3438      3.058e-02      
      3439      3.168e-02      
      3447      2.640e-02      
      3448      2.255e-02      
      3449      1.770e-02      
      3450      1.249e-02      
      3451      7.853e-03      
      3452      4.640e-03      
      3555      1.066e-02      
      3556      1.435e-02      
      3557      2.061e-02      
      3558      3.049e-02      
      3559      4.584e-02      
      3560      6.826e-02      
      3561      9.719e-02      
      3562      1.290e-01      
      3563      1.586e-01      
      3564      1.828e-01      
      3565      2.003e-01      
      3566      2.106e-01      
      3567      2.118e-01      
      3568      2.024e-01      
      3569      1.840e-01      
      3570      1.606e-01      
      3571      1.365e-01      
      3572      1.145e-01      
      3573      9.597e-02      
      3574      8.173e-02      
      3575      7.162e-02      
      3576      6.448e-02      
      3577      5.844e-02      
      3578      5.179e-02      
      3579      4.392e-02      
      3580      3.563e-02      
      3581      2.829e-02      
      3582      2.275e-02      
      3583      1.894e-02      
      3586      1.298e-02      
      3587      1.171e-02      
      3591      6.235e-03      
      3592      4.507e-03
3624   4.507e-03