0      0.0      
      1      0.000e+00      
      368      9.308e-03      
      369      1.313e-02      
      372      2.267e-02      
      373      2.399e-02      
      377      3.221e-02      
      378      3.419e-02      
      384      4.277e-02      
      385      4.423e-02      
      409      5.125e-02      
      410      5.446e-02      
      424      6.248e-02      
      425      6.900e-02      
      426      7.558e-02      
      427      8.059e-02      
      431      7.364e-02      
      432      6.825e-02      
      434      6.049e-02      
      435      5.770e-02      
      439      4.795e-02      
      440      4.703e-02      
      453      5.507e-02      
      454      5.744e-02      
      457      5.209e-02      
      458      4.601e-02      
      459      3.996e-02      
      460      3.480e-02      
      462      2.717e-02      
      463      2.431e-02      
      467      1.611e-02      
      468      1.403e-02      
      489      5.997e-03      
      490      4.003e-03      
      1209      1.097e-02      
      1210      1.573e-02      
      1216      2.255e-02      
      1217      2.724e-02      
      1218      3.416e-02      
      1219      4.215e-02      
      1220      4.969e-02      
      1221      5.540e-02      
      1231      4.600e-02      
      1232      4.400e-02      
      1243      5.129e-02      
      1244      5.702e-02      
      1250      4.944e-02      
      1251      4.168e-02      
      1252      3.285e-02      
      1253      2.351e-02      
      1254      1.477e-02      
      1255      7.906e-03      
      2421      1.777e-02      
      2422      2.127e-02      
      2445      1.192e-02      
      2446      1.082e-02      
      2453      1.032e-03      
      2454      3.848e-04      
      2494      8.963e-03      
      2495      1.149e-02      
      2502      2.269e-03      
      2503      1.037e-03      
      3345      1.042e-02      
      3346      1.979e-02      
      3347      2.982e-02      
      3350      2.596e-02      
      3351      1.586e-02      
      3352      7.802e-03      
      3353      3.186e-03      
      3370      1.251e-02      
      3371      1.421e-02      
      3377      2.125e-02      
      3378      2.504e-02      
      3385      1.510e-02      
      3386      1.256e-02      
      3394      1.782e-02      
      3395      2.404e-02      
      3396      3.028e-02      
      3397      3.486e-02      
      3403      4.473e-02      
      3404      4.638e-02      
      3415      5.600e-02      
      3416      5.769e-02      
      3418      5.070e-02      
      3419      4.476e-02      
      3421      3.546e-02      
      3422      3.232e-02      
      3437      4.172e-02      
      3438      4.538e-02      
      3443      3.824e-02      
      3444      3.506e-02      
      3452      2.617e-02      
      3453      2.241e-02      
      3456      1.253e-02      
      3457      1.077e-02      
      3463      1.032e-03      
      3464      3.848e-04      
      3550      7.440e-03      
      3551      1.161e-02      
      3556      1.985e-02      
      3557      2.278e-02      
      3560      3.276e-02      
      3561      3.997e-02      
      3562      4.940e-02      
      3563      5.876e-02      
      3572      5.273e-02      
      3573      4.802e-02      
      3579      3.897e-02      
      3580      3.776e-02      
      3590      4.656e-02      
      3591      4.852e-02      
      3599      4.065e-02      
      3600      3.611e-02      
      3601      3.053e-02      
      3602      2.465e-02      
      3603      1.918e-02      
      3604      1.448e-02      
      3606      7.176e-03      
      3607      4.420e-03
3624   4.420e-03