0      0.0      
      1      0.000e+00      
      365      1.865e-03      
      366      3.746e-03      
      367      6.544e-03      
      368      1.022e-02      
      369      1.434e-02      
      370      1.773e-02      
      372      1.667e-02      
      373      1.240e-02      
      374      7.852e-03      
      375      4.376e-03      
      376      2.223e-03      
      377      1.038e-03      
      409      2.142e-03      
      410      3.764e-03      
      411      7.641e-03      
      412      1.394e-02      
      413      2.153e-02      
      414      2.801e-02      
      415      3.090e-02      
      416      2.917e-02      
      417      2.400e-02      
      418      1.788e-02      
      419      1.300e-02      
      420      1.027e-02      
      422      1.101e-02      
      423      1.428e-02      
      424      1.899e-02      
      425      2.364e-02      
      426      2.618e-02      
      427      2.538e-02      
      428      2.170e-02      
      429      1.677e-02      
      430      1.213e-02      
      431      8.540e-03      
      432      6.015e-03      
      433      4.249e-03      
      434      2.940e-03      
      436      1.128e-03      
      437      5.784e-04      
      1066      1.748e-03      
      1067      4.948e-03      
      1068      1.178e-02      
      1069      2.334e-02      
      1070      3.814e-02      
      1071      5.111e-02      
      1072      5.616e-02      
      1073      5.093e-02      
      1074      3.872e-02      
      1075      2.540e-02      
      1076      1.510e-02      
      1077      8.743e-03      
      1078      5.298e-03      
      1079      3.462e-03      
      1080      2.360e-03      
      1084      2.305e-04      
      1085      8.475e-05      
      1206      1.049e-03      
      1207      2.888e-03      
      1208      6.464e-03      
      1209      1.193e-02      
      1210      1.851e-02      
      1211      2.473e-02      
      1212      2.916e-02      
      1214      2.998e-02      
      1215      2.668e-02      
      1216      2.199e-02      
      1217      1.698e-02      
      1218      1.249e-02      
      1219      8.928e-03      
      1220      6.296e-03      
      1221      4.399e-03      
      1222      3.002e-03      
      1224      1.133e-03      
      1225      5.793e-04      
      1987      1.840e-03      
      1988      3.933e-03      
      1989      7.257e-03      
      1990      1.143e-02      
      1991      1.512e-02      
      1993      1.495e-02      
      1994      1.108e-02      
      1995      6.763e-03      
      1996      3.427e-03      
      1997      1.454e-03      
      1998      5.195e-04      
      2095      9.624e-04      
      2096      2.729e-03      
      2097      6.274e-03      
      2098      1.176e-02      
      2099      1.807e-02      
      2100      2.282e-02      
      2101      2.376e-02      
      2102      2.050e-02      
      2103      1.475e-02      
      2104      8.962e-03      
      2105      4.688e-03      
      2106      2.158e-03      
      2196      2.976e-03      
      2197      8.124e-03      
      2198      1.805e-02      
      2199      3.311e-02      
      2200      5.093e-02      
      2201      6.670e-02      
      2202      7.531e-02      
      2203      7.399e-02      
      2204      6.380e-02      
      2205      4.895e-02      
      2206      3.418e-02      
      2207      2.243e-02      
      2208      1.433e-02      
      2209      9.167e-03      
      2210      5.947e-03      
      2211      3.915e-03      
      2212      2.584e-03      
      2215      5.199e-04      
      2216      2.316e-04      
      2406      1.318e-03      
      2407      3.073e-03      
      2408      6.075e-03      
      2409      1.047e-02      
      2410      1.617e-02      
      2411      2.291e-02      
      2412      3.009e-02      
      2413      3.668e-02      
      2414      4.136e-02      
      2416      4.164e-02      
      2417      3.735e-02      
      2418      3.109e-02      
      2419      2.403e-02      
      2420      1.735e-02      
      2421      1.189e-02      
      2422      7.923e-03      
      2423      5.270e-03      
      2424      3.557e-03      
      2425      2.417e-03      
      2428      5.149e-04      
      2429      2.306e-04      
      2569      2.251e-03      
      2570      3.066e-03      
      2575      1.206e-03      
      2576      5.780e-04      
      2779      2.679e-03      
      2780      3.035e-03      
      2783      9.855e-04      
      2784      4.108e-04      
      3341      9.935e-04      
      3342      3.436e-03      
      3343      9.561e-03      
      3344      2.160e-02      
      3345      4.003e-02      
      3346      6.153e-02      
      3347      7.936e-02      
      3348      8.689e-02      
      3349      8.175e-02      
      3350      6.699e-02      
      3351      4.867e-02      
      3352      3.211e-02      
      3353      1.984e-02      
      3354      1.187e-02      
      3355      7.101e-03      
      3356      4.341e-03      
      3357      2.718e-03      
      3358      1.694e-03      
      3552      3.361e-03      
      3553      4.999e-03      
      3554      9.242e-03      
      3555      1.819e-02      
      3556      3.177e-02      
      3557      4.583e-02      
      3558      5.384e-02      
      3559      5.175e-02      
      3560      4.137e-02      
      3561      2.828e-02      
      3562      1.727e-02      
      3563      9.989e-03      
      3564      5.804e-03      
      3565      3.468e-03      
      3566      2.071e-03      
      3567      1.166e-03
3624   1.166e-03