0      0.0      
      1      4.545e-04      
      35      4.444e-03      
      36      8.021e-03      
      37      1.170e-02      
      38      1.359e-02      
      40      9.311e-03      
      41      5.631e-03      
      43      1.390e-03      
      44      7.480e-04      
      321      3.347e-03      
      322      5.432e-03      
      323      7.825e-03      
      324      1.006e-02      
      328      6.236e-03      
      329      3.478e-03      
      367      5.756e-03      
      368      1.283e-02      
      369      2.350e-02      
      370      3.479e-02      
      371      4.200e-02      
      374      3.746e-02      
      375      3.709e-02      
      376      3.889e-02      
      377      4.292e-02      
      378      4.927e-02      
      379      5.667e-02      
      380      6.296e-02      
      381      6.697e-02      
      382      6.907e-02      
      393      7.281e-02      
      394      7.380e-02      
      396      7.619e-02      
      397      7.867e-02      
      398      8.160e-02      
      399      8.393e-02      
      402      8.107e-02      
      403      7.797e-02      
      407      8.056e-02      
      408      8.302e-02      
      409      8.496e-02      
      410      8.764e-02      
      411      9.356e-02      
      412      1.051e-01      
      413      1.222e-01      
      414      1.411e-01      
      415      1.555e-01      
      416      1.614e-01      
      417      1.593e-01      
      418      1.542e-01      
      419      1.504e-01      
      420      1.492e-01      
      421      1.501e-01      
      422      1.544e-01      
      423      1.658e-01      
      424      1.865e-01      
      425      2.125e-01      
      426      2.345e-01      
      427      2.443e-01      
      428      2.412e-01      
      429      2.303e-01      
      430      2.169e-01      
      431      2.032e-01      
      432      1.893e-01      
      433      1.764e-01      
      434      1.658e-01      
      435      1.583e-01      
      436      1.532e-01      
      437      1.490e-01      
      438      1.448e-01      
      439      1.407e-01      
      440      1.366e-01      
      441      1.323e-01      
      442      1.273e-01      
      443      1.213e-01      
      444      1.144e-01      
      445      1.070e-01      
      446      9.986e-02      
      447      9.324e-02      
      448      8.722e-02      
      449      8.182e-02      
      450      7.707e-02      
      451      7.295e-02      
      452      6.937e-02      
      453      6.618e-02      
      454      6.327e-02      
      455      6.062e-02      
      456      5.835e-02      
      458      5.492e-02      
      459      5.339e-02      
      461      5.007e-02      
      462      4.846e-02      
      465      4.416e-02      
      466      4.249e-02      
      468      3.915e-02      
      469      3.783e-02      
      472      3.385e-02      
      473      3.176e-02      
      474      2.937e-02      
      475      2.693e-02      
      477      2.265e-02      
      478      2.111e-02      
      491      1.682e-02      
      492      1.591e-02      
      500      1.136e-02      
      501      1.056e-02      
      514      6.019e-03      
      515      5.469e-03      
      525      9.238e-04      
      526      6.295e-04      
      1067      3.564e-03      
      1068      9.667e-03      
      1069      2.194e-02      
      1070      3.985e-02      
      1071      5.723e-02      
      1072      6.474e-02      
      1073      5.763e-02      
      1074      4.041e-02      
      1075      2.241e-02      
      1076      9.947e-03      
      1077      3.688e-03      
      1206      5.128e-03      
      1207      1.307e-02      
      1208      2.787e-02      
      1209      4.888e-02      
      1210      7.091e-02      
      1211      8.627e-02      
      1213      8.183e-02      
      1214      6.756e-02      
      1215      5.322e-02      
      1216      4.382e-02      
      1218      4.710e-02      
      1219      5.721e-02      
      1220      6.848e-02      
      1221      7.705e-02      
      1224      7.343e-02      
      1225      6.891e-02      
      1234      6.549e-02      
      1235      6.153e-02      
      1236      5.779e-02      
      1237      5.447e-02      
      1238      5.162e-02      
      1239      4.927e-02      
      1241      4.578e-02      
      1242      4.413e-02      
      1244      4.000e-02      
      1245      3.769e-02      
      1247      3.381e-02      
      1248      3.240e-02      
      1258      2.854e-02      
      1259      2.766e-02      
      1262      2.352e-02      
      1263      2.194e-02      
      1265      1.874e-02      
      1266      1.717e-02      
      1269      1.281e-02      
      1270      1.172e-02      
      1292      8.195e-03      
      1293      6.994e-03      
      1316      2.449e-03      
      1317      1.943e-03      
      1363      4.995e-03      
      1364      9.008e-03      
      1365      1.305e-02      
      1366      1.498e-02      
      1367      1.366e-02      
      1368      1.005e-02      
      1369      6.220e-03      
      1370      3.496e-03      
      1986      5.547e-03      
      1987      1.153e-02      
      1988      2.022e-02      
      1989      2.961e-02      
      1990      3.605e-02      
      1991      3.627e-02      
      1992      2.993e-02      
      1993      2.012e-02      
      1994      1.102e-02      
      1995      4.993e-03      
      2095      5.762e-03      
      2096      1.347e-02      
      2097      2.551e-02      
      2098      3.838e-02      
      2099      4.578e-02      
      2100      4.349e-02      
      2101      3.320e-02      
      2102      2.068e-02      
      2103      1.075e-02      
      2104      4.857e-03      
      2199      8.477e-03      
      2200      1.523e-02      
      2201      2.336e-02      
      2202      2.957e-02      
      2203      3.028e-02      
      2204      2.481e-02      
      2205      1.622e-02      
      2206      8.504e-03      
      2207      3.688e-03      
      2410      7.822e-03      
      2411      8.469e-03      
      2417      4.477e-03      
      2418      2.381e-03      
      2778      4.281e-03      
      2779      7.604e-03      
      2780      1.086e-02      
      2781      1.224e-02      
      2782      1.086e-02      
      2783      7.604e-03      
      2784      4.281e-03      
      2785      2.050e-03      
      3140      4.847e-03      
      3141      6.890e-03      
      3142      9.189e-03      
      3143      1.178e-02      
      3149      7.572e-03      
      3150      6.868e-03      
      3152      3.589e-03      
      3153      1.885e-03      
      3342      1.706e-03      
      3343      6.701e-03      
      3344      2.074e-02      
      3345      5.057e-02      
      3346      9.723e-02      
      3347      1.475e-01      
      3348      1.768e-01      
      3349      1.678e-01      
      3350      1.262e-01      
      3351      7.549e-02      
      3352      3.601e-02      
      3353      1.379e-02      
      3354      4.316e-03      
      3371      6.766e-03      
      3372      1.053e-02      
      3373      1.359e-02      
      3374      1.551e-02      
      3376      1.914e-02      
      3377      2.140e-02      
      3380      1.711e-02      
      3381      1.266e-02      
      3382      8.877e-03      
      3383      6.311e-03      
      3388      9.181e-03      
      3389      1.379e-02      
      3390      1.863e-02      
      3391      2.298e-02      
      3392      2.739e-02      
      3393      3.394e-02      
      3394      4.504e-02      
      3395      6.073e-02      
      3396      7.685e-02      
      3397      8.709e-02      
      3398      8.802e-02      
      3399      8.184e-02      
      3400      7.364e-02      
      3401      6.717e-02      
      3402      6.330e-02      
      3403      6.113e-02      
      3405      5.679e-02      
      3406      5.349e-02      
      3407      5.017e-02      
      3408      4.777e-02      
      3415      4.489e-02      
      3416      4.289e-02      
      3419      4.413e-02      
      3420      4.749e-02      
      3423      4.637e-02      
      3424      4.069e-02      
      3425      3.422e-02      
      3426      2.861e-02      
      3429      3.206e-02      
      3430      4.040e-02      
      3431      4.822e-02      
      3435      4.463e-02      
      3436      3.917e-02      
      3437      3.431e-02      
      3438      3.086e-02      
      3439      2.907e-02      
      3447      2.729e-02      
      3448      2.411e-02      
      3449      2.085e-02      
      3450      1.823e-02      
      3464      1.393e-02      
      3465      1.362e-02      
      3471      9.251e-03      
      3472      8.578e-03      
      3497      4.158e-03      
      3498      3.245e-03      
      3547      3.348e-03      
      3548      8.320e-03      
      3549      1.790e-02      
      3550      3.203e-02      
      3551      4.749e-02      
      3552      5.977e-02      
      3553      6.813e-02      
      3554      7.784e-02      
      3555      9.502e-02      
      3556      1.186e-01      
      3557      1.388e-01      
      3558      1.446e-01      
      3559      1.342e-01      
      3560      1.171e-01      
      3561      1.060e-01      
      3562      1.057e-01      
      3563      1.120e-01      
      3564      1.174e-01      
      3566      1.135e-01      
      3567      1.078e-01      
      3568      1.030e-01      
      3569      9.945e-02      
      3570      9.596e-02      
      3571      9.070e-02      
      3572      8.265e-02      
      3573      7.248e-02      
      3574      6.243e-02      
      3575      5.503e-02      
      3585      5.064e-02      
      3586      4.986e-02      
      3588      4.712e-02      
      3589      4.470e-02      
      3590      4.121e-02      
      3591      3.659e-02      
      3592      3.122e-02      
      3593      2.588e-02      
      3594      2.133e-02      
      3595      1.797e-02      
      3596      1.577e-02      
      3600      1.138e-02      
      3601      1.058e-02
3624   1.058e-02