0      0.0      
      1      1.809e-07      
      34      4.725e-03      
      35      8.087e-03      
      36      1.312e-02      
      37      1.866e-02      
      38      2.244e-02      
      39      2.270e-02      
      40      1.970e-02      
      41      1.534e-02      
      42      1.156e-02      
      43      9.152e-03      
      44      7.881e-03      
      49      5.355e-03      
      50      4.968e-03      
      155      2.381e-03      
      156      2.239e-03      
      161      4.218e-03      
      162      5.088e-03      
      169      2.415e-03      
      170      1.501e-03      
      184      4.011e-03      
      185      5.200e-03      
      191      3.533e-03      
      192      2.226e-03      
      320      3.364e-03      
      321      5.832e-03      
      322      9.077e-03      
      323      1.271e-02      
      324      1.603e-02      
      327      1.613e-02      
      328      1.280e-02      
      329      9.648e-03      
      330      7.531e-03      
      331      6.439e-03      
      339      3.849e-03      
      340      3.572e-03      
      359      5.940e-03      
      360      6.297e-03      
      364      8.620e-03      
      365      9.948e-03      
      366      1.244e-02      
      367      1.731e-02      
      368      2.589e-02      
      369      3.805e-02      
      370      5.091e-02      
      371      5.995e-02      
      372      6.274e-02      
      373      6.092e-02      
      374      5.776e-02      
      375      5.469e-02      
      376      5.146e-02      
      377      4.837e-02      
      380      5.027e-02      
      381      5.488e-02      
      382      6.072e-02      
      383      6.710e-02      
      384      7.298e-02      
      385      7.732e-02      
      386      7.974e-02      
      387      8.065e-02      
      393      7.927e-02      
      394      7.740e-02      
      395      7.514e-02      
      396      7.332e-02      
      400      7.177e-02      
      401      6.993e-02      
      402      6.729e-02      
      403      6.475e-02      
      411      6.500e-02      
      412      7.205e-02      
      413      8.338e-02      
      414      9.586e-02      
      415      1.046e-01      
      417      1.029e-01      
      418      9.811e-02      
      420      9.873e-02      
      421      1.040e-01      
      422      1.116e-01      
      423      1.231e-01      
      424      1.397e-01      
      425      1.591e-01      
      426      1.746e-01      
      427      1.798e-01      
      428      1.736e-01      
      429      1.603e-01      
      430      1.457e-01      
      431      1.332e-01      
      432      1.236e-01      
      433      1.161e-01      
      434      1.100e-01      
      435      1.046e-01      
      436      9.975e-02      
      437      9.528e-02      
      438      9.117e-02      
      439      8.734e-02      
      440      8.383e-02      
      441      8.066e-02      
      442      7.770e-02      
      443      7.459e-02      
      444      7.100e-02      
      445      6.687e-02      
      446      6.249e-02      
      447      5.831e-02      
      448      5.461e-02      
      449      5.129e-02      
      450      4.803e-02      
      451      4.455e-02      
      452      4.085e-02      
      453      3.714e-02      
      454      3.365e-02      
      455      3.052e-02      
      456      2.784e-02      
      457      2.562e-02      
      458      2.382e-02      
      459      2.232e-02      
      461      1.990e-02      
      462      1.891e-02      
      467      1.630e-02      
      468      1.588e-02      
      473      1.337e-02      
      474      1.222e-02      
      476      9.815e-03      
      477      8.933e-03      
      503      6.248e-03      
      504      6.227e-03      
      571      3.541e-03      
      572      3.524e-03      
      621      8.763e-04      
      622      5.493e-04      
      1067      2.909e-03      
      1068      8.667e-03      
      1069      2.047e-02      
      1070      3.838e-02      
      1071      5.722e-02      
      1072      6.812e-02      
      1073      6.518e-02      
      1074      5.077e-02      
      1075      3.310e-02      
      1076      1.932e-02      
      1077      1.166e-02      
      1078      8.659e-03      
      1091      6.013e-03      
      1092      5.685e-03      
      1114      3.309e-03      
      1115      2.982e-03      
      1206      4.551e-03      
      1207      1.218e-02      
      1208      2.676e-02      
      1209      4.840e-02      
      1210      7.302e-02      
      1211      9.361e-02      
      1212      1.044e-01      
      1213      1.039e-01      
      1214      9.539e-02      
      1215      8.372e-02      
      1216      7.336e-02      
      1217      6.693e-02      
      1220      6.954e-02      
      1221      7.323e-02      
      1222      7.671e-02      
      1223      7.968e-02      
      1224      8.200e-02      
      1225      8.364e-02      
      1229      8.238e-02      
      1230      7.982e-02      
      1231      7.650e-02      
      1232      7.287e-02      
      1233      6.934e-02      
      1234      6.604e-02      
      1235      6.279e-02      
      1236      5.924e-02      
      1237      5.524e-02      
      1238      5.085e-02      
      1239      4.627e-02      
      1240      4.169e-02      
      1241      3.726e-02      
      1242      3.311e-02      
      1243      2.934e-02      
      1244      2.604e-02      
      1245      2.326e-02      
      1246      2.104e-02      
      1247      1.938e-02      
      1250      1.711e-02      
      1251      1.665e-02      
      1254      1.446e-02      
      1255      1.381e-02      
      1261      1.176e-02      
      1262      1.110e-02      
      1268      8.459e-03      
      1269      8.301e-03      
      1305      5.745e-03      
      1306      5.159e-03      
      1316      2.601e-03      
      1317      2.030e-03      
      1362      3.932e-03      
      1363      5.694e-03      
      1364      8.415e-03      
      1365      1.131e-02      
      1383      8.800e-03      
      1384      8.357e-03      
      1387      6.266e-03      
      1388      5.594e-03      
      1412      2.928e-03      
      1413      2.740e-03      
      1436      1.132e-04      
      1437      3.398e-05      
      1506      2.283e-03      
      1507      2.963e-03      
      1509      4.998e-03      
      1510      6.209e-03      
      1542      8.681e-03      
      1543      9.045e-03      
      1552      6.855e-03      
      1553      6.093e-03      
      1592      3.401e-03      
      1593      3.302e-03      
      1754      6.792e-04      
      1755      5.533e-04      
      1985      2.000e-03      
      1986      5.380e-03      
      1987      1.179e-02      
      1988      2.131e-02      
      1989      3.207e-02      
      1990      4.045e-02      
      1992      3.818e-02      
      1993      2.883e-02      
      1994      1.905e-02      
      1995      1.205e-02      
      1996      8.553e-03      
      2006      6.211e-03      
      2007      5.406e-03      
      2012      2.748e-03      
      2013      2.570e-03      
      2095      4.675e-03      
      2096      1.162e-02      
      2097      2.325e-02      
      2098      3.725e-02      
      2099      4.822e-02      
      2100      5.114e-02      
      2101      4.543e-02      
      2102      3.495e-02      
      2103      2.456e-02      
      2104      1.718e-02      
      2105      1.327e-02      
      2123      1.121e-02      
      2124      1.036e-02      
      2126      8.194e-03      
      2127      7.117e-03      
      2132      4.700e-03      
      2133      4.395e-03      
      2181      1.896e-03      
      2182      1.670e-03      
      2196      3.822e-03      
      2197      5.881e-03      
      2198      9.749e-03      
      2199      1.619e-02      
      2200      2.517e-02      
      2201      3.495e-02      
      2202      4.201e-02      
      2203      4.298e-02      
      2204      3.748e-02      
      2205      2.865e-02      
      2206      2.065e-02      
      2207      1.574e-02      
      2223      1.405e-02      
      2224      1.266e-02      
      2225      1.118e-02      
      2226      9.785e-03      
      2228      7.472e-03      
      2229      6.582e-03      
      2232      4.479e-03      
      2233      3.814e-03      
      2256      6.507e-03      
      2257      6.847e-03      
      2265      4.298e-03      
      2266      3.925e-03      
      2284      1.252e-03      
      2285      9.762e-04      
      2404      3.260e-03      
      2405      4.583e-03      
      2406      7.219e-03      
      2407      1.127e-02      
      2408      1.618e-02      
      2409      2.098e-02      
      2410      2.487e-02      
      2411      2.780e-02      
      2412      3.022e-02      
      2413      3.228e-02      
      2416      2.987e-02      
      2417      2.587e-02      
      2418      2.168e-02      
      2419      1.814e-02      
      2420      1.567e-02      
      2421      1.427e-02      
      2427      1.219e-02      
      2428      1.148e-02      
      2442      9.839e-03      
      2443      8.650e-03      
      2445      6.532e-03      
      2446      5.696e-03      
      2489      3.146e-03      
      2490      2.988e-03      
      2587      4.180e-03      
      2588      5.917e-03      
      2589      7.901e-03      
      2590      9.152e-03      
      2592      7.608e-03      
      2593      6.001e-03      
      2601      3.575e-03      
      2602      3.258e-03      
      2611      5.046e-03      
      2612      6.323e-03      
      2614      8.804e-03      
      2615      9.364e-03      
      2621      6.734e-03      
      2622      6.521e-03      
      2629      3.943e-03      
      2630      3.767e-03      
      2669      1.076e-03      
      2670      9.401e-04      
      2778      3.336e-03      
      2779      6.158e-03      
      2780      8.947e-03      
      2783      7.078e-03      
      2784      4.735e-03      
      2798      2.097e-03      
      2799      1.622e-03      
      3142      3.875e-03      
      3143      4.854e-03      
      3152      2.876e-03      
      3153      1.470e-03      
      3342      1.907e-03      
      3343      6.563e-03      
      3344      1.851e-02      
      3345      4.256e-02      
      3346      7.928e-02      
      3347      1.191e-01      
      3348      1.442e-01      
      3349      1.404e-01      
      3350      1.103e-01      
      3351      7.016e-02      
      3352      3.635e-02      
      3353      1.553e-02      
      3354      5.647e-03      
      3355      2.042e-03      
      3359      4.400e-03      
      3360      6.156e-03      
      3361      7.999e-03      
      3362      9.757e-03      
      3364      1.244e-02      
      3365      1.326e-02      
      3368      1.516e-02      
      3369      1.693e-02      
      3370      2.023e-02      
      3371      2.499e-02      
      3372      2.994e-02      
      3373      3.310e-02      
      3375      3.172e-02      
      3376      2.976e-02      
      3379      2.732e-02      
      3380      2.592e-02      
      3381      2.378e-02      
      3382      2.129e-02      
      3383      1.898e-02      
      3384      1.724e-02      
      3387      1.778e-02      
      3388      2.018e-02      
      3389      2.282e-02      
      3390      2.475e-02      
      3391      2.588e-02      
      3392      2.763e-02      
      3393      3.233e-02      
      3394      4.164e-02      
      3395      5.463e-02      
      3396      6.712e-02      
      3397      7.389e-02      
      3398      7.263e-02      
      3399      6.579e-02      
      3400      5.824e-02      
      3401      5.336e-02      
      3405      5.090e-02      
      3406      5.008e-02      
      3409      4.766e-02      
      3410      4.691e-02      
      3412      4.475e-02      
      3413      4.323e-02      
      3414      4.143e-02      
      3415      3.939e-02      
      3416      3.729e-02      
      3417      3.561e-02      
      3423      3.332e-02      
      3424      2.938e-02      
      3425      2.529e-02      
      3426      2.182e-02      
      3429      2.344e-02      
      3430      2.830e-02      
      3431      3.257e-02      
      3434      3.135e-02      
      3435      2.922e-02      
      3444      2.682e-02      
      3445      2.513e-02      
      3446      2.272e-02      
      3447      1.975e-02      
      3448      1.656e-02      
      3449      1.356e-02      
      3450      1.101e-02      
      3451      9.020e-03      
      3453      6.590e-03      
      3454      6.001e-03      
      3474      3.462e-03      
      3475      3.090e-03      
      3517      3.927e-04      
      3518      2.846e-04      
      3547      1.820e-03      
      3548      5.114e-03      
      3549      1.166e-02      
      3550      2.167e-02      
      3551      3.318e-02      
      3552      4.323e-02      
      3553      5.134e-02      
      3554      6.142e-02      
      3555      7.832e-02      
      3556      1.015e-01      
      3557      1.224e-01      
      3558      1.300e-01      
      3559      1.201e-01      
      3560      9.910e-02      
      3561      7.889e-02      
      3562      6.751e-02      
      3564      6.994e-02      
      3565      7.626e-02      
      3566      8.222e-02      
      3567      8.652e-02      
      3570      8.580e-02      
      3571      8.179e-02      
      3572      7.670e-02      
      3573      7.118e-02      
      3574      6.594e-02      
      3575      6.164e-02      
      3576      5.855e-02      
      3577      5.637e-02      
      3578      5.442e-02      
      3579      5.211e-02      
      3580      4.933e-02      
      3581      4.640e-02      
      3582      4.374e-02      
      3583      4.148e-02      
      3584      3.943e-02      
      3585      3.727e-02      
      3586      3.476e-02      
      3587      3.189e-02      
      3588      2.876e-02      
      3589      2.553e-02      
      3590      2.227e-02      
      3591      1.910e-02      
      3592      1.616e-02      
      3593      1.359e-02      
      3594      1.142e-02      
      3595      9.632e-03      
      3596      8.174e-03      
      3606      5.581e-03      
      3607      5.415e-03      
      3620      3.032e-03      
      3621      2.652e-03
3624   2.652e-03