0      0.0      
      1      0.000e+00      
      369      2.843e-03      
      370      4.455e-03      
      374      7.151e-03      
      375      7.429e-03      
      389      4.752e-03      
      390      4.301e-03      
      413      6.550e-03      
      414      9.666e-03      
      415      1.264e-02      
      420      1.504e-02      
      421      1.586e-02      
      422      1.765e-02      
      423      2.105e-02      
      424      2.668e-02      
      425      3.427e-02      
      426      4.220e-02      
      427      4.823e-02      
      430      4.736e-02      
      431      4.326e-02      
      432      3.880e-02      
      433      3.445e-02      
      434      3.051e-02      
      435      2.704e-02      
      436      2.402e-02      
      437      2.141e-02      
      438      1.918e-02      
      439      1.728e-02      
      440      1.565e-02      
      442      1.298e-02      
      443      1.185e-02      
      445      9.818e-03      
      446      8.857e-03      
      449      6.463e-03      
      450      5.890e-03      
      457      2.973e-03      
      458      2.941e-03      
      471      1.968e-07      
      472      0.000e+00      
      1068      2.680e-03      
      1069      6.417e-03      
      1070      1.219e-02      
      1071      1.844e-02      
      1072      2.235e-02      
      1073      2.195e-02      
      1074      1.782e-02      
      1075      1.238e-02      
      1076      7.861e-03      
      1077      5.066e-03      
      1078      3.681e-03      
      1083      1.177e-03      
      1084      6.595e-04      
      1206      1.413e-03      
      1207      3.992e-03      
      1208      9.204e-03      
      1209      1.758e-02      
      1210      2.831e-02      
      1211      3.935e-02      
      1212      4.849e-02      
      1213      5.446e-02      
      1214      5.722e-02      
      1215      5.749e-02      
      1216      5.615e-02      
      1217      5.392e-02      
      1218      5.119e-02      
      1219      4.808e-02      
      1220      4.460e-02      
      1221      4.077e-02      
      1222      3.668e-02      
      1223      3.249e-02      
      1224      2.845e-02      
      1225      2.481e-02      
      1226      2.171e-02      
      1227      1.912e-02      
      1228      1.694e-02      
      1229      1.506e-02      
      1230      1.345e-02      
      1232      1.090e-02      
      1233      9.846e-03      
      1236      7.141e-03      
      1237      6.463e-03      
      1242      3.602e-03      
      1243      3.244e-03      
      1252      3.036e-04      
      1253      1.132e-04      
      1988      2.235e-03      
      1989      3.943e-03      
      1990      5.879e-03      
      1991      7.432e-03      
      1994      6.081e-03      
      1995      4.399e-03      
      1997      1.630e-03      
      1998      8.151e-04      
      2097      2.245e-03      
      2098      3.817e-03      
      2106      1.569e-03      
      2107      8.001e-04      
      2200      3.579e-03      
      2201      5.938e-03      
      2202      8.128e-03      
      2203      9.285e-03      
      2205      7.641e-03      
      2206      5.827e-03      
      2207      4.088e-03      
      2208      2.643e-03      
      2411      4.300e-03      
      2412      5.802e-03      
      2413      8.051e-03      
      2414      1.091e-02      
      2415      1.382e-02      
      2416      1.606e-02      
      2420      1.367e-02      
      2421      1.148e-02      
      2422      9.422e-03      
      2423      7.674e-03      
      2425      5.138e-03      
      2426      4.261e-03      
      2431      1.772e-03      
      2432      1.179e-03      
      3143      3.243e-03      
      3144      4.971e-03      
      3154      2.246e-03      
      3155      1.347e-03      
      3343      2.162e-03      
      3344      6.087e-03      
      3345      1.442e-02      
      3346      2.870e-02      
      3347      4.804e-02      
      3348      6.797e-02      
      3349      8.230e-02      
      3350      8.706e-02      
      3351      8.290e-02      
      3352      7.357e-02      
      3353      6.286e-02      
      3354      5.294e-02      
      3355      4.448e-02      
      3356      3.745e-02      
      3357      3.160e-02      
      3358      2.670e-02      
      3359      2.258e-02      
      3360      1.917e-02      
      3361      1.635e-02      
      3362      1.400e-02      
      3363      1.196e-02      
      3364      1.016e-02      
      3366      7.406e-03      
      3367      6.524e-03      
      3376      4.455e-03      
      3377      3.328e-03      
      3381      6.618e-04      
      3382      3.038e-04      
      3394      2.297e-03      
      3395      3.842e-03      
      3397      6.577e-03      
      3398      6.974e-03      
      3402      4.135e-03      
      3403      3.336e-03      
      3407      6.675e-04      
      3408      3.051e-04      
      3549      1.936e-03      
      3550      3.967e-03      
      3551      6.689e-03      
      3552      9.732e-03      
      3553      1.322e-02      
      3554      1.823e-02      
      3555      2.616e-02      
      3556      3.732e-02      
      3557      4.997e-02      
      3558      6.086e-02      
      3559      6.697e-02      
      3560      6.723e-02      
      3561      6.287e-02      
      3562      5.616e-02      
      3563      4.902e-02      
      3564      4.244e-02      
      3565      3.670e-02      
      3566      3.179e-02      
      3567      2.762e-02      
      3568      2.403e-02      
      3569      2.087e-02      
      3570      1.803e-02      
      3571      1.550e-02      
      3572      1.329e-02      
      3573      1.140e-02      
      3574      9.794e-03      
      3575      8.429e-03      
      3578      5.562e-03      
      3579      4.825e-03      
      3584      2.315e-03      
      3585      1.772e-03
3624   1.772e-03