0      0.0      
      1      2.390e-07      
      2      1.797e-06      
      30      3.573e-03      
      31      3.581e-03      
      36      6.482e-03      
      37      8.108e-03      
      53      4.991e-03      
      54      4.370e-03      
      74      1.116e-03      
      75      4.921e-04      
      159      3.970e-03      
      160      4.459e-03      
      185      6.734e-03      
      186      8.153e-03      
      192      5.087e-03      
      193      3.341e-03      
      323      5.982e-03      
      324      7.905e-03      
      342      4.372e-03      
      343      3.940e-03      
      367      6.881e-03      
      368      9.522e-03      
      369      1.344e-02      
      370      1.783e-02      
      371      2.147e-02      
      372      2.396e-02      
      373      2.623e-02      
      374      2.960e-02      
      375      3.453e-02      
      376      4.097e-02      
      377      4.934e-02      
      378      6.022e-02      
      379      7.313e-02      
      380      8.615e-02      
      381      9.705e-02      
      382      1.045e-01      
      383      1.083e-01      
      385      1.052e-01      
      386      9.844e-02      
      387      8.941e-02      
      388      8.039e-02      
      389      7.350e-02      
      390      6.971e-02      
      395      7.278e-02      
      396      7.350e-02      
      399      7.166e-02      
      400      6.912e-02      
      401      6.619e-02      
      402      6.366e-02      
      406      6.608e-02      
      407      6.811e-02      
      411      7.080e-02      
      412      7.427e-02      
      413      8.136e-02      
      414      9.126e-02      
      415      1.012e-01      
      416      1.083e-01      
      417      1.116e-01      
      418      1.128e-01      
      419      1.142e-01      
      420      1.171e-01      
      421      1.212e-01      
      422      1.266e-01      
      423      1.347e-01      
      424      1.474e-01      
      425      1.633e-01      
      426      1.779e-01      
      427      1.860e-01      
      428      1.855e-01      
      429      1.787e-01      
      430      1.691e-01      
      431      1.595e-01      
      432      1.502e-01      
      433      1.407e-01      
      434      1.306e-01      
      435      1.202e-01      
      436      1.102e-01      
      437      1.008e-01      
      438      9.239e-02      
      439      8.518e-02      
      440      7.942e-02      
      441      7.508e-02      
      442      7.187e-02      
      443      6.944e-02      
      444      6.748e-02      
      445      6.579e-02      
      447      6.249e-02      
      448      6.056e-02      
      449      5.841e-02      
      450      5.622e-02      
      451      5.421e-02      
      452      5.261e-02      
      455      4.957e-02      
      456      4.802e-02      
      457      4.587e-02      
      458      4.333e-02      
      459      4.069e-02      
      460      3.814e-02      
      461      3.573e-02      
      462      3.340e-02      
      463      3.112e-02      
      464      2.899e-02      
      471      2.566e-02      
      472      2.533e-02      
      476      2.250e-02      
      477      2.135e-02      
      484      1.845e-02      
      485      1.746e-02      
      489      1.399e-02      
      490      1.245e-02      
      493      9.258e-03      
      494      8.634e-03      
      504      5.688e-03      
      505      4.331e-03      
      508      9.525e-04      
      509      4.733e-04      
      513      3.459e-03      
      514      5.030e-03      
      518      1.860e-03      
      519      8.123e-04      
      541      3.603e-03      
      542      4.729e-03      
      562      1.439e-03      
      563      8.026e-04      
      587      3.498e-03      
      588      5.039e-03      
      592      1.932e-03      
      593      1.046e-03      
      597      4.148e-03      
      598      5.171e-03      
      604      2.279e-03      
      605      1.471e-03      
      648      4.210e-03      
      649      5.796e-03      
      656      2.697e-03      
      657      2.113e-03      
      693      5.030e-03      
      694      5.699e-03      
      696      3.457e-03      
      697      1.850e-03      
      1032      5.163e-03      
      1033      5.564e-03      
      1037      2.507e-03      
      1038      1.566e-03      
      1068      3.383e-03      
      1069      8.065e-03      
      1070      1.507e-02      
      1071      2.210e-02      
      1073      2.300e-02      
      1074      1.648e-02      
      1075      9.749e-03      
      1076      5.949e-03      
      1077      6.285e-03      
      1078      1.059e-02      
      1079      1.774e-02      
      1080      2.566e-02      
      1081      3.188e-02      
      1084      3.004e-02      
      1085      2.503e-02      
      1086      2.022e-02      
      1087      1.667e-02      
      1088      1.483e-02      
      1091      1.815e-02      
      1092      2.063e-02      
      1093      2.293e-02      
      1094      2.468e-02      
      1099      2.127e-02      
      1100      1.841e-02      
      1101      1.524e-02      
      1102      1.227e-02      
      1103      9.951e-03      
      1104      8.453e-03      
      1110      5.001e-03      
      1111      4.372e-03      
      1130      1.415e-03      
      1131      6.761e-04      
      1207      4.178e-03      
      1208      9.445e-03      
      1209      1.755e-02      
      1210      2.724e-02      
      1211      3.615e-02      
      1212      4.233e-02      
      1213      4.576e-02      
      1214      4.837e-02      
      1215      5.293e-02      
      1216      6.196e-02      
      1217      7.667e-02      
      1218      9.602e-02      
      1219      1.163e-01      
      1220      1.326e-01      
      1221      1.415e-01      
      1222      1.425e-01      
      1223      1.372e-01      
      1224      1.279e-01      
      1225      1.167e-01      
      1226      1.052e-01      
      1227      9.459e-02      
      1228      8.552e-02      
      1229      7.827e-02      
      1230      7.273e-02      
      1231      6.859e-02      
      1232      6.525e-02      
      1233      6.181e-02      
      1234      5.773e-02      
      1235      5.320e-02      
      1236      4.895e-02      
      1237      4.549e-02      
      1238      4.285e-02      
      1239      4.079e-02      
      1240      3.905e-02      
      1242      3.576e-02      
      1243      3.442e-02      
      1249      3.144e-02      
      1250      2.975e-02      
      1251      2.710e-02      
      1252      2.383e-02      
      1253      2.057e-02      
      1254      1.776e-02      
      1273      1.470e-02      
      1274      1.307e-02      
      1280      9.915e-03      
      1281      9.287e-03      
      1294      6.773e-03      
      1295      5.241e-03      
      1310      2.143e-03      
      1311      1.437e-03      
      1322      4.231e-03      
      1323      5.353e-03      
      1341      1.892e-03      
      1342      7.810e-04      
      1363      3.957e-03      
      1364      4.854e-03      
      1368      7.354e-03      
      1369      1.011e-02      
      1370      1.545e-02      
      1371      2.225e-02      
      1372      2.843e-02      
      1373      3.227e-02      
      1376      2.913e-02      
      1377      2.576e-02      
      1378      2.196e-02      
      1379      1.775e-02      
      1380      1.351e-02      
      1381      9.940e-03      
      1382      7.673e-03      
      1396      4.511e-03      
      1397      3.981e-03      
      1484      8.105e-04      
      1485      4.100e-04      
      1492      3.831e-03      
      1493      4.145e-03      
      1501      8.341e-04      
      1502      4.748e-04      
      1508      3.811e-03      
      1509      6.319e-03      
      1510      1.050e-02      
      1511      1.629e-02      
      1512      2.268e-02      
      1513      2.811e-02      
      1514      3.142e-02      
      1515      3.229e-02      
      1516      3.099e-02      
      1517      2.797e-02      
      1518      2.384e-02      
      1519      1.950e-02      
      1520      1.585e-02      
      1521      1.325e-02      
      1522      1.149e-02      
      1524      8.848e-03      
      1525      7.759e-03      
      1535      4.413e-03      
      1536      4.076e-03      
      1555      7.150e-03      
      1556      7.957e-03      
      1560      5.297e-03      
      1561      3.721e-03      
      1565      1.884e-04      
      1566      9.174e-05      
      1573      3.299e-03      
      1574      3.665e-03      
      1829      1.471e-04      
      1830      4.305e-05      
      1845      3.483e-03      
      1846      4.073e-03      
      1852      8.100e-04      
      1853      3.705e-04      
      1869      3.442e-03      
      1870      3.974e-03      
      1875      8.382e-04      
      1876      3.779e-04      
      1987      3.338e-03      
      1988      6.111e-03      
      1989      9.253e-03      
      1990      1.161e-02      
      1993      8.315e-03      
      1994      6.420e-03      
      2005      9.068e-03      
      2006      1.031e-02      
      2013      7.929e-03      
      2014      6.626e-03      
      2016      3.849e-03      
      2017      2.618e-03      
      2096      3.572e-03      
      2097      7.021e-03      
      2098      1.100e-02      
      2099      1.394e-02      
      2100      1.467e-02      
      2102      1.133e-02      
      2103      9.609e-03      
      2112      1.301e-02      
      2113      1.417e-02      
      2124      1.087e-02      
      2125      9.846e-03      
      2136      6.460e-03      
      2137      4.690e-03      
      2139      1.644e-03      
      2140      7.476e-04      
      2156      4.162e-03      
      2157      5.161e-03      
      2199      7.351e-03      
      2200      9.946e-03      
      2201      1.304e-02      
      2202      1.562e-02      
      2205      1.252e-02      
      2206      1.000e-02      
      2216      1.244e-02      
      2217      1.424e-02      
      2233      1.101e-02      
      2234      8.290e-03      
      2235      5.719e-03      
      2236      3.620e-03      
      2359      1.392e-04      
      2360      4.125e-05      
      2373      3.473e-03      
      2374      4.071e-03      
      2380      8.100e-04      
      2381      3.705e-04      
      2398      3.594e-03      
      2399      4.067e-03      
      2408      6.273e-03      
      2409      7.728e-03      
      2413      1.117e-02      
      2414      1.167e-02      
      2419      8.741e-03      
      2420      7.999e-03      
      2428      1.085e-02      
      2429      1.241e-02      
      2446      1.009e-02      
      2447      8.430e-03      
      2449      5.499e-03      
      2450      4.292e-03      
      2454      8.123e-04      
      2455      3.725e-04      
      2468      3.289e-03      
      2469      4.185e-03      
      2477      8.105e-04      
      2478      3.705e-04      
      2493      3.483e-03      
      2494      4.112e-03      
      2550      8.108e-04      
      2551      4.097e-04      
      2562      3.897e-03      
      2563      4.235e-03      
      2632      7.661e-03      
      2633      8.039e-03      
      2637      5.097e-03      
      2638      4.245e-03      
      2642      8.339e-04      
      2643      3.769e-04      
      2707      3.611e-03      
      2708      4.112e-03      
      2714      8.100e-04      
      2715      3.705e-04      
      2780      3.320e-03      
      2781      3.997e-03      
      2807      8.105e-04      
      2808      3.705e-04      
      2878      3.193e-03      
      2879      4.071e-03      
      2885      8.398e-04      
      2886      3.782e-04      
      3343      1.905e-03      
      3344      5.655e-03      
      3345      1.346e-02      
      3346      2.553e-02      
      3347      3.855e-02      
      3348      4.627e-02      
      3349      4.421e-02      
      3350      3.375e-02      
      3351      2.077e-02      
      3352      1.070e-02      
      3353      5.552e-03      
      3356      8.953e-03      
      3357      1.239e-02      
      3358      1.621e-02      
      3359      2.033e-02      
      3360      2.448e-02      
      3361      2.827e-02      
      3362      3.141e-02      
      3363      3.383e-02      
      3371      3.608e-02      
      3372      3.897e-02      
      3376      3.665e-02      
      3377      3.506e-02      
      3379      3.179e-02      
      3380      2.913e-02      
      3381      2.591e-02      
      3382      2.271e-02      
      3383      1.995e-02      
      3384      1.772e-02      
      3386      1.427e-02      
      3387      1.299e-02      
      3394      1.595e-02      
      3395      2.362e-02      
      3396      3.429e-02      
      3397      4.561e-02      
      3398      5.485e-02      
      3399      6.084e-02      
      3400      6.471e-02      
      3401      6.859e-02      
      3402      7.341e-02      
      3403      7.800e-02      
      3405      7.839e-02      
      3406      7.319e-02      
      3407      6.618e-02      
      3408      5.919e-02      
      3409      5.347e-02      
      3410      4.951e-02      
      3411      4.702e-02      
      3412      4.521e-02      
      3413      4.335e-02      
      3414      4.111e-02      
      3415      3.851e-02      
      3416      3.580e-02      
      3424      3.333e-02      
      3425      3.026e-02      
      3431      3.343e-02      
      3432      3.564e-02      
      3433      3.898e-02      
      3434      4.290e-02      
      3435      4.592e-02      
      3436      4.696e-02      
      3438      4.457e-02      
      3439      4.312e-02      
      3442      4.488e-02      
      3443      4.742e-02      
      3444      4.992e-02      
      3445      5.184e-02      
      3448      4.991e-02      
      3449      4.532e-02      
      3450      3.979e-02      
      3451      3.476e-02      
      3452      3.094e-02      
      3453      2.815e-02      
      3454      2.597e-02      
      3456      2.266e-02      
      3457      2.148e-02      
      3464      1.791e-02      
      3465      1.787e-02      
      3472      1.535e-02      
      3473      1.429e-02      
      3480      1.071e-02      
      3481      1.068e-02      
      3489      7.239e-03      
      3490      7.046e-03      
      3496      3.803e-03      
      3497      3.340e-03      
      3549      4.681e-03      
      3550      8.798e-03      
      3551      1.348e-02      
      3552      1.749e-02      
      3553      2.084e-02      
      3554      2.564e-02      
      3555      3.466e-02      
      3556      4.856e-02      
      3557      6.484e-02      
      3558      7.987e-02      
      3559      9.256e-02      
      3560      1.059e-01      
      3561      1.239e-01      
      3562      1.473e-01      
      3563      1.713e-01      
      3564      1.879e-01      
      3565      1.911e-01      
      3566      1.799e-01      
      3567      1.586e-01      
      3568      1.338e-01      
      3569      1.114e-01      
      3570      9.432e-02      
      3571      8.319e-02      
      3572      7.675e-02      
      3573      7.317e-02      
      3574      7.068e-02      
      3575      6.796e-02      
      3576      6.414e-02      
      3577      5.899e-02      
      3578      5.298e-02      
      3579      4.723e-02      
      3580      4.278e-02      
      3581      4.002e-02      
      3582      3.847e-02      
      3584      3.545e-02      
      3585      3.318e-02      
      3591      2.997e-02      
      3592      2.745e-02      
      3593      2.411e-02      
      3594      2.113e-02      
      3612      1.772e-02      
      3613      1.749e-02      
      3617      1.468e-02      
      3618      1.372e-02      
      3620      1.138e-02      
      3621      1.010e-02
3624   1.010e-02