0      0.0      
      1      0.000e+00      
      370      4.295e-03      
      371      4.656e-03      
      376      1.992e-04      
      377      5.036e-05      
      411      3.523e-03      
      412      7.642e-03      
      413      1.345e-02      
      414      1.912e-02      
      417      1.496e-02      
      418      8.929e-03      
      419      4.318e-03      
      425      8.014e-03      
      426      9.334e-03      
      428      6.539e-03      
      429      3.917e-03      
      1068      5.614e-03      
      1069      1.273e-02      
      1070      2.293e-02      
      1071      3.279e-02      
      1073      3.365e-02      
      1074      2.422e-02      
      1075      1.392e-02      
      1076      6.408e-03      
      1077      2.369e-03      
      1078      7.056e-04      
      1208      4.470e-03      
      1209      9.266e-03      
      1210      1.596e-02      
      1211      2.326e-02      
      1212      2.921e-02      
      1215      2.824e-02      
      1216      2.314e-02      
      1217      1.776e-02      
      1218      1.309e-02      
      1219      9.483e-03      
      1220      6.837e-03      
      1222      3.277e-03      
      1223      2.012e-03      
      1989      3.616e-03      
      1990      6.594e-03      
      1995      3.616e-03      
      1996      1.561e-03      
      2097      4.467e-03      
      2098      8.639e-03      
      2099      1.350e-02      
      2103      9.406e-03      
      2104      4.982e-03      
      2106      7.183e-04      
      2107      1.949e-04      
      2196      2.326e-03      
      2197      6.356e-03      
      2198      1.417e-02      
      2199      2.613e-02      
      2200      4.028e-02      
      2201      5.233e-02      
      2202      5.738e-02      
      2203      5.285e-02      
      2204      4.056e-02      
      2205      2.573e-02      
      2206      1.342e-02      
      2207      5.739e-03      
      2208      2.010e-03      
      2209      5.772e-04      
      2408      4.545e-03      
      2409      7.799e-03      
      2410      1.224e-02      
      2411      1.804e-02      
      2412      2.506e-02      
      2413      3.234e-02      
      2414      3.817e-02      
      2417      3.546e-02      
      2418      2.872e-02      
      2419      2.121e-02      
      2420      1.446e-02      
      2421      9.338e-03      
      2422      5.877e-03      
      2423      3.617e-03      
      3342      3.462e-03      
      3343      1.002e-02      
      3344      2.358e-02      
      3345      4.547e-02      
      3346      7.219e-02      
      3347      9.477e-02      
      3348      1.032e-01      
      3349      9.331e-02      
      3350      7.034e-02      
      3351      4.448e-02      
      3352      2.390e-02      
      3353      1.118e-02      
      3354      4.704e-03      
      3357      2.083e-04      
      3358      5.631e-05      
      3552      2.804e-03      
      3553      5.169e-03      
      3554      1.131e-02      
      3555      2.378e-02      
      3556      4.213e-02      
      3557      6.024e-02      
      3558      6.882e-02      
      3559      6.276e-02      
      3560      4.576e-02      
      3561      2.676e-02      
      3562      1.259e-02      
      3563      4.783e-03      
      3565      3.670e-04      
      3566      7.380e-05
3624   7.380e-05