0      0.0      
      1      0.000e+00      
      2      0.000e+00      
      369      3.032e-02      
      370      4.830e-02      
      383      6.277e-02      
      384      9.143e-02      
      385      1.312e-01      
      386      1.779e-01      
      387      2.237e-01      
      388      2.608e-01      
      389      2.853e-01      
      390      2.989e-01      
      395      2.795e-01      
      396      2.520e-01      
      397      2.213e-01      
      398      1.922e-01      
      399      1.682e-01      
      400      1.501e-01      
      409      1.183e-01      
      410      1.152e-01      
      414      1.411e-01      
      415      1.569e-01      
      419      1.802e-01      
      420      1.932e-01      
      421      2.101e-01      
      422      2.317e-01      
      423      2.643e-01      
      424      3.137e-01      
      425      3.747e-01      
      426      4.297e-01      
      427      4.622e-01      
      428      4.692e-01      
      433      4.407e-01      
      434      4.251e-01      
      435      4.019e-01      
      436      3.756e-01      
      437      3.506e-01      
      438      3.293e-01      
      439      3.115e-01      
      440      2.953e-01      
      441      2.772e-01      
      442      2.545e-01      
      443      2.276e-01      
      444      1.999e-01      
      445      1.749e-01      
      446      1.546e-01      
      448      1.251e-01      
      449      1.127e-01      
      451      8.901e-02      
      452      7.787e-02      
      456      4.799e-02      
      457      4.411e-02      
      493      1.088e-02      
      494      1.038e-02      
      1069      2.644e-02      
      1070      5.091e-02      
      1071      7.730e-02      
      1072      9.295e-02      
      1074      6.910e-02      
      1075      4.415e-02      
      1077      1.219e-02      
      1078      6.310e-03      
      1207      1.794e-02      
      1208      4.082e-02      
      1209      7.632e-02      
      1210      1.188e-01      
      1211      1.564e-01      
      1215      1.236e-01      
      1216      9.896e-02      
      1218      1.101e-01      
      1219      1.608e-01      
      1220      2.443e-01      
      1221      3.521e-01      
      1222      4.650e-01      
      1223      5.587e-01      
      1224      6.151e-01      
      1226      6.058e-01      
      1227      5.611e-01      
      1228      5.097e-01      
      1229      4.611e-01      
      1230      4.160e-01      
      1231      3.711e-01      
      1232      3.281e-01      
      1233      2.977e-01      
      1234      2.932e-01      
      1235      3.179e-01      
      1236      3.586e-01      
      1237      3.910e-01      
      1238      3.956e-01      
      1239      3.683e-01      
      1240      3.178e-01      
      1241      2.559e-01      
      1242      1.917e-01      
      1243      1.325e-01      
      1244      8.475e-02      
      1245      5.226e-02      
      1246      3.390e-02      
      1271      6.120e-02      
      1272      6.839e-02      
      1280      3.610e-02      
      1281      3.128e-02      
      2199      3.796e-02      
      2200      7.471e-02      
      2201      1.250e-01      
      2202      1.721e-01      
      2204      1.727e-01      
      2205      1.265e-01      
      2206      7.805e-02      
      2207      4.540e-02      
      2208      3.297e-02      
      2210      5.476e-02      
      2211      8.477e-02      
      2212      1.279e-01      
      2213      1.810e-01      
      2214      2.342e-01      
      2215      2.733e-01      
      2218      2.423e-01      
      2219      2.002e-01      
      2220      1.580e-01      
      2221      1.219e-01      
      2222      9.436e-02      
      2223      7.506e-02      
      2227      4.270e-02      
      2228      3.953e-02      
      2259      6.573e-03      
      2260      5.063e-03      
      2408      2.993e-02      
      2409      4.587e-02      
      2425      7.838e-02      
      2426      1.124e-01      
      2427      1.424e-01      
      2428      1.600e-01      
      2432      1.281e-01      
      2433      1.177e-01      
      2437      1.441e-01      
      2438      1.657e-01      
      2439      1.947e-01      
      2440      2.297e-01      
      2441      2.630e-01      
      2444      2.555e-01      
      2445      2.120e-01      
      2446      1.637e-01      
      2447      1.233e-01      
      2448      9.734e-02      
      2449      8.536e-02      
      2456      5.918e-02      
      2457      5.183e-02      
      2505      1.859e-02      
      2506      1.533e-02      
      3344      3.127e-02      
      3345      8.189e-02      
      3346      1.700e-01      
      3347      2.807e-01      
      3348      3.693e-01      
      3349      3.887e-01      
      3350      3.288e-01      
      3351      2.254e-01      
      3352      1.270e-01      
      3353      6.064e-02      
      3354      2.639e-02      
      3368      5.653e-02      
      3369      6.550e-02      
      3370      8.038e-02      
      3371      9.929e-02      
      3382      6.975e-02      
      3383      5.570e-02      
      3394      8.449e-02      
      3395      1.166e-01      
      3396      1.511e-01      
      3405      1.812e-01      
      3406      2.151e-01      
      3407      2.527e-01      
      3408      2.807e-01      
      3409      2.880e-01      
      3410      2.733e-01      
      3411      2.459e-01      
      3412      2.189e-01      
      3413      2.018e-01      
      3418      1.697e-01      
      3419      1.559e-01      
      3422      1.243e-01      
      3423      1.117e-01      
      3425      8.624e-02      
      3426      7.422e-02      
      3429      8.119e-02      
      3430      1.132e-01      
      3431      1.554e-01      
      3432      1.963e-01      
      3433      2.271e-01      
      3434      2.471e-01      
      3435      2.644e-01      
      3436      2.900e-01      
      3437      3.289e-01      
      3438      3.756e-01      
      3439      4.171e-01      
      3440      4.430e-01      
      3441      4.522e-01      
      3445      4.308e-01      
      3446      4.021e-01      
      3447      3.596e-01      
      3448      3.108e-01      
      3449      2.633e-01      
      3450      2.205e-01      
      3451      1.817e-01      
      3452      1.461e-01      
      3453      1.146e-01      
      3454      8.919e-02      
      3456      5.980e-02      
      3457      5.346e-02      
      3491      2.185e-02      
      3492      1.743e-02      
      3550      4.680e-02      
      3551      9.284e-02      
      3552      1.514e-01      
      3553      2.084e-01      
      3554      2.523e-01      
      3555      2.840e-01      
      3556      3.130e-01      
      3557      3.439e-01      
      3558      3.709e-01      
      3560      4.014e-01      
      3561      4.363e-01      
      3562      5.156e-01      
      3563      6.386e-01      
      3564      7.734e-01      
      3565      8.779e-01      
      3566      9.315e-01      
      3571      9.164e-01      
      3572      8.688e-01      
      3573      7.907e-01      
      3574      6.916e-01      
      3575      5.888e-01      
      3576      4.988e-01      
      3577      4.325e-01      
      3578      3.970e-01      
      3580      4.242e-01      
      3581      4.701e-01      
      3582      5.148e-01      
      3585      5.183e-01      
      3586      4.741e-01      
      3587      4.197e-01      
      3588      3.641e-01      
      3589      3.135e-01      
      3590      2.700e-01      
      3591      2.337e-01      
      3592      2.038e-01      
      3593      1.799e-01      
      3594      1.611e-01      
      3595      1.459e-01      
      3598      1.142e-01      
      3599      1.094e-01      
      3617      7.788e-02      
      3618      7.099e-02
3624   7.099e-02