0      0.0      
      1      0.000e+00      
      35      5.631e-03      
      36      1.089e-02      
      46      9.716e-04      
      47      3.670e-04      
      367      7.645e-03      
      368      1.718e-02      
      369      3.122e-02      
      370      4.592e-02      
      371      5.534e-02      
      372      5.648e-02      
      373      5.188e-02      
      374      4.617e-02      
      376      3.711e-02      
      377      3.346e-02      
      380      4.197e-02      
      381      5.559e-02      
      382      7.448e-02      
      383      9.526e-02      
      384      1.125e-01      
      387      1.118e-01      
      388      9.892e-02      
      389      8.491e-02      
      390      7.119e-02      
      391      5.849e-02      
      392      4.750e-02      
      393      3.883e-02      
      394      3.282e-02      
      412      3.511e-02      
      413      4.467e-02      
      414      5.697e-02      
      415      6.705e-02      
      419      7.135e-02      
      420      7.906e-02      
      421      8.833e-02      
      422      9.789e-02      
      423      1.111e-01      
      424      1.317e-01      
      425      1.568e-01      
      426      1.762e-01      
      428      1.678e-01      
      429      1.469e-01      
      430      1.273e-01      
      431      1.144e-01      
      433      1.054e-01      
      434      1.022e-01      
      435      9.635e-02      
      436      8.726e-02      
      437      7.595e-02      
      438      6.429e-02      
      439      5.426e-02      
      440      4.702e-02      
      441      4.250e-02      
      444      3.393e-02      
      445      3.037e-02      
      453      2.092e-02      
      454      2.036e-02      
      468      1.038e-02      
      469      1.009e-02      
      479      1.148e-04      
      480      2.719e-05      
      1068      8.564e-03      
      1069      2.026e-02      
      1070      3.749e-02      
      1071      5.425e-02      
      1073      5.425e-02      
      1074      3.749e-02      
      1075      2.026e-02      
      1076      8.565e-03      
      1207      1.465e-02      
      1208      3.153e-02      
      1209      5.522e-02      
      1210      7.997e-02      
      1211      9.776e-02      
      1214      8.845e-02      
      1215      8.159e-02      
      1216      8.560e-02      
      1217      1.050e-01      
      1218      1.381e-01      
      1219      1.765e-01      
      1220      2.084e-01      
      1221      2.241e-01      
      1222      2.209e-01      
      1223      2.026e-01      
      1224      1.762e-01      
      1225      1.480e-01      
      1226      1.212e-01      
      1227      9.628e-02      
      1228      7.338e-02      
      1229      5.342e-02      
      1230      3.791e-02      
      1231      2.742e-02      
      1232      2.101e-02      
      1233      1.702e-02      
      1239      8.143e-03      
      1240      6.920e-03      
      1989      1.384e-02      
      1990      2.034e-02      
      1994      1.083e-02      
      1995      5.585e-03      
      2096      1.190e-02      
      2097      2.386e-02      
      2098      3.794e-02      
      2099      4.806e-02      
      2101      4.044e-02      
      2102      2.795e-02      
      2103      1.723e-02      
      2119      9.885e-03      
      2120      7.003e-03      
      2198      1.350e-02      
      2199      2.928e-02      
      2200      5.504e-02      
      2201      8.669e-02      
      2202      1.119e-01      
      2203      1.174e-01      
      2204      1.011e-01      
      2205      7.468e-02      
      2206      5.387e-02      
      2208      5.361e-02      
      2209      6.852e-02      
      2210      8.532e-02      
      2211      9.784e-02      
      2213      9.704e-02      
      2214      8.591e-02      
      2215      7.241e-02      
      2216      5.945e-02      
      2217      4.840e-02      
      2218      3.944e-02      
      2219      3.219e-02      
      2220      2.609e-02      
      2221      2.080e-02      
      2223      1.295e-02      
      2224      1.039e-02      
      2229      1.033e-03      
      2230      3.848e-04      
      2406      8.226e-03      
      2407      1.583e-02      
      2408      2.663e-02      
      2409      3.700e-02      
      2420      4.440e-02      
      2421      5.347e-02      
      2422      6.830e-02      
      2423      8.623e-02      
      2424      1.021e-01      
      2427      1.004e-01      
      2428      8.654e-02      
      2429      7.183e-02      
      2430      5.838e-02      
      2431      4.659e-02      
      2432      3.615e-02      
      2433      2.702e-02      
      2434      1.972e-02      
      2441      9.726e-03      
      2442      9.325e-03      
      3142      1.479e-02      
      3143      2.453e-02      
      3144      3.427e-02      
      3145      3.956e-02      
      3147      3.115e-02      
      3148      2.384e-02      
      3150      1.520e-02      
      3151      1.160e-02      
      3154      1.628e-03      
      3155      5.265e-04      
      3343      7.136e-03      
      3344      2.278e-02      
      3345      5.714e-02      
      3346      1.127e-01      
      3347      1.753e-01      
      3348      2.152e-01      
      3349      2.093e-01      
      3350      1.624e-01      
      3351      1.037e-01      
      3352      6.153e-02      
      3353      4.694e-02      
      3354      5.550e-02      
      3355      7.674e-02      
      3356      9.977e-02      
      3357      1.155e-01      
      3359      1.093e-01      
      3360      9.161e-02      
      3361      7.121e-02      
      3362      5.219e-02      
      3363      3.656e-02      
      3364      2.495e-02      
      3365      1.737e-02      
      3366      1.328e-02      
      3369      1.690e-02      
      3370      2.330e-02      
      3371      3.085e-02      
      3372      3.653e-02      
      3375      2.906e-02      
      3376      2.418e-02      
      3379      1.610e-02      
      3380      1.391e-02      
      3385      4.410e-03      
      3386      3.253e-03      
      3392      9.061e-03      
      3393      1.564e-02      
      3394      2.862e-02      
      3395      4.690e-02      
      3396      6.482e-02      
      3397      7.484e-02      
      3398      7.328e-02      
      3399      6.382e-02      
      3400      5.480e-02      
      3401      5.320e-02      
      3402      6.095e-02      
      3403      7.510e-02      
      3404      9.013e-02      
      3405      1.007e-01      
      3407      9.895e-02      
      3408      8.881e-02      
      3409      7.629e-02      
      3410      6.388e-02      
      3411      5.302e-02      
      3412      4.427e-02      
      3413      3.773e-02      
      3415      2.973e-02      
      3416      2.687e-02      
      3423      2.134e-02      
      3424      1.616e-02      
      3430      2.560e-02      
      3431      3.071e-02      
      3433      2.573e-02      
      3434      1.973e-02      
      3448      1.000e-02      
      3449      6.245e-03      
      3549      1.153e-02      
      3550      2.665e-02      
      3551      5.026e-02      
      3552      7.849e-02      
      3553      1.041e-01      
      3554      1.216e-01      
      3555      1.307e-01      
      3556      1.344e-01      
      3558      1.286e-01      
      3559      1.200e-01      
      3561      1.274e-01      
      3562      1.580e-01      
      3563      1.985e-01      
      3564      2.314e-01      
      3565      2.425e-01      
      3566      2.288e-01      
      3567      1.966e-01      
      3568      1.558e-01      
      3569      1.152e-01      
      3570      8.060e-02      
      3571      5.457e-02      
      3572      3.738e-02      
      3573      2.756e-02      
      3574      2.279e-02      
      3581      1.400e-02      
      3582      1.224e-02      
      3591      4.003e-03      
      3592      2.242e-03
3624   2.242e-03