0      0.0      
      1      0.000e+00      
      34      2.643e-03      
      35      5.741e-03      
      36      9.972e-03      
      37      1.395e-02      
      41      9.394e-03      
      42      7.180e-03      
      57      2.845e-03      
      58      1.904e-03      
      162      5.543e-03      
      163      6.930e-03      
      169      2.395e-03      
      170      1.251e-03      
      184      3.758e-03      
      185      6.338e-03      
      187      1.108e-02      
      188      1.177e-02      
      190      9.090e-03      
      191      6.726e-03      
      193      2.589e-03      
      194      1.307e-03      
      321      3.726e-03      
      322      6.220e-03      
      323      9.114e-03      
      324      1.195e-02      
      329      8.111e-03      
      330      6.428e-03      
      364      1.078e-02      
      365      1.397e-02      
      366      1.864e-02      
      367      2.533e-02      
      368      3.450e-02      
      369      4.554e-02      
      370      5.575e-02      
      371      6.140e-02      
      372      6.071e-02      
      373      5.567e-02      
      374      4.997e-02      
      375      4.572e-02      
      376      4.304e-02      
      379      4.485e-02      
      380      4.973e-02      
      381      5.641e-02      
      382      6.421e-02      
      383      7.235e-02      
      384      8.011e-02      
      385      8.705e-02      
      386      9.303e-02      
      387      9.806e-02      
      388      1.020e-01      
      389      1.047e-01      
      398      1.090e-01      
      399      1.099e-01      
      402      1.143e-01      
      403      1.168e-01      
      404      1.200e-01      
      405      1.238e-01      
      406      1.275e-01      
      407      1.303e-01      
      409      1.329e-01      
      410      1.351e-01      
      411      1.406e-01      
      412      1.518e-01      
      413      1.685e-01      
      414      1.869e-01      
      415      2.001e-01      
      417      1.960e-01      
      418      1.860e-01      
      419      1.798e-01      
      420      1.806e-01      
      421      1.872e-01      
      422      1.978e-01      
      423      2.127e-01      
      424      2.323e-01      
      425      2.531e-01      
      426      2.681e-01      
      427      2.712e-01      
      428      2.625e-01      
      429      2.479e-01      
      430      2.338e-01      
      431      2.232e-01      
      432      2.159e-01      
      433      2.101e-01      
      434      2.049e-01      
      435      2.003e-01      
      436      1.966e-01      
      444      2.004e-01      
      445      2.020e-01      
      449      1.995e-01      
      450      1.937e-01      
      451      1.860e-01      
      452      1.772e-01      
      453      1.686e-01      
      454      1.609e-01      
      455      1.544e-01      
      456      1.488e-01      
      457      1.438e-01      
      458      1.391e-01      
      459      1.345e-01      
      460      1.300e-01      
      461      1.260e-01      
      462      1.228e-01      
      463      1.205e-01      
      465      1.166e-01      
      466      1.141e-01      
      467      1.110e-01      
      468      1.075e-01      
      469      1.036e-01      
      470      9.912e-02      
      471      9.452e-02      
      472      9.029e-02      
      473      8.688e-02      
      474      8.422e-02      
      475      8.185e-02      
      476      7.928e-02      
      477      7.633e-02      
      478      7.313e-02      
      479      6.996e-02      
      480      6.711e-02      
      482      6.278e-02      
      483      6.105e-02      
      485      5.748e-02      
      486      5.565e-02      
      489      5.167e-02      
      490      5.088e-02      
      495      4.647e-02      
      496      4.508e-02      
      499      4.105e-02      
      500      3.964e-02      
      511      3.541e-02      
      512      3.436e-02      
      520      2.961e-02      
      521      2.820e-02      
      524      2.364e-02      
      525      2.235e-02      
      550      1.801e-02      
      551      1.727e-02      
      630      1.286e-02      
      631      1.191e-02      
      646      7.876e-03      
      647      7.065e-03      
      738      2.856e-03      
      739      1.906e-03      
      1067      2.259e-03      
      1068      6.813e-03      
      1069      1.627e-02      
      1070      3.080e-02      
      1071      4.623e-02      
      1072      5.518e-02      
      1073      5.257e-02      
      1074      4.021e-02      
      1075      2.498e-02      
      1076      1.286e-02      
      1077      5.739e-03      
      1079      1.149e-03      
      1080      6.871e-04      
      1206      3.256e-03      
      1207      9.107e-03      
      1208      2.067e-02      
      1209      3.843e-02      
      1210      5.916e-02      
      1211      7.638e-02      
      1212      8.402e-02      
      1213      8.040e-02      
      1214      6.895e-02      
      1215      5.534e-02      
      1216      4.413e-02      
      1217      3.747e-02      
      1220      4.085e-02      
      1221      4.587e-02      
      1222      5.115e-02      
      1223      5.648e-02      
      1224      6.215e-02      
      1225      6.851e-02      
      1226      7.539e-02      
      1227      8.198e-02      
      1228      8.738e-02      
      1229      9.124e-02      
      1230      9.388e-02      
      1232      9.754e-02      
      1233      9.899e-02      
      1241      9.627e-02      
      1242      9.331e-02      
      1244      8.888e-02      
      1245      8.795e-02      
      1253      8.487e-02      
      1254      8.255e-02      
      1256      7.900e-02      
      1257      7.732e-02      
      1260      7.293e-02      
      1261      7.223e-02      
      1265      6.811e-02      
      1266      6.587e-02      
      1267      6.313e-02      
      1268      6.006e-02      
      1269      5.696e-02      
      1270      5.418e-02      
      1273      4.975e-02      
      1274      4.893e-02      
      1277      4.453e-02      
      1278      4.297e-02      
      1285      3.878e-02      
      1286      3.814e-02      
      1290      3.423e-02      
      1291      3.256e-02      
      1293      2.848e-02      
      1294      2.641e-02      
      1297      2.213e-02      
      1298      2.155e-02      
      1315      1.725e-02      
      1316      1.617e-02      
      1363      1.888e-02      
      1364      2.107e-02      
      1386      1.635e-02      
      1387      1.618e-02      
      1415      1.191e-02      
      1416      1.102e-02      
      1432      6.668e-03      
      1433      5.830e-03      
      1461      1.906e-03      
      1462      1.068e-03      
      1573      5.824e-03      
      1574      6.591e-03      
      1593      1.960e-03      
      1594      1.249e-03      
      1684      5.417e-03      
      1685      6.187e-03      
      1698      1.906e-03      
      1699      1.068e-03      
      1986      5.364e-03      
      1987      1.092e-02      
      1988      1.809e-02      
      1989      2.488e-02      
      1993      2.091e-02      
      1994      1.465e-02      
      1995      9.036e-03      
      1996      4.958e-03      
      1997      2.523e-03      
      2095      4.352e-03      
      2096      1.076e-02      
      2097      2.095e-02      
      2098      3.223e-02      
      2099      3.939e-02      
      2100      3.857e-02      
      2101      3.060e-02      
      2102      1.998e-02      
      2103      1.099e-02      
      2104      5.311e-03      
      2117      9.778e-03      
      2118      1.009e-02      
      2181      5.830e-03      
      2182      5.254e-03      
      2197      7.599e-03      
      2198      1.073e-02      
      2199      1.585e-02      
      2200      2.303e-02      
      2201      3.102e-02      
      2202      3.706e-02      
      2204      3.415e-02      
      2205      2.731e-02      
      2206      2.115e-02      
      2207      1.744e-02      
      2208      1.598e-02      
      2251      1.195e-02      
      2252      1.115e-02      
      2297      6.668e-03      
      2298      5.830e-03      
      2325      1.906e-03      
      2326      1.068e-03      
      2411      5.430e-03      
      2412      6.136e-03      
      2479      1.906e-03      
      2480      1.068e-03      
      2779      4.920e-03      
      2780      6.317e-03      
      2784      1.970e-03      
      2785      9.824e-04      
      3343      2.605e-03      
      3344      7.558e-03      
      3345      1.763e-02      
      3346      3.313e-02      
      3347      5.020e-02      
      3348      6.135e-02      
      3349      6.050e-02      
      3350      4.821e-02      
      3351      3.116e-02      
      3352      1.653e-02      
      3353      7.401e-03      
      3354      3.002e-03      
      3355      1.264e-03      
      3390      5.732e-03      
      3391      6.494e-03      
      3393      9.827e-03      
      3394      1.440e-02      
      3395      2.075e-02      
      3396      2.671e-02      
      3399      2.505e-02      
      3400      2.138e-02      
      3410      2.579e-02      
      3411      2.760e-02      
      3413      3.193e-02      
      3414      3.407e-02      
      3416      3.762e-02      
      3417      3.944e-02      
      3418      4.184e-02      
      3419      4.495e-02      
      3420      4.823e-02      
      3421      5.063e-02      
      3424      4.752e-02      
      3425      4.476e-02      
      3429      4.633e-02      
      3430      5.088e-02      
      3431      5.477e-02      
      3432      5.642e-02      
      3435      5.182e-02      
      3436      5.068e-02      
      3442      4.669e-02      
      3443      4.579e-02      
      3446      4.227e-02      
      3447      4.085e-02      
      3449      3.727e-02      
      3450      3.514e-02      
      3452      3.111e-02      
      3453      2.975e-02      
      3472      2.656e-02      
      3473      2.437e-02      
      3474      2.189e-02      
      3475      1.952e-02      
      3480      1.484e-02      
      3481      1.474e-02      
      3522      1.002e-02      
      3523      9.707e-03      
      3547      1.349e-02      
      3548      1.955e-02      
      3549      2.969e-02      
      3550      4.188e-02      
      3551      5.120e-02      
      3553      4.887e-02      
      3554      4.386e-02      
      3555      4.467e-02      
      3556      5.274e-02      
      3557      6.304e-02      
      3558      6.794e-02      
      3559      6.344e-02      
      3560      5.224e-02      
      3561      4.069e-02      
      3562      3.356e-02      
      3565      3.803e-02      
      3566      4.274e-02      
      3567      4.733e-02      
      3568      5.160e-02      
      3569      5.536e-02      
      3570      5.829e-02      
      3576      6.252e-02      
      3577      6.353e-02      
      3589      5.933e-02      
      3590      5.819e-02      
      3592      5.433e-02      
      3593      5.154e-02      
      3594      4.846e-02      
      3595      4.549e-02      
      3597      4.105e-02      
      3598      3.975e-02      
      3608      3.560e-02      
      3609      3.459e-02      
      3613      3.060e-02      
      3614      2.890e-02      
      3616      2.438e-02      
      3617      2.197e-02      
      3619      1.816e-02      
      3620      1.701e-02
3624   1.701e-02