0      0.0      
      1      0.000e+00      
      326      3.177e-02      
      327      3.466e-02      
      366      5.895e-02      
      367      8.555e-02      
      368      1.262e-01      
      369      1.809e-01      
      370      2.402e-01      
      371      2.859e-01      
      374      2.645e-01      
      375      2.378e-01      
      376      2.171e-01      
      377      2.035e-01      
      381      2.303e-01      
      382      2.578e-01      
      383      2.915e-01      
      384      3.282e-01      
      385      3.649e-01      
      386      3.989e-01      
      387      4.290e-01      
      388      4.545e-01      
      389      4.746e-01      
      390      4.895e-01      
      393      5.201e-01      
      394      5.277e-01      
      402      5.495e-01      
      403      5.648e-01      
      404      5.911e-01      
      405      6.256e-01      
      406      6.615e-01      
      407      6.918e-01      
      408      7.135e-01      
      409      7.295e-01      
      410      7.488e-01      
      411      7.838e-01      
      412      8.462e-01      
      413      9.389e-01      
      414      1.047e+00      
      415      1.141e+00      
      416      1.188e+00      
      417      1.180e+00      
      418      1.135e+00      
      419      1.084e+00      
      422      1.099e+00      
      423      1.175e+00      
      424      1.290e+00      
      425      1.427e+00      
      426      1.549e+00      
      427      1.616e+00      
      428      1.612e+00      
      429      1.557e+00      
      430      1.487e+00      
      431      1.430e+00      
      432      1.392e+00      
      433      1.371e+00      
      434      1.355e+00      
      435      1.340e+00      
      436      1.321e+00      
      437      1.300e+00      
      438      1.277e+00      
      439      1.254e+00      
      440      1.231e+00      
      441      1.206e+00      
      442      1.178e+00      
      443      1.144e+00      
      444      1.104e+00      
      445      1.061e+00      
      446      1.015e+00      
      447      9.700e-01      
      448      9.249e-01      
      449      8.790e-01      
      450      8.316e-01      
      451      7.831e-01      
      452      7.347e-01      
      453      6.883e-01      
      454      6.460e-01      
      455      6.094e-01      
      456      5.792e-01      
      457      5.553e-01      
      459      5.221e-01      
      460      5.100e-01      
      463      4.806e-01      
      464      4.699e-01      
      466      4.379e-01      
      467      4.145e-01      
      468      3.878e-01      
      469      3.604e-01      
      470      3.349e-01      
      471      3.125e-01      
      472      2.932e-01      
      473      2.765e-01      
      475      2.453e-01      
      476      2.277e-01      
      477      2.077e-01      
      478      1.866e-01      
      479      1.672e-01      
      480      1.520e-01      
      508      1.187e-01      
      509      1.172e-01      
      515      8.677e-02      
      516      8.260e-02      
      524      5.438e-02      
      525      4.922e-02      
      543      1.653e-02      
      544      1.566e-02      
      1068      3.483e-02      
      1069      8.262e-02      
      1070      1.625e-01      
      1071      2.595e-01      
      1072      3.359e-01      
      1074      3.093e-01      
      1075      2.273e-01      
      1076      1.451e-01      
      1077      8.412e-02      
      1078      4.713e-02      
      1080      1.702e-02      
      1081      1.159e-02      
      1206      1.823e-02      
      1207      4.685e-02      
      1208      1.070e-01      
      1209      2.067e-01      
      1210      3.351e-01      
      1211      4.592e-01      
      1212      5.383e-01      
      1213      5.479e-01      
      1214      4.933e-01      
      1215      4.023e-01      
      1216      3.082e-01      
      1217      2.345e-01      
      1218      1.913e-01      
      1221      2.114e-01      
      1222      2.465e-01      
      1223      2.878e-01      
      1224      3.326e-01      
      1225      3.785e-01      
      1226      4.224e-01      
      1227      4.622e-01      
      1228      4.969e-01      
      1229      5.261e-01      
      1230      5.492e-01      
      1233      5.819e-01      
      1234      5.844e-01      
      1240      5.550e-01      
      1241      5.405e-01      
      1242      5.236e-01      
      1243      5.055e-01      
      1244      4.876e-01      
      1245      4.707e-01      
      1247      4.404e-01      
      1248      4.269e-01      
      1250      4.035e-01      
      1251      3.931e-01      
      1254      3.627e-01      
      1255      3.533e-01      
      1262      3.224e-01      
      1263      3.141e-01      
      1265      2.874e-01      
      1266      2.695e-01      
      1267      2.490e-01      
      1268      2.269e-01      
      1269      2.050e-01      
      1270      1.854e-01      
      1272      1.579e-01      
      1273      1.501e-01      
      1288      1.170e-01      
      1289      1.124e-01      
      1293      8.549e-02      
      1294      7.885e-02      
      1315      4.553e-02      
      1316      4.218e-02      
      1337      9.589e-03      
      1338      8.756e-03      
      1986      2.690e-02      
      1987      5.436e-02      
      1988      9.445e-02      
      1989      1.399e-01      
      1990      1.784e-01      
      1993      1.676e-01      
      1994      1.297e-01      
      1995      9.110e-02      
      1996      5.956e-02      
      1997      3.767e-02      
      2003      5.113e-03      
      2004      4.231e-03      
      2095      2.356e-02      
      2096      5.609e-02      
      2097      1.131e-01      
      2098      1.870e-01      
      2099      2.527e-01      
      2101      2.621e-01      
      2102      2.088e-01      
      2103      1.470e-01      
      2104      9.594e-02      
      2105      6.230e-02      
      2156      3.094e-02      
      2157      2.626e-02      
      2198      3.967e-02      
      2199      7.170e-02      
      2200      1.220e-01      
      2201      1.854e-01      
      2202      2.441e-01      
      2205      2.202e-01      
      2206      1.686e-01      
      2207      1.285e-01      
      2227      9.779e-02      
      2228      8.902e-02      
      2249      5.930e-02      
      2250      5.324e-02      
      2255      2.240e-02      
      2256      1.922e-02      
      2423      5.040e-02      
      2424      5.262e-02      
      2447      1.932e-02      
      2448      1.898e-02      
      3343      1.810e-02      
      3344      5.511e-02      
      3345      1.348e-01      
      3346      2.657e-01      
      3347      4.232e-01      
      3348      5.477e-01      
      3349      5.795e-01      
      3350      5.064e-01      
      3351      3.707e-01      
      3352      2.326e-01      
      3353      1.298e-01      
      3354      6.807e-02      
      3355      3.607e-02      
      3356      2.066e-02      
      3391      4.787e-02      
      3392      5.838e-02      
      3393      7.484e-02      
      3394      1.043e-01      
      3395      1.486e-01      
      3396      1.990e-01      
      3397      2.377e-01      
      3400      2.165e-01      
      3401      1.988e-01      
      3404      2.174e-01      
      3405      2.363e-01      
      3406      2.547e-01      
      3407      2.708e-01      
      3409      2.960e-01      
      3410      3.064e-01      
      3413      3.349e-01      
      3414      3.444e-01      
      3416      3.671e-01      
      3417      3.819e-01      
      3418      3.998e-01      
      3419      4.204e-01      
      3420      4.407e-01      
      3421      4.547e-01      
      3423      4.434e-01      
      3424      4.183e-01      
      3425      3.870e-01      
      3426      3.570e-01      
      3429      3.562e-01      
      3430      3.927e-01      
      3431      4.291e-01      
      3435      4.055e-01      
      3436      3.884e-01      
      3442      3.588e-01      
      3443      3.463e-01      
      3445      3.162e-01      
      3446      2.959e-01      
      3447      2.701e-01      
      3448      2.392e-01      
      3449      2.060e-01      
      3450      1.741e-01      
      3451      1.467e-01      
      3452      1.256e-01      
      3455      9.416e-02      
      3456      9.057e-02      
      3475      5.996e-02      
      3476      5.279e-02      
      3498      2.134e-02      
      3499      1.882e-02      
      3548      3.773e-02      
      3549      8.045e-02      
      3550      1.431e-01      
      3551      2.099e-01      
      3552      2.574e-01      
      3554      2.767e-01      
      3555      2.960e-01      
      3556      3.506e-01      
      3557      4.237e-01      
      3558      4.715e-01      
      3559      4.579e-01      
      3560      3.841e-01      
      3561      2.855e-01      
      3562      2.024e-01      
      3563      1.563e-01      
      3565      1.683e-01      
      3566      2.062e-01      
      3567      2.528e-01      
      3568      3.005e-01      
      3569      3.427e-01      
      3570      3.747e-01      
      3571      3.943e-01      
      3578      4.212e-01      
      3579      4.293e-01      
      3587      4.013e-01      
      3588      3.810e-01      
      3589      3.574e-01      
      3590      3.323e-01      
      3591      3.073e-01      
      3592      2.831e-01      
      3593      2.594e-01      
      3594      2.360e-01      
      3595      2.133e-01      
      3596      1.924e-01      
      3598      1.599e-01      
      3599      1.492e-01      
      3615      1.195e-01      
      3616      1.065e-01      
      3618      7.729e-02      
      3619      6.455e-02
3624   6.455e-02