0      0.0      
      1      0.000e+00      
      35      7.505e-03      
      36      1.427e-02      
      37      2.130e-02      
      38      2.503e-02      
      40      1.744e-02      
      41      1.071e-02      
      43      2.687e-03      
      44      1.257e-03      
      323      8.996e-03      
      324      1.135e-02      
      330      2.422e-03      
      331      1.173e-03      
      367      9.588e-03      
      368      2.339e-02      
      369      4.482e-02      
      370      6.781e-02      
      371      8.209e-02      
      372      8.171e-02      
      373      7.042e-02      
      374      5.635e-02      
      375      4.385e-02      
      376      3.270e-02      
      377      2.257e-02      
      378      1.452e-02      
      379      9.216e-03      
      396      1.685e-02      
      397      2.026e-02      
      401      1.148e-02      
      402      8.902e-03      
      406      1.534e-02      
      407      1.855e-02      
      410      2.742e-02      
      411      3.520e-02      
      412      4.944e-02      
      413      6.977e-02      
      414      9.057e-02      
      415      1.030e-01      
      416      1.017e-01      
      417      9.020e-02      
      418      7.805e-02      
      421      8.258e-02      
      422      9.450e-02      
      423      1.175e-01      
      424      1.567e-01      
      425      2.046e-01      
      426      2.405e-01      
      427      2.453e-01      
      428      2.176e-01      
      429      1.730e-01      
      430      1.304e-01      
      431      1.004e-01      
      432      8.322e-02      
      433      7.446e-02      
      434      6.967e-02      
      438      6.127e-02      
      439      6.022e-02      
      443      5.249e-02      
      444      4.989e-02      
      461      4.122e-02      
      462      3.696e-02      
      471      2.865e-02      
      472      2.667e-02      
      490      1.782e-02      
      491      1.745e-02      
      512      8.711e-03      
      513      6.819e-03      
      1067      7.377e-03      
      1068      2.222e-02      
      1069      5.268e-02      
      1070      9.824e-02      
      1071      1.442e-01      
      1072      1.668e-01      
      1073      1.524e-01      
      1074      1.104e-01      
      1075      6.376e-02      
      1076      2.973e-02      
      1077      1.145e-02      
      1078      3.820e-03      
      1079      1.198e-03      
      1206      1.013e-02      
      1207      2.722e-02      
      1208      5.902e-02      
      1209      1.045e-01      
      1210      1.537e-01      
      1211      1.914e-01      
      1212      2.061e-01      
      1213      1.959e-01      
      1214      1.665e-01      
      1215      1.271e-01      
      1216      8.716e-02      
      1217      5.360e-02      
      1218      2.961e-02      
      1219      1.478e-02      
      1220      6.823e-03      
      1221      3.336e-03      
      1224      1.113e-02      
      1225      2.006e-02      
      1226      3.044e-02      
      1227      3.940e-02      
      1228      4.443e-02      
      1230      4.078e-02      
      1231      3.435e-02      
      1232      2.678e-02      
      1233      1.920e-02      
      1234      1.253e-02      
      1235      7.418e-03      
      1242      1.468e-02      
      1243      2.145e-02      
      1244      2.776e-02      
      1245      3.205e-02      
      1249      2.438e-02      
      1250      2.019e-02      
      1253      1.196e-02      
      1254      1.069e-02      
      1291      1.818e-03      
      1292      1.548e-03      
      1363      6.449e-03      
      1364      1.230e-02      
      1365      1.840e-02      
      1366      2.164e-02      
      1368      1.481e-02      
      1369      8.806e-03      
      1987      1.457e-02      
      1988      3.001e-02      
      1989      5.050e-02      
      1990      6.911e-02      
      1992      6.874e-02      
      1993      4.996e-02      
      1994      2.963e-02      
      1995      1.456e-02      
      1996      6.117e-03      
      1997      2.325e-03      
      2095      7.991e-03      
      2096      1.982e-02      
      2097      3.864e-02      
      2098      5.941e-02      
      2099      7.235e-02      
      2100      7.027e-02      
      2101      5.502e-02      
      2102      3.533e-02      
      2103      1.913e-02      
      2104      9.098e-03      
      2111      1.102e-05      
      2112      2.533e-06      
      2197      3.010e-03      
      2198      9.326e-03      
      2199      2.388e-02      
      2200      4.976e-02      
      2201      8.363e-02      
      2202      1.127e-01      
      2204      1.044e-01      
      2205      7.178e-02      
      2206      3.970e-02      
      2207      1.793e-02      
      2208      6.850e-03      
      2406      1.417e-02      
      2407      2.730e-02      
      2408      4.565e-02      
      2409      6.332e-02      
      2410      7.335e-02      
      2414      6.489e-02      
      2415      6.166e-02      
      2416      5.310e-02      
      2417      4.038e-02      
      2418      2.713e-02      
      2419      1.624e-02      
      2420      8.708e-03      
      2421      4.212e-03      
      2569      1.164e-02      
      2570      1.915e-02      
      2574      1.554e-02      
      2575      8.878e-03      
      2615      1.653e-02      
      2616      1.919e-02      
      2618      1.282e-02      
      2619      7.593e-03      
      2779      1.244e-02      
      2780      1.840e-02      
      2783      1.419e-02      
      2784      8.351e-03      
      2950      1.511e-02      
      2951      1.752e-02      
      2953      1.162e-02      
      2954      6.831e-03      
      3141      9.138e-03      
      3142      2.077e-02      
      3143      3.753e-02      
      3144      5.412e-02      
      3147      5.021e-02      
      3148      4.075e-02      
      3149      3.528e-02      
      3150      3.144e-02      
      3151      2.568e-02      
      3152      1.775e-02      
      3153      1.013e-02      
      3154      4.837e-03      
      3343      1.251e-02      
      3344      4.098e-02      
      3345      1.061e-01      
      3346      2.176e-01      
      3347      3.546e-01      
      3348      4.604e-01      
      3349      4.780e-01      
      3350      3.983e-01      
      3351      2.676e-01      
      3352      1.457e-01      
      3353      6.487e-02      
      3354      2.398e-02      
      3355      7.631e-03      
      3364      1.253e-02      
      3365      1.853e-02      
      3373      1.080e-02      
      3374      8.854e-03      
      3384      1.508e-02      
      3385      1.991e-02      
      3393      1.718e-02      
      3394      3.226e-02      
      3395      5.704e-02      
      3396      8.408e-02      
      3397      1.002e-01      
      3398      9.599e-02      
      3399      7.402e-02      
      3400      4.624e-02      
      3401      2.368e-02      
      3402      1.022e-02      
      3404      1.589e-03      
      3405      7.530e-04      
      3415      7.563e-03      
      3416      1.048e-02      
      3429      1.264e-02      
      3430      2.014e-02      
      3442      1.183e-02      
      3443      1.016e-02      
      3496      1.283e-03      
      3497      8.454e-04      
      3547      4.223e-03      
      3548      1.374e-02      
      3549      3.540e-02      
      3550      7.294e-02      
      3551      1.219e-01      
      3552      1.694e-01      
      3553      2.045e-01      
      3554      2.279e-01      
      3555      2.484e-01      
      3556      2.696e-01      
      3557      2.832e-01      
      3558      2.751e-01      
      3559      2.377e-01      
      3560      1.777e-01      
      3561      1.130e-01      
      3562      6.077e-02      
      3563      2.786e-02      
      3564      1.120e-02      
      3569      1.727e-02      
      3570      2.560e-02      
      3571      3.209e-02      
      3572      3.473e-02      
      3574      2.827e-02      
      3575      2.171e-02      
      3576      1.499e-02      
      3577      9.343e-03      
      3583      1.285e-02      
      3584      2.021e-02      
      3585      2.765e-02      
      3586      3.333e-02      
      3591      2.575e-02      
      3592      2.147e-02      
      3594      1.403e-02      
      3595      1.123e-02      
      3620      3.159e-03      
      3621      1.993e-03
3624   1.993e-03