0      0.0      
      1      0.000e+00      
      37      4.470e-03      
      38      5.394e-03      
      40      4.116e-03      
      41      2.743e-03      
      47      2.547e-04      
      48      2.045e-04      
      366      1.923e-03      
      367      5.494e-03      
      368      1.243e-02      
      369      2.229e-02      
      370      3.173e-02      
      371      3.606e-02      
      372      3.312e-02      
      373      2.526e-02      
      374      1.683e-02      
      375      1.049e-02      
      376      6.433e-03      
      377      3.875e-03      
      378      2.259e-03      
      379      1.319e-03      
      385      3.111e-03      
      386      4.176e-03      
      391      6.230e-03      
      392      6.752e-03      
      397      9.054e-03      
      398      9.558e-03      
      409      1.180e-02      
      410      1.492e-02      
      411      2.082e-02      
      412      2.991e-02      
      413      4.014e-02      
      414      4.719e-02      
      415      4.756e-02      
      416      4.161e-02      
      417      3.316e-02      
      418      2.631e-02      
      419      2.301e-02      
      420      2.309e-02      
      421      2.588e-02      
      422      3.176e-02      
      423      4.205e-02      
      424      5.676e-02      
      425      7.222e-02      
      426      8.201e-02      
      427      8.157e-02      
      428      7.188e-02      
      429      5.831e-02      
      430      4.623e-02      
      431      3.807e-02      
      432      3.356e-02      
      433      3.135e-02      
      434      3.022e-02      
      436      2.859e-02      
      437      2.756e-02      
      438      2.633e-02      
      439      2.503e-02      
      441      2.282e-02      
      442      2.203e-02      
      446      1.955e-02      
      447      1.888e-02      
      450      1.686e-02      
      451      1.623e-02      
      456      1.382e-02      
      457      1.351e-02      
      471      1.116e-02      
      472      1.087e-02      
      488      8.454e-03      
      489      7.799e-03      
      494      5.372e-03      
      495      5.039e-03      
      513      2.541e-03      
      514      2.432e-03      
      1067      4.477e-03      
      1068      1.131e-02      
      1069      2.345e-02      
      1070      3.959e-02      
      1071      5.417e-02      
      1072      6.003e-02      
      1073      5.405e-02      
      1074      3.984e-02      
      1075      2.438e-02      
      1076      1.268e-02      
      1077      5.843e-03      
      1078      2.559e-03      
      1088      1.001e-04      
      1089      5.606e-05      
      1205      2.249e-03      
      1206      7.258e-03      
      1207      1.896e-02      
      1208      4.048e-02      
      1209      7.150e-02      
      1210      1.061e-01      
      1211      1.349e-01      
      1212      1.495e-01      
      1213      1.470e-01      
      1214      1.297e-01      
      1215      1.037e-01      
      1216      7.600e-02      
      1217      5.200e-02      
      1218      3.433e-02      
      1219      2.300e-02      
      1220      1.659e-02      
      1221      1.347e-02      
      1224      1.441e-02      
      1225      1.671e-02      
      1226      1.939e-02      
      1227      2.204e-02      
      1228      2.437e-02      
      1229      2.626e-02      
      1231      2.856e-02      
      1232      2.881e-02      
      1240      2.717e-02      
      1241      2.628e-02      
      1243      2.405e-02      
      1244      2.290e-02      
      1246      2.058e-02      
      1247      1.962e-02      
      1256      1.731e-02      
      1257      1.691e-02      
      1261      1.467e-02      
      1262      1.384e-02      
      1264      1.206e-02      
      1265      1.118e-02      
      1267      9.216e-03      
      1268      8.078e-03      
      1270      5.967e-03      
      1271      5.256e-03      
      1288      2.995e-03      
      1289      2.632e-03      
      1695      1.499e-04      
      1696      1.001e-04      
      1985      1.406e-03      
      1986      3.516e-03      
      1987      7.275e-03      
      1988      1.263e-02      
      1989      1.861e-02      
      1990      2.342e-02      
      1992      2.297e-02      
      1993      1.773e-02      
      1994      1.162e-02      
      1995      6.562e-03      
      1996      3.326e-03      
      1998      8.515e-04      
      1999      5.112e-04      
      2095      2.573e-03      
      2096      6.478e-03      
      2097      1.290e-02      
      2098      2.043e-02      
      2099      2.593e-02      
      2100      2.662e-02      
      2101      2.242e-02      
      2102      1.576e-02      
      2103      9.483e-03      
      2104      5.075e-03      
      2105      2.562e-03      
      2115      1.001e-04      
      2116      5.606e-05      
      2195      2.136e-03      
      2196      5.626e-03      
      2197      1.212e-02      
      2198      2.191e-02      
      2199      3.434e-02      
      2200      4.787e-02      
      2201      5.966e-02      
      2202      6.538e-02      
      2203      6.147e-02      
      2204      4.868e-02      
      2205      3.223e-02      
      2206      1.798e-02      
      2207      8.678e-03      
      2208      3.837e-03      
      2209      1.711e-03      
      2210      8.571e-04      
      2405      2.998e-03      
      2406      7.654e-03      
      2407      1.558e-02      
      2408      2.548e-02      
      2409      3.387e-02      
      2410      3.769e-02      
      2413      3.807e-02      
      2414      4.160e-02      
      2416      4.252e-02      
      2417      3.716e-02      
      2418      2.920e-02      
      2419      2.057e-02      
      2420      1.296e-02      
      2421      7.418e-03      
      2422      4.118e-03      
      2427      5.106e-03      
      2428      6.755e-03      
      2429      8.609e-03      
      2430      1.052e-02      
      2431      1.230e-02      
      2432      1.377e-02      
      2443      1.129e-02      
      2444      1.106e-02      
      2457      8.678e-03      
      2458      8.507e-03      
      2465      6.033e-03      
      2466      5.139e-03      
      2469      2.696e-03      
      2470      2.124e-03      
      2567      3.648e-03      
      2568      8.624e-03      
      2569      1.686e-02      
      2570      2.687e-02      
      2571      3.488e-02      
      2573      3.249e-02      
      2574      2.374e-02      
      2575      1.470e-02      
      2576      7.906e-03      
      2577      3.858e-03      
      2578      1.840e-03      
      2579      9.515e-04      
      2946      1.868e-03      
      2947      5.780e-03      
      2948      1.401e-02      
      2949      2.662e-02      
      2950      3.974e-02      
      2951      4.672e-02      
      2952      4.345e-02      
      2953      3.219e-02      
      2954      1.925e-02      
      2955      9.531e-03      
      2956      4.116e-03      
      2957      1.719e-03      
      2958      8.058e-04      
      3139      1.676e-03      
      3140      4.064e-03      
      3141      9.325e-03      
      3142      1.925e-02      
      3143      3.399e-02      
      3144      4.999e-02      
      3145      6.086e-02      
      3146      6.204e-02      
      3147      5.463e-02      
      3148      4.398e-02      
      3149      3.459e-02      
      3150      2.717e-02      
      3151      2.033e-02      
      3152      1.358e-02      
      3153      7.840e-03      
      3154      3.964e-03      
      3155      1.873e-03      
      3156      9.228e-04      
      3342      1.464e-03      
      3343      5.811e-03      
      3344      1.857e-02      
      3345      4.757e-02      
      3346      9.751e-02      
      3347      1.599e-01      
      3348      2.099e-01      
      3349      2.211e-01      
      3350      1.878e-01      
      3351      1.294e-01      
      3352      7.334e-02      
      3353      3.489e-02      
      3354      1.447e-02      
      3355      5.559e-03      
      3356      2.178e-03      
      3370      3.834e-03      
      3371      5.708e-03      
      3376      3.285e-03      
      3377      2.485e-03      
      3391      4.954e-03      
      3392      6.755e-03      
      3393      1.108e-02      
      3394      1.820e-02      
      3395      2.676e-02      
      3396      3.404e-02      
      3397      3.725e-02      
      3398      3.527e-02      
      3399      2.932e-02      
      3400      2.211e-02      
      3401      1.610e-02      
      3402      1.238e-02      
      3408      1.453e-02      
      3409      1.575e-02      
      3412      1.818e-02      
      3413      1.860e-02      
      3420      2.098e-02      
      3421      2.144e-02      
      3424      1.899e-02      
      3425      1.728e-02      
      3426      1.561e-02      
      3427      1.444e-02      
      3430      1.652e-02      
      3431      1.766e-02      
      3433      1.653e-02      
      3434      1.487e-02      
      3435      1.336e-02      
      3436      1.235e-02      
      3448      1.005e-02      
      3449      9.192e-03      
      3451      7.253e-03      
      3452      6.424e-03      
      3456      4.421e-03      
      3457      3.912e-03      
      3495      1.423e-03      
      3496      1.292e-03      
      3548      2.397e-03      
      3549      6.096e-03      
      3550      1.323e-02      
      3551      2.422e-02      
      3552      3.809e-02      
      3553      5.313e-02      
      3554      6.782e-02      
      3555      8.056e-02      
      3556      8.869e-02      
      3557      8.886e-02      
      3558      7.952e-02      
      3559      6.280e-02      
      3560      4.368e-02      
      3561      2.704e-02      
      3562      1.541e-02      
      3563      8.677e-03      
      3564      5.417e-03      
      3570      7.429e-03      
      3571      8.185e-03      
      3575      1.012e-02      
      3576      1.075e-02      
      3591      8.830e-03      
      3592      7.982e-03      
      3595      5.761e-03      
      3596      5.174e-03      
      3600      2.727e-03      
      3601      2.384e-03
3624   2.384e-03