0      0.0      
      1      0.000e+00      
      368      1.022e-02      
      369      2.013e-02      
      370      3.133e-02      
      374      2.295e-02      
      375      1.508e-02      
      377      5.733e-03      
      378      3.373e-03      
      383      1.293e-02      
      384      1.795e-02      
      386      2.698e-02      
      387      3.087e-02      
      389      3.902e-02      
      390      4.317e-02      
      396      5.389e-02      
      397      5.540e-02      
      420      6.425e-02      
      421      7.016e-02      
      422      7.995e-02      
      423      9.630e-02      
      424      1.203e-01      
      425      1.467e-01      
      426      1.649e-01      
      428      1.538e-01      
      429      1.340e-01      
      430      1.162e-01      
      431      1.050e-01      
      439      9.700e-02      
      440      9.376e-02      
      444      8.300e-02      
      445      8.076e-02      
      447      7.418e-02      
      448      6.893e-02      
      449      6.236e-02      
      450      5.499e-02      
      451      4.759e-02      
      452      4.085e-02      
      454      3.005e-02      
      455      2.544e-02      
      457      1.716e-02      
      458      1.392e-02      
      497      3.376e-03      
      498      2.357e-03      
      1068      7.388e-03      
      1069      1.833e-02      
      1070      3.579e-02      
      1071      5.514e-02      
      1072      6.729e-02      
      1073      6.540e-02      
      1074      5.098e-02      
      1075      3.218e-02      
      1076      1.667e-02      
      1077      7.217e-03      
      1078      2.678e-03      
      1206      7.355e-03      
      1207      2.106e-02      
      1208      4.872e-02      
      1209      9.184e-02      
      1210      1.426e-01      
      1211      1.850e-01      
      1212      2.037e-01      
      1213      1.938e-01      
      1214      1.621e-01      
      1215      1.219e-01      
      1216      8.528e-02      
      1217      5.951e-02      
      1218      4.624e-02      
      1221      5.647e-02      
      1222      6.720e-02      
      1223      7.881e-02      
      1224      9.049e-02      
      1225      1.014e-01      
      1226      1.107e-01      
      1228      1.211e-01      
      1229      1.218e-01      
      1232      1.133e-01      
      1233      1.090e-01      
      1235      1.001e-01      
      1236      9.541e-02      
      1238      8.451e-02      
      1239      7.812e-02      
      1240      7.109e-02      
      1241      6.349e-02      
      1242      5.562e-02      
      1243      4.807e-02      
      1244      4.133e-02      
      1245      3.554e-02      
      1247      2.635e-02      
      1248      2.293e-02      
      1256      1.209e-02      
      1257      1.148e-02      
      1292      3.907e-04      
      1293      1.561e-04      
      1575      9.420e-03      
      1576      1.264e-02      
      1581      2.024e-03      
      1582      7.757e-04      
      1604      7.253e-03      
      1605      1.751e-02      
      1606      3.297e-02      
      1607      4.849e-02      
      1609      5.025e-02      
      1610      3.559e-02      
      1611      1.994e-02      
      1612      8.937e-03      
      1613      3.274e-03      
      1989      1.023e-02      
      1990      1.550e-02      
      1998      5.231e-03      
      1999      3.755e-03      
      2096      6.691e-03      
      2097      1.661e-02      
      2098      3.254e-02      
      2099      5.059e-02      
      2100      6.296e-02      
      2102      5.293e-02      
      2103      3.722e-02      
      2104      2.264e-02      
      2105      1.220e-02      
      2106      5.943e-03      
      2195      8.697e-03      
      2196      2.308e-02      
      2197      5.151e-02      
      2198      1.007e-01      
      2199      1.777e-01      
      2200      2.829e-01      
      2201      3.944e-01      
      2202      4.649e-01      
      2203      4.512e-01      
      2204      3.559e-01      
      2205      2.286e-01      
      2206      1.244e-01      
      2207      6.691e-02      
      2208      4.954e-02      
      2209      5.533e-02      
      2210      7.108e-02      
      2211      8.954e-02      
      2212      1.069e-01      
      2213      1.209e-01      
      2214      1.301e-01      
      2215      1.341e-01      
      2218      1.251e-01      
      2219      1.196e-01      
      2220      1.139e-01      
      2221      1.080e-01      
      2222      1.013e-01      
      2223      9.373e-02      
      2224      8.523e-02      
      2225      7.601e-02      
      2226      6.643e-02      
      2227      5.708e-02      
      2228      4.871e-02      
      2229      4.197e-02      
      2232      3.120e-02      
      2233      2.883e-02      
      2236      2.008e-02      
      2237      1.736e-02      
      2247      6.900e-03      
      2248      5.582e-03      
      2406      1.607e-02      
      2407      3.190e-02      
      2408      5.295e-02      
      2409      7.364e-02      
      2410      8.667e-02      
      2412      8.252e-02      
      2413      7.527e-02      
      2415      6.684e-02      
      2416      6.165e-02      
      2417      5.414e-02      
      2418      4.560e-02      
      2419      3.795e-02      
      2420      3.295e-02      
      2423      4.121e-02      
      2424      5.020e-02      
      2425      6.030e-02      
      2426      7.005e-02      
      2427      7.805e-02      
      2428      8.336e-02      
      2436      7.488e-02      
      2437      7.005e-02      
      2438      6.371e-02      
      2439      5.634e-02      
      2440      4.854e-02      
      2441      4.092e-02      
      2442      3.402e-02      
      2443      2.826e-02      
      2446      1.824e-02      
      2447      1.659e-02      
      2462      6.270e-03      
      2463      5.006e-03      
      2568      1.187e-02      
      2569      2.455e-02      
      2570      4.027e-02      
      2571      5.250e-02      
      2573      4.519e-02      
      2574      3.003e-02      
      2575      1.612e-02      
      2576      7.083e-03      
      2577      2.611e-03      
      3142      6.567e-03      
      3143      1.411e-02      
      3144      2.469e-02      
      3145      3.517e-02      
      3149      2.932e-02      
      3150      2.365e-02      
      3151      1.793e-02      
      3152      1.206e-02      
      3155      1.448e-03      
      3156      5.498e-04      
      3343      5.443e-03      
      3344      1.902e-02      
      3345      5.273e-02      
      3346      1.161e-01      
      3347      2.030e-01      
      3348      2.822e-01      
      3349      3.120e-01      
      3350      2.749e-01      
      3351      1.934e-01      
      3352      1.091e-01      
      3353      4.957e-02      
      3354      1.831e-02      
      3355      5.553e-03      
      3365      1.581e-02      
      3366      2.013e-02      
      3368      3.119e-02      
      3369      4.135e-02      
      3370      5.571e-02      
      3371      7.075e-02      
      3374      6.902e-02      
      3375      5.677e-02      
      3376      4.710e-02      
      3377      4.141e-02      
      3384      3.065e-02      
      3385      2.992e-02      
      3392      3.629e-02      
      3393      4.624e-02      
      3394      6.627e-02      
      3395      9.657e-02      
      3396      1.303e-01      
      3397      1.556e-01      
      3399      1.530e-01      
      3400      1.347e-01      
      3401      1.182e-01      
      3402      1.083e-01      
      3403      1.044e-01      
      3408      9.364e-02      
      3409      9.101e-02      
      3416      8.140e-02      
      3417      7.987e-02      
      3423      7.257e-02      
      3424      5.900e-02      
      3425      4.756e-02      
      3428      4.917e-02      
      3429      6.874e-02      
      3430      9.265e-02      
      3431      1.092e-01      
      3432      1.095e-01      
      3433      9.501e-02      
      3434      7.508e-02      
      3435      5.868e-02      
      3436      4.936e-02      
      3437      4.610e-02      
      3447      3.507e-02      
      3448      2.856e-02      
      3449      2.218e-02      
      3450      1.685e-02      
      3454      6.438e-03      
      3455      4.995e-03      
      3548      1.076e-02      
      3549      3.386e-02      
      3550      8.611e-02      
      3551      1.774e-01      
      3552      2.969e-01      
      3553      4.066e-01      
      3554      4.615e-01      
      3555      4.444e-01      
      3556      3.788e-01      
      3557      3.028e-01      
      3558      2.392e-01      
      3559      1.908e-01      
      3560      1.548e-01      
      3561      1.329e-01      
      3563      1.374e-01      
      3564      1.558e-01      
      3565      1.755e-01      
      3566      1.905e-01      
      3570      1.815e-01      
      3571      1.707e-01      
      3572      1.597e-01      
      3573      1.491e-01      
      3574      1.396e-01      
      3575      1.313e-01      
      3576      1.239e-01      
      3577      1.167e-01      
      3578      1.089e-01      
      3579      1.002e-01      
      3580      9.104e-02      
      3581      8.223e-02      
      3582      7.443e-02      
      3583      6.762e-02      
      3584      6.128e-02      
      3585      5.488e-02      
      3586      4.837e-02      
      3587      4.214e-02      
      3589      3.174e-02      
      3590      2.729e-02      
      3592      1.852e-02      
      3593      1.428e-02      
      3617      3.790e-03      
      3618      2.545e-03
3624   2.545e-03