0      0.0      
      1      0.000e+00      
      34      1.872e-03      
      35      4.528e-03      
      36      8.558e-03      
      37      1.265e-02      
      39      1.332e-02      
      40      9.546e-03      
      41      5.416e-03      
      42      2.448e-03      
      323      3.892e-03      
      324      4.981e-03      
      328      2.877e-03      
      329      1.501e-03      
      366      1.346e-03      
      367      4.130e-03      
      368      9.923e-03      
      369      1.871e-02      
      370      2.779e-02      
      371      3.289e-02      
      372      3.173e-02      
      373      2.613e-02      
      374      1.967e-02      
      375      1.429e-02      
      376      9.923e-03      
      377      6.259e-03      
      378      3.487e-03      
      379      1.765e-03      
      380      8.767e-04      
      410      1.428e-03      
      411      3.911e-03      
      412      8.560e-03      
      413      1.502e-02      
      414      2.122e-02      
      415      2.429e-02      
      416      2.287e-02      
      417      1.844e-02      
      418      1.416e-02      
      421      1.556e-02      
      422      1.976e-02      
      423      2.757e-02      
      424      4.026e-02      
      425      5.521e-02      
      426      6.615e-02      
      427      6.765e-02      
      428      5.953e-02      
      429      4.647e-02      
      430      3.393e-02      
      431      2.485e-02      
      432      1.949e-02      
      433      1.678e-02      
      436      1.446e-02      
      437      1.394e-02      
      441      1.163e-02      
      442      1.132e-02      
      449      9.134e-03      
      450      8.332e-03      
      453      6.098e-03      
      454      5.591e-03      
      520      3.148e-03      
      521      2.471e-03      
      555      4.971e-03      
      556      4.993e-03      
      570      2.500e-03      
      571      1.759e-03      
      1067      2.975e-03      
      1068      8.591e-03      
      1069      1.963e-02      
      1070      3.548e-02      
      1071      5.071e-02      
      1072      5.731e-02      
      1073      5.126e-02      
      1074      3.634e-02      
      1075      2.047e-02      
      1076      9.185e-03      
      1077      3.296e-03      
      1078      9.501e-04      
      1079      2.208e-04      
      1205      1.362e-03      
      1206      4.533e-03      
      1207      1.204e-02      
      1208      2.574e-02      
      1209      4.492e-02      
      1210      6.521e-02      
      1211      8.077e-02      
      1212      8.795e-02      
      1213      8.653e-02      
      1214      7.819e-02      
      1215      6.504e-02      
      1216      4.960e-02      
      1217      3.465e-02      
      1218      2.231e-02      
      1219      1.340e-02      
      1220      7.553e-03      
      1221      3.996e-03      
      1222      1.959e-03      
      1223      8.708e-04      
      1363      2.201e-03      
      1364      4.190e-03      
      1365      6.282e-03      
      1366      7.484e-03      
      1368      5.872e-03      
      1369      4.347e-03      
      1383      1.939e-03      
      1384      1.499e-03      
      1986      2.333e-03      
      1987      5.130e-03      
      1988      9.338e-03      
      1989      1.418e-02      
      1990      1.802e-02      
      1992      1.670e-02      
      1993      1.197e-02      
      1994      6.984e-03      
      1995      3.298e-03      
      1996      1.257e-03      
      1997      3.860e-04      
      2096      1.916e-03      
      2097      3.762e-03      
      2098      5.840e-03      
      2099      7.212e-03      
      2101      5.724e-03      
      2102      3.768e-03      
      2103      2.065e-03      
      2104      9.534e-04      
      2199      3.153e-03      
      2200      7.063e-03      
      2201      1.248e-02      
      2202      1.738e-02      
      2204      1.640e-02      
      2205      1.109e-02      
      2206      5.888e-03      
      2207      2.453e-03      
      2407      4.667e-03      
      2408      7.772e-03      
      2409      1.065e-02      
      2411      1.304e-02      
      2412      1.370e-02      
      2413      1.527e-02      
      2414      1.728e-02      
      2416      1.717e-02      
      2417      1.415e-02      
      2418      1.018e-02      
      2419      6.338e-03      
      2420      3.357e-03      
      2421      1.482e-03      
      2422      5.358e-04      
      2570      3.019e-03      
      2571      4.243e-03      
      2574      3.019e-03      
      2575      1.711e-03      
      2949      3.187e-03      
      2950      4.703e-03      
      2953      3.465e-03      
      2954      1.921e-03      
      3139      3.650e-03      
      3140      5.988e-03      
      3141      8.715e-03      
      3142      1.204e-02      
      3143      1.605e-02      
      3144      1.960e-02      
      3146      1.824e-02      
      3147      1.387e-02      
      3148      1.002e-02      
      3149      7.809e-03      
      3150      6.546e-03      
      3151      5.148e-03      
      3152      3.400e-03      
      3153      1.795e-03      
      3154      7.440e-04      
      3342      1.726e-03      
      3343      6.128e-03      
      3344      1.796e-02      
      3345      4.307e-02      
      3346      8.378e-02      
      3347      1.315e-01      
      3348      1.660e-01      
      3349      1.686e-01      
      3350      1.380e-01      
      3351      9.131e-02      
      3352      4.910e-02      
      3353      2.159e-02      
      3354      7.818e-03      
      3355      2.349e-03      
      3393      2.078e-03      
      3394      5.109e-03      
      3395      9.939e-03      
      3396      1.532e-02      
      3397      1.873e-02      
      3398      1.823e-02      
      3399      1.414e-02      
      3400      8.765e-03      
      3401      4.351e-03      
      3402      1.733e-03      
      3547      1.947e-03      
      3548      6.152e-03      
      3549      1.528e-02      
      3550      3.002e-02      
      3551      4.720e-02      
      3552      6.090e-02      
      3553      6.786e-02      
      3554      7.116e-02      
      3555      7.671e-02      
      3556      8.634e-02      
      3557      9.558e-02      
      3558      9.737e-02      
      3559      8.768e-02      
      3560      6.854e-02      
      3561      4.642e-02      
      3562      2.771e-02      
      3563      1.523e-02      
      3564      8.317e-03      
      3565      4.976e-03      
      3593      2.802e-03      
      3594      2.198e-03
3624   2.198e-03