0      0.0      
      1      0.000e+00      
      367      3.230e-03      
      368      8.045e-03      
      369      1.580e-02      
      370      2.465e-02      
      371      3.093e-02      
      373      2.847e-02      
      374      2.323e-02      
      375      1.830e-02      
      376      1.399e-02      
      377      1.010e-02      
      378      6.812e-03      
      380      2.937e-03      
      381      2.078e-03      
      410      2.316e-03      
      411      6.245e-03      
      412      1.344e-02      
      413      2.319e-02      
      414      3.226e-02      
      415      3.646e-02      
      416      3.400e-02      
      417      2.709e-02      
      418      1.998e-02      
      419      1.569e-02      
      422      1.877e-02      
      423      2.706e-02      
      424      4.272e-02      
      425      6.380e-02      
      426      8.271e-02      
      427      9.066e-02      
      428      8.417e-02      
      429      6.715e-02      
      430      4.713e-02      
      431      3.012e-02      
      432      1.834e-02      
      433      1.119e-02      
      434      7.136e-03      
      435      4.871e-03      
      445      7.109e-04      
      446      5.997e-04      
      850      4.269e-03      
      851      6.270e-03      
      855      2.820e-03      
      856      1.485e-03      
      1067      4.927e-03      
      1068      1.395e-02      
      1069      3.137e-02      
      1070      5.602e-02      
      1071      7.957e-02      
      1072      9.017e-02      
      1073      8.197e-02      
      1074      6.046e-02      
      1075      3.702e-02      
      1076      1.967e-02      
      1077      9.842e-03      
      1078      5.175e-03      
      1083      1.030e-03      
      1084      8.572e-04      
      1205      2.174e-03      
      1206      7.436e-03      
      1207      2.045e-02      
      1208      4.571e-02      
      1209      8.418e-02      
      1210      1.299e-01      
      1211      1.711e-01      
      1212      1.964e-01      
      1213      1.999e-01      
      1214      1.834e-01      
      1215      1.537e-01      
      1216      1.196e-01      
      1217      8.794e-02      
      1218      6.278e-02      
      1219      4.488e-02      
      1220      3.289e-02      
      1221      2.476e-02      
      1222      1.874e-02      
      1223      1.392e-02      
      1224      1.002e-02      
      1225      7.018e-03      
      1227      3.174e-03      
      1228      2.056e-03      
      1987      5.307e-03      
      1988      1.094e-02      
      1989      1.857e-02      
      1990      2.616e-02      
      1991      3.090e-02      
      1993      2.728e-02      
      1994      2.152e-02      
      1995      1.590e-02      
      1996      1.146e-02      
      1997      8.212e-03      
      1998      5.827e-03      
      2002      1.693e-03      
      2003      1.407e-03      
      2095      3.617e-03      
      2096      9.197e-03      
      2097      1.849e-02      
      2098      2.953e-02      
      2099      3.769e-02      
      2100      3.880e-02      
      2101      3.272e-02      
      2102      2.316e-02      
      2103      1.434e-02      
      2104      8.267e-03      
      2105      4.825e-03      
      2106      3.071e-03      
      2196      5.374e-03      
      2197      1.184e-02      
      2198      2.375e-02      
      2199      4.400e-02      
      2200      7.411e-02      
      2201      1.097e-01      
      2202      1.386e-01      
      2203      1.468e-01      
      2204      1.299e-01      
      2205      9.680e-02      
      2206      6.227e-02      
      2207      3.611e-02      
      2208      2.014e-02      
      2209      1.161e-02      
      2210      7.296e-03      
      2212      3.795e-03      
      2213      2.996e-03      
      2405      4.486e-03      
      2406      9.457e-03      
      2407      1.932e-02      
      2408      3.348e-02      
      2409      4.810e-02      
      2410      5.834e-02      
      2411      6.303e-02      
      2412      6.645e-02      
      2413      7.375e-02      
      2414      8.501e-02      
      2415      9.497e-02      
      2417      9.193e-02      
      2418      7.856e-02      
      2419      6.123e-02      
      2420      4.368e-02      
      2421      2.887e-02      
      2422      1.814e-02      
      2423      1.124e-02      
      2424      7.091e-03      
      2425      4.667e-03      
      2437      5.113e-04      
      2438      4.599e-04      
      2567      3.693e-03      
      2568      8.410e-03      
      2569      1.547e-02      
      2570      2.308e-02      
      2571      2.796e-02      
      2572      2.761e-02      
      2573      2.237e-02      
      2574      1.508e-02      
      2575      8.746e-03      
      2576      4.680e-03      
      2577      2.584e-03      
      2947      5.514e-03      
      2948      1.354e-02      
      2949      2.610e-02      
      2950      3.970e-02      
      2951      4.794e-02      
      2952      4.650e-02      
      2953      3.703e-02      
      2954      2.515e-02      
      2955      1.558e-02      
      2956      9.610e-03      
      2957      6.356e-03      
      2958      4.579e-03      
      2977      4.156e-04      
      2978      4.119e-04      
      3139      2.371e-03      
      3140      5.767e-03      
      3141      1.307e-02      
      3142      2.679e-02      
      3143      4.787e-02      
      3144      7.281e-02      
      3145      9.342e-02      
      3146      1.018e-01      
      3147      9.663e-02      
      3148      8.361e-02      
      3149      6.985e-02      
      3150      5.808e-02      
      3151      4.711e-02      
      3152      3.584e-02      
      3153      2.521e-02      
      3154      1.676e-02      
      3155      1.106e-02      
      3156      7.594e-03      
      3157      5.536e-03      
      3164      1.389e-03      
      3165      1.194e-03      
      3342      1.444e-03      
      3343      6.234e-03      
      3344      2.139e-02      
      3345      5.849e-02      
      3346      1.279e-01      
      3347      2.244e-01      
      3348      3.176e-01      
      3349      3.656e-01      
      3350      3.471e-01      
      3351      2.779e-01      
      3352      1.947e-01      
      3353      1.256e-01      
      3354      7.909e-02      
      3355      5.066e-02      
      3356      3.344e-02      
      3357      2.262e-02      
      3358      1.557e-02      
      3359      1.093e-02      
      3360      7.880e-03      
      3361      5.908e-03      
      3377      2.006e-03      
      3378      1.500e-03      
      3392      3.778e-03      
      3393      8.506e-03      
      3394      1.670e-02      
      3395      2.798e-02      
      3396      3.964e-02      
      3397      4.732e-02      
      3398      4.761e-02      
      3399      4.064e-02      
      3400      2.992e-02      
      3401      1.959e-02      
      3402      1.199e-02      
      3403      7.337e-03      
      3405      3.371e-03      
      3406      2.556e-03      
      3549      3.110e-03      
      3550      9.823e-03      
      3551      2.496e-02      
      3552      5.154e-02      
      3553      8.771e-02      
      3554      1.255e-01      
      3555      1.551e-01      
      3556      1.700e-01      
      3557      1.694e-01      
      3558      1.552e-01      
      3559      1.305e-01      
      3560      1.003e-01      
      3561      7.061e-02      
      3562      4.653e-02      
      3563      2.986e-02      
      3564      1.951e-02      
      3565      1.326e-02      
      3566      9.260e-03      
      3567      6.453e-03      
      3569      2.944e-03      
      3570      2.019e-03
3624   2.019e-03