0      0.0      
      1      0.000e+00      
      2      0.000e+00      
      367      2.966e-02      
      368      7.356e-02      
      369      1.437e-01      
      370      2.222e-01      
      371      2.749e-01      
      373      2.382e-01      
      374      1.840e-01      
      375      1.358e-01      
      376      9.763e-02      
      377      6.731e-02      
      378      4.465e-02      
      394      9.018e-02      
      395      9.843e-02      
      411      1.443e-01      
      412      1.601e-01      
      413      1.884e-01      
      414      2.227e-01      
      422      2.514e-01      
      423      3.211e-01      
      424      4.313e-01      
      425      5.609e-01      
      426      6.615e-01      
      428      6.340e-01      
      429      5.334e-01      
      430      4.315e-01      
      431      3.574e-01      
      432      3.166e-01      
      433      3.002e-01      
      446      2.528e-01      
      447      2.460e-01      
      458      1.980e-01      
      459      1.943e-01      
      466      1.455e-01      
      467      1.329e-01      
      482      8.727e-02      
      483      7.734e-02      
      500      2.819e-02      
      501      2.706e-02      
      1069      6.559e-02      
      1070      1.194e-01      
      1071      1.718e-01      
      1074      1.273e-01      
      1075      7.390e-02      
      1076      3.531e-02      
      1077      1.446e-02      
      1207      5.559e-02      
      1208      1.190e-01      
      1209      2.066e-01      
      1210      2.945e-01      
      1211      3.502e-01      
      1213      3.094e-01      
      1214      2.385e-01      
      1215      1.643e-01      
      1216      1.024e-01      
      1217      5.911e-02      
      1218      3.459e-02      
      1223      7.583e-02      
      1224      9.134e-02      
      1227      1.367e-01      
      1228      1.527e-01      
      1232      1.992e-01      
      1233      2.092e-01      
      1237      2.589e-01      
      1238      2.629e-01      
      1244      2.173e-01      
      1245      2.031e-01      
      1264      1.562e-01      
      1265      1.504e-01      
      1294      1.018e-01      
      1295      9.840e-02      
      1306      4.847e-02      
      1307      4.506e-02      
      2098      8.803e-02      
      2099      1.243e-01      
      2102      1.057e-01      
      2103      7.159e-02      
      2105      2.287e-02      
      2106      1.112e-02      
      2196      5.201e-02      
      2197      1.126e-01      
      2198      2.084e-01      
      2199      3.401e-01      
      2200      4.973e-01      
      2201      6.459e-01      
      2202      7.270e-01      
      2203      6.915e-01      
      2204      5.474e-01      
      2205      3.606e-01      
      2206      2.023e-01      
      2207      1.045e-01      
      2208      5.944e-02      
      2209      4.593e-02      
      2214      9.503e-02      
      2215      1.093e-01      
      2219      1.560e-01      
      2220      1.624e-01      
      2243      1.172e-01      
      2244      1.094e-01      
      2256      5.994e-02      
      2257      5.404e-02      
      2361      4.484e-03      
      2362      3.879e-03      
      2406      5.137e-02      
      2407      9.374e-02      
      2408      1.546e-01      
      2409      2.190e-01      
      2410      2.668e-01      
      2411      2.878e-01      
      2416      2.511e-01      
      2417      2.082e-01      
      2418      1.599e-01      
      2419      1.153e-01      
      2420      8.030e-02      
      2421      5.717e-02      
      2430      1.039e-01      
      2431      1.149e-01      
      2484      7.068e-02      
      2485      6.431e-02      
      2569      1.057e-01      
      2570      1.474e-01      
      2574      1.056e-01      
      2575      7.385e-02      
      2601      2.701e-02      
      2602      2.299e-02      
      3344      4.544e-02      
      3345      1.210e-01      
      3346      2.555e-01      
      3347      4.282e-01      
      3348      5.704e-01      
      3349      6.048e-01      
      3350      5.116e-01      
      3351      3.469e-01      
      3352      1.902e-01      
      3353      8.604e-02      
      3354      3.346e-02      
      3368      6.257e-02      
      3369      1.105e-01      
      3370      1.770e-01      
      3371      2.442e-01      
      3374      2.320e-01      
      3375      1.786e-01      
      3376      1.376e-01      
      3377      1.146e-01      
      3392      1.549e-01      
      3393      1.956e-01      
      3394      2.676e-01      
      3395      3.615e-01      
      3396      4.461e-01      
      3398      4.523e-01      
      3399      3.725e-01      
      3400      2.814e-01      
      3401      2.097e-01      
      3402      1.662e-01      
      3403      1.445e-01      
      3414      1.911e-01      
      3415      2.055e-01      
      3418      2.423e-01      
      3419      2.621e-01      
      3434      2.409e-01      
      3435      2.063e-01      
      3437      1.650e-01      
      3438      1.548e-01      
      3449      1.073e-01      
      3450      9.708e-02      
      3462      4.752e-02      
      3463      4.631e-02      
      3549      6.311e-02      
      3550      1.231e-01      
      3551      2.255e-01      
      3552      3.585e-01      
      3553      4.804e-01      
      3554      5.402e-01      
      3555      5.170e-01      
      3556      4.355e-01      
      3557      3.421e-01      
      3558      2.688e-01      
      3559      2.220e-01      
      3560      1.954e-01      
      3564      2.248e-01      
      3565      2.641e-01      
      3566      3.100e-01      
      3567      3.539e-01      
      3568      3.877e-01      
      3569      4.068e-01      
      3574      3.610e-01      
      3575      3.445e-01      
      3577      3.081e-01      
      3578      2.892e-01      
      3581      2.431e-01      
      3582      2.323e-01      
      3592      1.847e-01      
      3593      1.733e-01      
      3612      1.288e-01      
      3613      1.169e-01      
      3616      7.142e-02      
      3617      5.550e-02
3624   5.550e-02