0      0.0      
      1      0.000e+00      
      2      0.000e+00      
      366      8.313e-03      
      367      1.244e-02      
      368      2.039e-02      
      369      3.224e-02      
      370      4.513e-02      
      371      5.437e-02      
      377      5.976e-02      
      378      6.438e-02      
      379      7.080e-02      
      380      8.014e-02      
      381      9.353e-02      
      382      1.111e-01      
      383      1.312e-01      
      384      1.505e-01      
      385      1.654e-01      
      386      1.740e-01      
      388      1.709e-01      
      389      1.604e-01      
      390      1.455e-01      
      391      1.287e-01      
      392      1.123e-01      
      393      9.829e-02      
      394      8.735e-02      
      395      7.971e-02      
      396      7.555e-02      
      400      8.336e-02      
      401      8.411e-02      
      403      7.845e-02      
      404      7.428e-02      
      409      7.937e-02      
      410      8.871e-02      
      411      1.044e-01      
      412      1.279e-01      
      413      1.576e-01      
      414      1.872e-01      
      415      2.087e-01      
      416      2.182e-01      
      419      2.212e-01      
      420      2.306e-01      
      421      2.448e-01      
      422      2.631e-01      
      423      2.878e-01      
      424      3.205e-01      
      425      3.573e-01      
      426      3.883e-01      
      427      4.032e-01      
      428      3.987e-01      
      429      3.797e-01      
      430      3.541e-01      
      431      3.277e-01      
      432      3.027e-01      
      433      2.798e-01      
      434      2.591e-01      
      435      2.399e-01      
      436      2.207e-01      
      437      2.006e-01      
      438      1.800e-01      
      439      1.607e-01      
      440      1.445e-01      
      441      1.318e-01      
      442      1.217e-01      
      443      1.126e-01      
      444      1.042e-01      
      445      9.690e-02      
      446      9.153e-02      
      449      8.362e-02      
      450      7.963e-02      
      451      7.421e-02      
      452      6.830e-02      
      453      6.295e-02      
      454      5.878e-02      
      463      5.191e-02      
      464      5.035e-02      
      469      4.263e-02      
      470      4.193e-02      
      500      3.477e-02      
      501      3.328e-02      
      514      2.541e-02      
      515      2.438e-02      
      524      1.675e-02      
      525      1.587e-02      
      572      7.645e-03      
      573      7.000e-03      
      1068      1.226e-02      
      1069      2.640e-02      
      1070      4.647e-02      
      1071      6.595e-02      
      1072      7.536e-02      
      1073      6.966e-02      
      1074      5.263e-02      
      1075      3.319e-02      
      1076      1.816e-02      
      1077      9.278e-03      
      1099      1.065e-03      
      1100      9.317e-04      
      1206      6.185e-03      
      1207      1.661e-02      
      1208      3.601e-02      
      1209      6.385e-02      
      1210      9.402e-02      
      1211      1.174e-01      
      1212      1.280e-01      
      1213      1.261e-01      
      1214      1.181e-01      
      1216      1.146e-01      
      1217      1.294e-01      
      1218      1.561e-01      
      1219      1.917e-01      
      1220      2.313e-01      
      1221      2.681e-01      
      1222      2.936e-01      
      1223      3.002e-01      
      1224      2.839e-01      
      1225      2.477e-01      
      1226      2.004e-01      
      1227      1.530e-01      
      1228      1.139e-01      
      1229      8.614e-02      
      1230      6.885e-02      
      1231      5.940e-02      
      1236      6.587e-02      
      1237      7.011e-02      
      1239      7.676e-02      
      1240      7.887e-02      
      1245      8.508e-02      
      1246      8.763e-02      
      1248      9.564e-02      
      1249      1.006e-01      
      1251      1.087e-01      
      1252      1.112e-01      
      1255      1.187e-01      
      1256      1.225e-01      
      1264      1.168e-01      
      1265      1.109e-01      
      1266      1.047e-01      
      1267      9.833e-02      
      1268      9.216e-02      
      1269      8.635e-02      
      1270      8.123e-02      
      1271      7.723e-02      
      1291      6.962e-02      
      1292      6.463e-02      
      1293      5.933e-02      
      1294      5.398e-02      
      1295      4.889e-02      
      1296      4.435e-02      
      1298      3.724e-02      
      1299      3.457e-02      
      1304      2.648e-02      
      1305      2.541e-02      
      1322      1.712e-02      
      1323      1.553e-02      
      1388      7.335e-03      
      1389      6.066e-03      
      1987      1.364e-02      
      1988      2.323e-02      
      1989      3.330e-02      
      1990      4.072e-02      
      1991      4.274e-02      
      1992      3.856e-02      
      1993      2.992e-02      
      1994      2.015e-02      
      1995      1.213e-02      
      1996      6.903e-03      
      2096      8.167e-03      
      2097      1.655e-02      
      2098      2.698e-02      
      2099      3.566e-02      
      2101      3.483e-02      
      2102      2.662e-02      
      2103      1.769e-02      
      2104      1.060e-02      
      2105      6.120e-03      
      2198      1.295e-02      
      2199      2.311e-02      
      2200      3.611e-02      
      2201      4.922e-02      
      2202      5.778e-02      
      2204      5.008e-02      
      2205      3.926e-02      
      2206      3.140e-02      
      2207      2.949e-02      
      2208      3.295e-02      
      2209      3.922e-02      
      2210      4.555e-02      
      2211      5.005e-02      
      2215      4.194e-02      
      2216      3.548e-02      
      2217      2.881e-02      
      2218      2.270e-02      
      2219      1.765e-02      
      2220      1.387e-02      
      2227      5.576e-03      
      2228      4.849e-03      
      2406      8.935e-03      
      2407      1.780e-02      
      2408      2.949e-02      
      2409      4.057e-02      
      2410      4.768e-02      
      2411      5.085e-02      
      2412      5.372e-02      
      2413      5.979e-02      
      2414      6.900e-02      
      2415      7.831e-02      
      2416      8.501e-02      
      2417      8.869e-02      
      2419      9.439e-02      
      2420      1.009e-01      
      2421      1.111e-01      
      2422      1.237e-01      
      2423      1.358e-01      
      2424      1.441e-01      
      2426      1.414e-01      
      2427      1.302e-01      
      2428      1.146e-01      
      2429      9.703e-02      
      2430      7.986e-02      
      2431      6.494e-02      
      2432      5.341e-02      
      2433      4.538e-02      
      2434      4.023e-02      
      2447      4.667e-02      
      2448      4.912e-02      
      2451      5.598e-02      
      2452      5.823e-02      
      2456      6.611e-02      
      2457      6.712e-02      
      2472      5.901e-02      
      2473      5.646e-02      
      2475      5.082e-02      
      2476      4.796e-02      
      2480      3.976e-02      
      2481      3.860e-02      
      2487      3.237e-02      
      2488      3.017e-02      
      2491      2.186e-02      
      2492      1.954e-02      
      2524      1.138e-02      
      2525      1.053e-02      
      2569      1.788e-02      
      2570      2.575e-02      
      2571      3.293e-02      
      2572      3.648e-02      
      2574      3.054e-02      
      2575      2.567e-02      
      2580      3.206e-02      
      2581      3.419e-02      
      2591      2.683e-02      
      2592      2.530e-02      
      2605      1.705e-02      
      2606      1.685e-02      
      2636      9.266e-03      
      2637      8.497e-03      
      2692      1.869e-04      
      2693      8.603e-05      
      2948      7.316e-03      
      2949      1.344e-02      
      2950      2.020e-02      
      2951      2.450e-02      
      2953      1.950e-02      
      2954      1.341e-02      
      2955      8.234e-03      
      2956      4.834e-03      
      3142      1.116e-02      
      3143      1.885e-02      
      3144      2.653e-02      
      3145      3.085e-02      
      3147      2.521e-02      
      3148      1.978e-02      
      3150      1.301e-02      
      3151      1.052e-02      
      3155      2.424e-03      
      3156      1.729e-03      
      3343      4.173e-03      
      3344      1.293e-02      
      3345      3.222e-02      
      3346      6.440e-02      
      3347      1.031e-01      
      3348      1.325e-01      
      3349      1.371e-01      
      3350      1.150e-01      
      3351      7.922e-02      
      3352      4.592e-02      
      3353      2.376e-02      
      3354      1.274e-02      
      3359      2.097e-02      
      3360      2.436e-02      
      3366      1.735e-02      
      3367      1.376e-02      
      3373      2.038e-02      
      3374      2.334e-02      
      3380      1.873e-02      
      3381      1.380e-02      
      3383      6.278e-03      
      3384      4.322e-03      
      3392      1.035e-02      
      3393      1.675e-02      
      3394      2.902e-02      
      3395      4.710e-02      
      3396      6.840e-02      
      3397      8.879e-02      
      3398      1.052e-01      
      3399      1.172e-01      
      3400      1.262e-01      
      3401      1.325e-01      
      3402      1.351e-01      
      3404      1.278e-01      
      3405      1.203e-01      
      3406      1.120e-01      
      3407      1.034e-01      
      3408      9.405e-02      
      3409      8.399e-02      
      3410      7.389e-02      
      3411      6.483e-02      
      3412      5.774e-02      
      3413      5.291e-02      
      3420      5.895e-02      
      3421      6.249e-02      
      3433      7.069e-02      
      3434      7.237e-02      
      3435      7.717e-02      
      3436      8.485e-02      
      3437      9.340e-02      
      3438      1.005e-01      
      3439      1.048e-01      
      3443      9.825e-02      
      3444      9.302e-02      
      3445      8.735e-02      
      3446      8.151e-02      
      3447      7.537e-02      
      3448      6.879e-02      
      3449      6.203e-02      
      3450      5.570e-02      
      3451      5.040e-02      
      3452      4.647e-02      
      3463      5.456e-02      
      3464      5.503e-02      
      3473      4.707e-02      
      3474      4.353e-02      
      3476      3.694e-02      
      3477      3.456e-02      
      3491      2.770e-02      
      3492      2.612e-02      
      3495      1.806e-02      
      3496      1.491e-02      
      3499      7.506e-03      
      3500      6.003e-03      
      3548      9.521e-03      
      3549      2.098e-02      
      3550      4.000e-02      
      3551      6.261e-02      
      3552      8.086e-02      
      3553      8.986e-02      
      3554      9.320e-02      
      3555      9.870e-02      
      3556      1.090e-01      
      3557      1.183e-01      
      3559      1.119e-01      
      3560      1.040e-01      
      3561      1.053e-01      
      3562      1.203e-01      
      3563      1.450e-01      
      3564      1.707e-01      
      3565      1.887e-01      
      3567      1.868e-01      
      3568      1.688e-01      
      3569      1.441e-01      
      3570      1.168e-01      
      3571      9.094e-02      
      3572      6.964e-02      
      3573      5.412e-02      
      3574      4.399e-02      
      3575      3.805e-02      
      3576      3.514e-02      
      3581      4.332e-02      
      3582      4.630e-02      
      3585      5.376e-02      
      3586      5.533e-02      
      3611      4.702e-02      
      3612      4.517e-02      
      3615      3.804e-02      
      3616      3.505e-02      
      3618      2.817e-02      
      3619      2.450e-02      
      3621      1.757e-02      
      3622      1.482e-02
3624   1.482e-02