0      0.0      
      1      0.000e+00      
      35      1.940e-02      
      36      3.717e-02      
      43      8.086e-03      
      44      3.168e-03      
      367      2.307e-02      
      368      5.681e-02      
      369      1.099e-01      
      370      1.677e-01      
      371      2.039e-01      
      372      2.014e-01      
      373      1.680e-01      
      374      1.258e-01      
      375      8.956e-02      
      376      6.094e-02      
      377      3.780e-02      
      379      9.526e-03      
      380      4.370e-03      
      397      3.365e-02      
      398      3.930e-02      
      413      6.354e-02      
      414      8.903e-02      
      422      9.955e-02      
      423      1.376e-01      
      424      1.987e-01      
      425      2.710e-01      
      426      3.255e-01      
      428      2.992e-01      
      429      2.359e-01      
      430      1.731e-01      
      431      1.279e-01      
      444      9.936e-02      
      445      9.008e-02      
      450      5.714e-02      
      451      5.019e-02      
      457      1.699e-02      
      458      1.559e-02      
      1068      3.145e-02      
      1069      7.370e-02      
      1070      1.361e-01      
      1071      1.983e-01      
      1073      2.065e-01      
      1074      1.483e-01      
      1075      8.470e-02      
      1076      3.876e-02      
      1077      1.441e-02      
      1078      4.455e-03      
      1206      1.835e-02      
      1207      5.089e-02      
      1208      1.135e-01      
      1209      2.054e-01      
      1210      3.045e-01      
      1211      3.754e-01      
      1213      3.536e-01      
      1214      2.818e-01      
      1215      2.018e-01      
      1216      1.320e-01      
      1217      8.046e-02      
      1218      4.795e-02      
      1219      3.094e-02      
      1989      5.126e-02      
      1990      7.503e-02      
      1994      4.773e-02      
      1995      3.345e-02      
      2003      3.274e-04      
      2004      7.912e-05      
      2097      2.872e-02      
      2098      5.524e-02      
      2099      8.438e-02      
      2100      1.029e-01      
      2102      8.064e-02      
      2103      5.329e-02      
      2104      2.975e-02      
      2105      1.436e-02      
      2196      3.079e-02      
      2197      7.220e-02      
      2198      1.506e-01      
      2199      2.849e-01      
      2200      4.825e-01      
      2201      7.065e-01      
      2202      8.653e-01      
      2203      8.660e-01      
      2204      6.991e-01      
      2205      4.525e-01      
      2206      2.350e-01      
      2207      9.936e-02      
      2208      3.714e-02      
      2250      4.944e-03      
      2251      2.731e-03      
      2406      3.051e-02      
      2407      6.275e-02      
      2408      1.088e-01      
      2409      1.570e-01      
      2410      1.898e-01      
      2411      1.985e-01      
      2415      1.734e-01      
      2416      1.573e-01      
      2417      1.295e-01      
      2418      9.572e-02      
      2419      6.302e-02      
      2420      3.652e-02      
      2462      4.304e-03      
      2463      2.884e-03      
      2567      2.071e-02      
      2568      4.876e-02      
      2569      9.202e-02      
      2570      1.393e-01      
      2573      1.295e-01      
      2574      8.186e-02      
      2575      4.183e-02      
      2576      1.740e-02      
      2577      5.959e-03      
      3142      2.618e-02      
      3143      5.276e-02      
      3144      8.720e-02      
      3145      1.181e-01      
      3146      1.319e-01      
      3148      1.049e-01      
      3149      8.469e-02      
      3150      6.759e-02      
      3151      5.094e-02      
      3153      1.874e-02      
      3154      8.599e-03      
      3343      1.427e-02      
      3344      5.071e-02      
      3345      1.427e-01      
      3346      3.179e-01      
      3347      5.599e-01      
      3348      7.795e-01      
      3349      8.573e-01      
      3350      7.447e-01      
      3351      5.113e-01      
      3352      2.779e-01      
      3353      1.201e-01      
      3354      4.154e-02      
      3355      1.168e-02      
      3356      2.732e-03      
      3371      3.490e-02      
      3372      3.861e-02      
      3380      7.438e-03      
      3381      5.144e-03      
      3392      1.947e-02      
      3393      4.238e-02      
      3394      8.819e-02      
      3395      1.562e-01      
      3396      2.276e-01      
      3397      2.702e-01      
      3398      2.614e-01      
      3399      2.071e-01      
      3400      1.361e-01      
      3401      7.645e-02      
      3402      3.947e-02      
      3418      7.114e-02      
      3419      8.505e-02      
      3424      6.132e-02      
      3425      4.725e-02      
      3428      6.470e-02      
      3429      9.946e-02      
      3430      1.398e-01      
      3433      1.407e-01      
      3434      1.016e-01      
      3435      6.478e-02      
      3436      3.825e-02      
      3437      2.262e-02      
      3549      5.492e-02      
      3550      1.450e-01      
      3551      3.083e-01      
      3552      5.291e-01      
      3553      7.359e-01      
      3554      8.375e-01      
      3555      7.957e-01      
      3556      6.553e-01      
      3557      4.952e-01      
      3558      3.629e-01      
      3559      2.624e-01      
      3560      1.835e-01      
      3561      1.242e-01      
      3562      8.762e-02      
      3595      5.688e-02      
      3596      5.381e-02      
      3617      2.216e-02      
      3618      1.741e-02
3624   1.741e-02