0      0.0      
      1      0.000e+00      
      368      3.767e-03      
      369      7.429e-03      
      370      1.167e-02      
      371      1.483e-02      
      376      8.840e-03      
      377      7.085e-03      
      385      1.415e-02      
      386      1.441e-02      
      422      1.666e-02      
      423      2.381e-02      
      424      3.557e-02      
      425      4.951e-02      
      426      6.010e-02      
      428      5.588e-02      
      429      4.446e-02      
      430      3.309e-02      
      431      2.467e-02      
      432      1.968e-02      
      433      1.736e-02      
      475      1.076e-02      
      476      9.519e-03      
      482      2.465e-03      
      483      2.171e-03      
      1068      8.074e-03      
      1069      1.930e-02      
      1070      3.616e-02      
      1071      5.310e-02      
      1072      6.121e-02      
      1073      5.555e-02      
      1074      3.988e-02      
      1075      2.288e-02      
      1076      1.071e-02      
      1077      4.270e-03      
      1078      1.573e-03      
      1207      7.834e-03      
      1208      1.820e-02      
      1209      3.433e-02      
      1210      5.308e-02      
      1211      6.805e-02      
      1213      6.779e-02      
      1214      5.482e-02      
      1215      4.015e-02      
      1216      2.833e-02      
      1217      2.137e-02      
      1218      1.887e-02      
      1227      1.312e-02      
      1228      1.103e-02      
      1233      4.197e-03      
      1234      2.770e-03      
      1257      9.707e-03      
      1258      9.976e-03      
      1306      3.096e-03      
      1307      2.775e-03      
      1988      6.878e-03      
      1989      1.265e-02      
      1990      1.840e-02      
      1991      2.128e-02      
      1993      1.470e-02      
      1994      9.030e-03      
      1996      2.098e-03      
      1997      8.502e-04      
      2098      7.845e-03      
      2099      1.115e-02      
      2104      4.017e-03      
      2105      2.048e-03      
      2197      3.730e-03      
      2198      9.504e-03      
      2199      2.234e-02      
      2200      4.576e-02      
      2201      7.795e-02      
      2202      1.075e-01      
      2203      1.188e-01      
      2204      1.057e-01      
      2205      7.768e-02      
      2206      5.058e-02      
      2207      3.317e-02      
      2208      2.465e-02      
      2210      1.807e-02      
      2211      1.617e-02      
      2217      1.060e-02      
      2218      8.837e-03      
      2221      2.786e-03      
      2222      1.661e-03      
      2406      5.929e-03      
      2407      1.137e-02      
      2408      1.933e-02      
      2409      2.750e-02      
      2416      2.181e-02      
      2417      1.904e-02      
      2427      1.273e-02      
      2428      1.150e-02      
      2435      4.826e-03      
      2436      3.739e-03      
      2569      7.641e-03      
      2570      1.245e-02      
      2575      5.394e-03      
      2576      2.527e-03      
      3142      5.590e-03      
      3143      1.044e-02      
      3144      1.579e-02      
      3145      1.944e-02      
      3149      1.236e-02      
      3150      1.065e-02      
      3152      5.807e-03      
      3153      3.306e-03      
      3343      7.023e-03      
      3344      2.321e-02      
      3345      6.057e-02      
      3346      1.251e-01      
      3347      2.049e-01      
      3348      2.663e-01      
      3349      2.752e-01      
      3350      2.266e-01      
      3351      1.491e-01      
      3352      7.947e-02      
      3353      3.606e-02      
      3354      1.684e-02      
      3362      1.116e-02      
      3363      9.667e-03      
      3367      3.172e-03      
      3368      2.337e-03      
      3393      5.527e-03      
      3394      1.294e-02      
      3395      2.430e-02      
      3396      3.679e-02      
      3397      4.531e-02      
      3399      3.985e-02      
      3400      3.057e-02      
      3401      2.220e-02      
      3402      1.657e-02      
      3403      1.361e-02      
      3416      6.527e-03      
      3417      5.793e-03      
      3428      7.725e-03      
      3429      1.457e-02      
      3430      2.211e-02      
      3451      1.569e-02      
      3452      1.412e-02      
      3476      7.472e-03      
      3477      6.823e-03      
      3548      5.859e-03      
      3549      1.737e-02      
      3550      4.137e-02      
      3551      7.949e-02      
      3552      1.243e-01      
      3553      1.606e-01      
      3554      1.764e-01      
      3555      1.726e-01      
      3556      1.594e-01      
      3557      1.449e-01      
      3558      1.287e-01      
      3559      1.071e-01      
      3560      8.104e-02      
      3561      5.693e-02      
      3562      4.045e-02      
      3563      3.240e-02      
      3568      2.608e-02      
      3569      2.350e-02      
      3572      1.704e-02      
      3573      1.576e-02
3624   1.576e-02