0      0.0      
      1      0.000e+00      
      37      4.779e-02      
      38      6.238e-02      
      42      1.981e-02      
      43      8.602e-03      
      367      4.551e-02      
      368      1.125e-01      
      369      2.196e-01      
      370      3.425e-01      
      371      4.354e-01      
      375      3.893e-01      
      376      3.398e-01      
      377      2.746e-01      
      378      2.047e-01      
      379      1.430e-01      
      380      9.522e-02      
      381      6.182e-02      
      402      1.194e-02      
      403      1.108e-02      
      410      3.997e-02      
      411      8.523e-02      
      412      1.632e-01      
      413      2.644e-01      
      414      3.610e-01      
      415      4.183e-01      
      417      3.688e-01      
      418      3.044e-01      
      419      2.547e-01      
      420      2.339e-01      
      421      2.447e-01      
      422      2.964e-01      
      423      4.103e-01      
      424      5.974e-01      
      425      8.257e-01      
      426      1.017e+00      
      427      1.092e+00      
      428      1.021e+00      
      429      8.432e-01      
      430      6.281e-01      
      431      4.323e-01      
      432      2.806e-01      
      433      1.742e-01      
      434      1.036e-01      
      435      5.861e-02      
      436      3.087e-02      
      1067      6.327e-02      
      1068      1.718e-01      
      1069      3.796e-01      
      1070      6.781e-01      
      1071      9.773e-01      
      1072      1.141e+00      
      1073      1.090e+00      
      1074      8.688e-01      
      1075      5.943e-01      
      1076      3.620e-01      
      1077      2.033e-01      
      1078      1.070e-01      
      1079      5.220e-02      
      1082      2.862e-03      
      1083      7.705e-04      
      1206      3.470e-02      
      1207      1.023e-01      
      1208      2.481e-01      
      1209      5.015e-01      
      1210      8.591e-01      
      1211      1.269e+00      
      1212      1.642e+00      
      1213      1.892e+00      
      1214      1.964e+00      
      1215      1.860e+00      
      1216      1.628e+00      
      1217      1.340e+00      
      1218      1.054e+00      
      1219      8.039e-01      
      1220      5.996e-01      
      1221      4.370e-01      
      1222      3.088e-01      
      1223      2.091e-01      
      1224      1.337e-01      
      1225      7.914e-02      
      1226      4.235e-02      
      1227      1.992e-02      
      1986      2.769e-02      
      1987      7.278e-02      
      1988      1.602e-01      
      1989      2.951e-01      
      1990      4.536e-01      
      1991      5.811e-01      
      1993      5.598e-01      
      1994      4.303e-01      
      1995      2.885e-01      
      1996      1.729e-01      
      1997      9.440e-02      
      1998      4.712e-02      
      1999      2.113e-02      
      2095      2.733e-02      
      2096      7.330e-02      
      2097      1.586e-01      
      2098      2.799e-01      
      2099      4.081e-01      
      2100      4.992e-01      
      2102      4.677e-01      
      2103      3.682e-01      
      2104      2.567e-01      
      2105      1.606e-01      
      2106      9.080e-02      
      2107      4.634e-02      
      2108      2.100e-02      
      2197      3.104e-02      
      2198      8.131e-02      
      2199      1.787e-01      
      2200      3.303e-01      
      2201      5.128e-01      
      2202      6.681e-01      
      2203      7.306e-01      
      2204      6.742e-01      
      2205      5.310e-01      
      2206      3.632e-01      
      2207      2.198e-01      
      2208      1.192e-01      
      2209      5.810e-02      
      2211      9.431e-03      
      2212      3.002e-03      
      2407      4.116e-02      
      2408      8.581e-02      
      2409      1.515e-01      
      2410      2.348e-01      
      2411      3.342e-01      
      2412      4.521e-01      
      2413      5.860e-01      
      2414      7.165e-01      
      2415      8.116e-01      
      2417      8.004e-01      
      2418      6.934e-01      
      2419      5.474e-01      
      2420      3.940e-01      
      2421      2.599e-01      
      2422      1.582e-01      
      2423      8.880e-02      
      2424      4.548e-02      
      2425      2.075e-02      
      3141      3.115e-02      
      3142      7.597e-02      
      3143      1.455e-01      
      3144      2.205e-01      
      3145      2.697e-01      
      3146      2.783e-01      
      3149      2.458e-01      
      3150      2.272e-01      
      3151      1.835e-01      
      3152      1.245e-01      
      3153      6.984e-02      
      3154      3.233e-02      
      3155      1.234e-02      
      3342      5.885e-02      
      3343      1.825e-01      
      3344      4.695e-01      
      3345      1.007e+00      
      3346      1.805e+00      
      3347      2.706e+00      
      3348      3.400e+00      
      3349      3.594e+00      
      3350      3.224e+00      
      3351      2.492e+00      
      3352      1.696e+00      
      3353      1.043e+00      
      3354      5.953e-01      
      3355      3.205e-01      
      3356      1.625e-01      
      3357      7.604e-02      
      3358      3.194e-02      
      3359      1.170e-02      
      3393      3.031e-02      
      3394      7.522e-02      
      3395      1.469e-01      
      3396      2.266e-01      
      3397      2.778e-01      
      3398      2.727e-01      
      3399      2.174e-01      
      3400      1.435e-01      
      3401      8.054e-02      
      3402      3.954e-02      
      3403      1.727e-02      
      3548      3.924e-02      
      3549      9.901e-02      
      3550      1.994e-01      
      3551      3.276e-01      
      3552      4.601e-01      
      3553      6.024e-01      
      3554      8.129e-01      
      3555      1.160e+00      
      3556      1.634e+00      
      3557      2.100e+00      
      3558      2.360e+00      
      3559      2.288e+00      
      3560      1.919e+00      
      3561      1.411e+00      
      3562      9.305e-01      
      3563      5.651e-01      
      3564      3.243e-01      
      3565      1.787e-01      
      3566      9.435e-02      
      3567      4.673e-02      
      3568      2.098e-02
3624   2.098e-02