0      0.0      
      1      0.000e+00      
      370      2.489e-02      
      371      3.924e-02      
      372      5.511e-02      
      373      7.015e-02      
      375      9.246e-02      
      376      9.897e-02      
      386      7.460e-02      
      387      7.080e-02      
      395      4.707e-02      
      396      4.473e-02      
      421      6.770e-02      
      422      7.291e-02      
      423      8.447e-02      
      424      1.062e-01      
      425      1.394e-01      
      426      1.799e-01      
      427      2.202e-01      
      428      2.527e-01      
      429      2.739e-01      
      430      2.839e-01      
      433      2.677e-01      
      434      2.539e-01      
      435      2.389e-01      
      436      2.238e-01      
      437      2.092e-01      
      438      1.956e-01      
      440      1.717e-01      
      441      1.615e-01      
      443      1.436e-01      
      444      1.358e-01      
      447      1.161e-01      
      448      1.107e-01      
      454      8.632e-02      
      455      8.326e-02      
      468      5.867e-02      
      469      5.706e-02      
      488      3.253e-02      
      489      3.176e-02      
      846      6.946e-03      
      847      6.528e-03      
      1069      2.429e-02      
      1070      5.188e-02      
      1071      9.559e-02      
      1072      1.510e-01      
      1073      2.074e-01      
      1074      2.531e-01      
      1075      2.815e-01      
      1079      2.655e-01      
      1080      2.483e-01      
      1081      2.307e-01      
      1082      2.134e-01      
      1083      1.972e-01      
      1084      1.820e-01      
      1085      1.682e-01      
      1086      1.556e-01      
      1088      1.340e-01      
      1089      1.247e-01      
      1092      1.011e-01      
      1093      9.452e-02      
      1098      6.970e-02      
      1099      6.583e-02      
      1108      4.103e-02      
      1109      3.910e-02      
      1127      1.424e-02      
      1128      1.350e-02      
      1208      2.237e-02      
      1209      4.702e-02      
      1210      8.898e-02      
      1211      1.506e-01      
      1212      2.292e-01      
      1213      3.166e-01      
      1214      4.008e-01      
      1215      4.701e-01      
      1216      5.167e-01      
      1220      4.948e-01      
      1221      4.607e-01      
      1222      4.239e-01      
      1223      3.870e-01      
      1224      3.518e-01      
      1225      3.191e-01      
      1226      2.895e-01      
      1227      2.630e-01      
      1228      2.393e-01      
      1229      2.182e-01      
      1230      1.995e-01      
      1231      1.829e-01      
      1232      1.681e-01      
      1233      1.549e-01      
      1235      1.325e-01      
      1236      1.230e-01      
      1239      9.976e-02      
      1240      9.357e-02      
      1245      6.920e-02      
      1246      6.539e-02      
      1256      4.040e-02      
      1257      3.867e-02      
      1457      1.400e-02      
      1458      1.350e-02      
      1991      3.368e-02      
      1992      4.309e-02      
      2021      1.821e-02      
      2022      1.707e-02      
      2102      4.148e-02      
      2103      4.436e-02      
      2125      1.958e-02      
      2126      1.851e-02      
      2201      3.323e-02      
      2202      5.249e-02      
      2203      7.196e-02      
      2204      8.769e-02      
      2219      6.613e-02      
      2220      6.263e-02      
      2230      3.781e-02      
      2231      3.593e-02      
      2251      1.100e-02      
      2252      1.047e-02      
      2410      2.690e-02      
      2411      3.806e-02      
      2412      5.148e-02      
      2413      6.710e-02      
      2414      8.426e-02      
      2415      1.015e-01      
      2416      1.170e-01      
      2417      1.290e-01      
      2425      1.082e-01      
      2426      1.022e-01      
      2430      8.077e-02      
      2431      7.633e-02      
      2438      5.261e-02      
      2439      5.006e-02      
      2452      2.526e-02      
      2453      2.390e-02      
      3145      4.086e-02      
      3146      5.333e-02      
      3149      7.660e-02      
      3150      8.050e-02      
      3162      5.604e-02      
      3163      5.310e-02      
      3175      2.851e-02      
      3176      2.676e-02      
      3344      2.173e-02      
      3345      5.725e-02      
      3346      1.303e-01      
      3347      2.508e-01      
      3348      4.116e-01      
      3349      5.858e-01      
      3350      7.389e-01      
      3351      8.442e-01      
      3352      8.921e-01      
      3353      8.884e-01      
      3354      8.479e-01      
      3355      7.861e-01      
      3356      7.154e-01      
      3357      6.439e-01      
      3358      5.760e-01      
      3359      5.137e-01      
      3360      4.577e-01      
      3361      4.081e-01      
      3362      3.646e-01      
      3363      3.267e-01      
      3364      2.937e-01      
      3365      2.651e-01      
      3366      2.401e-01      
      3367      2.182e-01      
      3368      1.990e-01      
      3369      1.821e-01      
      3370      1.672e-01      
      3371      1.541e-01      
      3373      1.322e-01      
      3374      1.230e-01      
      3377      1.003e-01      
      3378      9.400e-02      
      3382      7.322e-02      
      3383      6.890e-02      
      3391      4.532e-02      
      3392      4.370e-02      
      3396      6.825e-02      
      3397      8.341e-02      
      3399      1.060e-01      
      3400      1.104e-01      
      3408      8.559e-02      
      3409      8.113e-02      
      3415      5.863e-02      
      3416      5.563e-02      
      3436      3.149e-02      
      3437      3.051e-02      
      3550      3.611e-02      
      3551      6.061e-02      
      3552      1.010e-01      
      3553      1.609e-01      
      3554      2.430e-01      
      3555      3.488e-01      
      3556      4.755e-01      
      3557      6.130e-01      
      3558      7.440e-01      
      3559      8.478e-01      
      3560      9.084e-01      
      3562      8.943e-01      
      3563      8.406e-01      
      3564      7.733e-01      
      3565      7.017e-01      
      3566      6.316e-01      
      3567      5.659e-01      
      3568      5.060e-01      
      3569      4.524e-01      
      3570      4.050e-01      
      3571      3.634e-01      
      3572      3.274e-01      
      3573      2.961e-01      
      3574      2.690e-01      
      3575      2.453e-01      
      3576      2.244e-01      
      3577      2.060e-01      
      3578      1.897e-01      
      3579      1.751e-01      
      3580      1.622e-01      
      3582      1.405e-01      
      3583      1.315e-01      
      3586      1.095e-01      
      3587      1.036e-01      
      3592      8.139e-02      
      3593      7.819e-02      
      3604      5.360e-02      
      3605      5.225e-02
3624   5.225e-02