0      0.0      
      1      5.556e-04      
      368      5.502e-03      
      369      9.258e-03      
      375      4.369e-03      
      376      3.023e-03      
      385      7.680e-03      
      386      9.159e-03      
      407      1.471e-02      
      408      1.484e-02      
      411      1.815e-02      
      412      2.212e-02      
      413      2.666e-02      
      414      2.971e-02      
      416      2.672e-02      
      417      2.270e-02      
      423      2.757e-02      
      424      3.316e-02      
      425      3.870e-02      
      426      4.178e-02      
      428      3.628e-02      
      429      3.032e-02      
      430      2.505e-02      
      431      2.153e-02      
      445      1.625e-02      
      446      1.521e-02      
      452      9.945e-03      
      453      8.899e-03      
      516      3.890e-03      
      517      2.912e-03      
      1067      7.047e-03      
      1068      1.496e-02      
      1069      2.758e-02      
      1070      4.295e-02      
      1071      5.566e-02      
      1073      5.277e-02      
      1074      3.921e-02      
      1075      2.530e-02      
      1076      1.513e-02      
      1077      9.269e-03      
      1105      3.887e-03      
      1106      2.780e-03      
      1206      7.376e-03      
      1207      1.768e-02      
      1208      3.576e-02      
      1209      6.058e-02      
      1210      8.681e-02      
      1211      1.071e-01      
      1212      1.164e-01      
      1213      1.138e-01      
      1214      1.022e-01      
      1215      8.599e-02      
      1216      6.957e-02      
      1217      5.581e-02      
      1218      4.580e-02      
      1219      3.914e-02      
      1220      3.472e-02      
      1221      3.143e-02      
      1223      2.640e-02      
      1224      2.484e-02      
      1242      2.034e-02      
      1243      1.843e-02      
      1269      1.299e-02      
      1270      1.284e-02      
      1295      7.436e-03      
      1296      7.286e-03      
      1390      2.357e-03      
      1391      1.687e-03      
      1525      7.027e-03      
      1526      7.344e-03      
      1558      2.357e-03      
      1559      1.687e-03      
      1572      7.072e-03      
      1573      7.488e-03      
      1583      2.369e-03      
      1584      1.687e-03      
      1986      5.294e-03      
      1987      9.789e-03      
      1988      1.566e-02      
      1989      2.161e-02      
      1993      1.710e-02      
      1994      1.050e-02      
      1995      5.434e-03      
      1996      2.494e-03      
      2096      5.785e-03      
      2097      1.118e-02      
      2098      1.781e-02      
      2099      2.315e-02      
      2100      2.469e-02      
      2101      2.186e-02      
      2102      1.632e-02      
      2103      1.048e-02      
      2104      5.902e-03      
      2105      3.023e-03      
      2196      5.684e-03      
      2197      1.157e-02      
      2198      2.029e-02      
      2199      3.088e-02      
      2200      4.155e-02      
      2201      4.974e-02      
      2203      4.718e-02      
      2204      3.582e-02      
      2205      2.265e-02      
      2206      1.200e-02      
      2207      5.604e-03      
      2220      1.109e-02      
      2221      1.145e-02      
      2241      5.961e-03      
      2242      5.751e-03      
      2406      7.011e-03      
      2407      1.323e-02      
      2408      2.053e-02      
      2409      2.618e-02      
      2413      2.904e-02      
      2414      3.258e-02      
      2417      3.124e-02      
      2418      2.569e-02      
      2419      1.944e-02      
      2420      1.400e-02      
      2421      1.040e-02      
      2429      1.502e-02      
      2430      1.608e-02      
      2446      1.057e-02      
      2447      9.104e-03      
      2466      4.443e-03      
      2467      3.335e-03      
      2568      7.974e-03      
      2569      1.415e-02      
      2570      2.130e-02      
      2571      2.675e-02      
      2572      2.802e-02      
      2573      2.474e-02      
      2574      1.886e-02      
      2575      1.296e-02      
      2576      8.535e-03      
      2577      5.749e-03      
      2947      6.074e-03      
      2948      1.376e-02      
      2949      2.536e-02      
      2950      3.718e-02      
      2951      4.320e-02      
      2952      3.994e-02      
      2953      2.977e-02      
      2954      1.833e-02      
      2955      9.751e-03      
      2956      4.784e-03      
      2957      2.341e-03      
      3140      5.531e-03      
      3141      1.110e-02      
      3142      2.091e-02      
      3143      3.456e-02      
      3144      4.820e-02      
      3145      5.599e-02      
      3146      5.472e-02      
      3147      4.674e-02      
      3148      3.745e-02      
      3149      3.031e-02      
      3150      2.489e-02      
      3151      1.929e-02      
      3152      1.310e-02      
      3153      7.564e-03      
      3154      3.772e-03      
      3170      8.332e-03      
      3171      9.428e-03      
      3184      3.888e-03      
      3185      2.779e-03      
      3343      4.918e-03      
      3344      1.287e-02      
      3345      2.918e-02      
      3346      5.487e-02      
      3347      8.414e-02      
      3348      1.044e-01      
      3349      1.045e-01      
      3350      8.433e-02      
      3351      5.505e-02      
      3352      2.925e-02      
      3353      1.284e-02      
      3354      4.856e-03      
      3368      1.004e-02      
      3369      1.186e-02      
      3382      6.332e-03      
      3383      6.212e-03      
      3392      1.020e-02      
      3393      1.320e-02      
      3394      1.827e-02      
      3395      2.416e-02      
      3396      2.873e-02      
      3397      3.004e-02      
      3398      2.760e-02      
      3399      2.256e-02      
      3400      1.692e-02      
      3401      1.234e-02      
      3402      9.479e-03      
      3419      1.448e-02      
      3420      1.506e-02      
      3423      1.113e-02      
      3424      8.527e-03      
      3449      3.890e-03      
      3450      2.912e-03      
      3549      6.931e-03      
      3550      1.354e-02      
      3551      2.304e-02      
      3552      3.410e-02      
      3553      4.526e-02      
      3554      5.599e-02      
      3555      6.586e-02      
      3556      7.303e-02      
      3558      6.847e-02      
      3559      5.614e-02      
      3560      4.124e-02      
      3561      2.779e-02      
      3562      1.814e-02      
      3563      1.256e-02      
      3592      7.894e-03      
      3593      6.550e-03
3624   6.550e-03