0      0.0      
      1      0.000e+00      
      33      1.492e-03      
      34      3.715e-03      
      35      7.274e-03      
      36      1.122e-02      
      39      1.017e-02      
      40      6.237e-03      
      41      3.060e-03      
      42      1.205e-03      
      363      2.013e-03      
      364      5.339e-03      
      365      1.136e-02      
      366      1.966e-02      
      367      2.830e-02      
      368      3.496e-02      
      369      3.841e-02      
      370      3.832e-02      
      371      3.440e-02      
      372      2.702e-02      
      373      1.816e-02      
      374      1.048e-02      
      375      5.401e-03      
      376      2.630e-03      
      377      1.241e-03      
      387      4.474e-03      
      388      5.067e-03      
      397      8.491e-03      
      398      9.028e-03      
      405      1.198e-02      
      406      1.272e-02      
      410      1.427e-02      
      411      1.816e-02      
      412      2.469e-02      
      413      3.270e-02      
      414      3.972e-02      
      417      3.634e-02      
      418      3.016e-02      
      419      2.554e-02      
      423      2.882e-02      
      424      3.368e-02      
      425      3.830e-02      
      427      3.858e-02      
      428      3.396e-02      
      429      2.874e-02      
      430      2.476e-02      
      449      2.240e-02      
      450      2.130e-02      
      453      1.814e-02      
      454      1.760e-02      
      461      1.415e-02      
      462      1.393e-02      
      471      1.724e-02      
      472      1.827e-02      
      483      2.146e-02      
      484      2.207e-02      
      490      2.551e-02      
      491      2.620e-02      
      500      2.311e-02      
      501      2.220e-02      
      510      1.927e-02      
      511      1.849e-02      
      515      1.517e-02      
      516      1.443e-02      
      519      1.209e-02      
      520      1.095e-02      
      522      8.500e-03      
      523      7.446e-03      
      527      4.231e-03      
      528      3.806e-03      
      571      7.732e-04      
      572      3.560e-04      
      1066      1.418e-03      
      1067      4.106e-03      
      1068      1.004e-02      
      1069      2.046e-02      
      1070      3.430e-02      
      1071      4.686e-02      
      1072      5.192e-02      
      1073      4.660e-02      
      1074      3.397e-02      
      1075      2.022e-02      
      1076      9.892e-03      
      1077      4.012e-03      
      1078      1.358e-03      
      1079      3.849e-04      
      1206      1.873e-03      
      1207      5.244e-03      
      1208      1.197e-02      
      1209      2.254e-02      
      1210      3.554e-02      
      1211      4.761e-02      
      1212      5.507e-02      
      1213      5.586e-02      
      1214      5.047e-02      
      1215      4.124e-02      
      1216      3.101e-02      
      1217      2.191e-02      
      1218      1.499e-02      
      1219      1.029e-02      
      1220      7.312e-03      
      1221      5.497e-03      
      1233      8.872e-03      
      1234      9.665e-03      
      1239      1.302e-02      
      1240      1.344e-02      
      1263      1.034e-02      
      1264      9.704e-03      
      1273      6.541e-03      
      1274      6.123e-03      
      1289      3.092e-03      
      1290      2.675e-03      
      1985      3.590e-03      
      1986      7.684e-03      
      1987      1.328e-02      
      1988      1.889e-02      
      1989      2.291e-02      
      1993      2.181e-02      
      1994      1.644e-02      
      1995      1.021e-02      
      1996      5.110e-03      
      1997      2.031e-03      
      1998      6.370e-04      
      2095      3.654e-03      
      2096      9.216e-03      
      2097      1.844e-02      
      2098      2.950e-02      
      2099      3.802e-02      
      2100      3.986e-02      
      2101      3.430e-02      
      2102      2.437e-02      
      2103      1.434e-02      
      2104      6.969e-03      
      2105      2.782e-03      
      2196      2.972e-03      
      2197      7.161e-03      
      2198      1.446e-02      
      2199      2.480e-02      
      2200      3.642e-02      
      2201      4.596e-02      
      2202      4.955e-02      
      2203      4.512e-02      
      2204      3.417e-02      
      2205      2.122e-02      
      2206      1.067e-02      
      2207      4.303e-03      
      2208      1.386e-03      
      2209      3.632e-04      
      2220      3.795e-03      
      2221      4.220e-03      
      2240      7.628e-03      
      2241      8.135e-03      
      2247      5.173e-03      
      2248      4.343e-03      
      2267      1.380e-03      
      2268      7.732e-04      
      2405      3.670e-03      
      2406      6.028e-03      
      2407      8.578e-03      
      2408      1.084e-02      
      2410      1.377e-02      
      2411      1.448e-02      
      2414      1.179e-02      
      2415      9.358e-03      
      2416      6.755e-03      
      2417      4.380e-03      
      2419      1.235e-03      
      2420      5.143e-04      
      2588      3.511e-03      
      2589      6.018e-03      
      2594      3.187e-03      
      2595      1.442e-03      
      2777      2.903e-03      
      2778      5.424e-03      
      2779      7.891e-03      
      2780      8.942e-03      
      2781      7.891e-03      
      2782      5.424e-03      
      2783      2.903e-03      
      2784      1.210e-03      
      3143      4.111e-03      
      3144      5.639e-03      
      3146      8.225e-03      
      3147      9.595e-03      
      3150      9.135e-03      
      3151      6.119e-03      
      3152      3.230e-03      
      3153      1.335e-03      
      3342      4.077e-03      
      3343      1.137e-02      
      3344      2.556e-02      
      3345      4.653e-02      
      3346      6.905e-02      
      3347      8.405e-02      
      3348      8.437e-02      
      3349      7.010e-02      
      3350      4.831e-02      
      3351      2.764e-02      
      3352      1.312e-02      
      3353      5.167e-03      
      3354      1.690e-03      
      3395      4.097e-03      
      3396      5.179e-03      
      3399      2.562e-03      
      3400      1.266e-03      
      3548      3.824e-03      
      3549      7.719e-03      
      3550      1.246e-02      
      3551      1.614e-02      
      3554      1.585e-02      
      3555      1.974e-02      
      3556      2.761e-02      
      3557      3.537e-02      
      3559      3.237e-02      
      3560      2.223e-02      
      3561      1.217e-02      
      3562      5.300e-03      
      3563      1.836e-03
3624   1.836e-03