0      0.0      
      1      0.000e+00      
      368      8.868e-03      
      369      1.718e-02      
      380      5.874e-04      
      381      1.478e-04      
      414      1.578e-02      
      415      1.924e-02      
      423      2.137e-02      
      424      3.682e-02      
      425      5.634e-02      
      426      7.186e-02      
      427      7.548e-02      
      428      6.562e-02      
      429      4.758e-02      
      430      2.890e-02      
      431      1.469e-02      
      432      6.210e-03      
      441      2.073e-02      
      442      2.782e-02      
      444      4.185e-02      
      445      4.803e-02      
      455      6.467e-02      
      456      6.561e-02      
      495      4.936e-02      
      496      4.828e-02      
      506      3.269e-02      
      507      3.161e-02      
      534      1.603e-02      
      535      1.495e-02      
      1068      1.707e-02      
      1069      4.009e-02      
      1070      7.391e-02      
      1071      1.070e-01      
      1073      1.088e-01      
      1074      7.674e-02      
      1075      4.294e-02      
      1076      1.925e-02      
      1077      7.045e-03      
      1078      2.170e-03      
      1206      1.046e-02      
      1207      2.834e-02      
      1208      6.168e-02      
      1209      1.087e-01      
      1210      1.568e-01      
      1211      1.872e-01      
      1212      1.877e-01      
      1213      1.603e-01      
      1214      1.182e-01      
      1215      7.585e-02      
      1216      4.255e-02      
      1217      2.088e-02      
      1218      8.977e-03      
      1219      3.401e-03      
      1235      1.942e-02      
      1236      2.517e-02      
      1237      3.339e-02      
      1238      4.560e-02      
      1239      6.239e-02      
      1240      8.165e-02      
      1241      9.861e-02      
      1263      8.403e-02      
      1264      7.979e-02      
      1269      6.492e-02      
      1270      6.178e-02      
      1284      4.598e-02      
      1285      4.227e-02      
      1294      2.667e-02      
      1295      2.334e-02      
      1313      9.996e-03      
      1314      6.671e-03      
      1606      1.963e-02      
      1607      2.872e-02      
      1610      2.057e-02      
      1611      1.139e-02      
      1990      2.656e-02      
      1991      3.016e-02      
      1994      1.387e-02      
      1995      7.520e-03      
      2096      1.208e-02      
      2097      2.448e-02      
      2098      3.932e-02      
      2099      5.024e-02      
      2101      4.223e-02      
      2102      2.830e-02      
      2103      1.566e-02      
      2104      7.270e-03      
      2197      9.917e-03      
      2198      2.489e-02      
      2199      5.623e-02      
      2200      1.097e-01      
      2201      1.782e-01      
      2202      2.356e-01      
      2203      2.499e-01      
      2204      2.115e-01      
      2205      1.425e-01      
      2206      7.653e-02      
      2207      3.307e-02      
      2208      1.174e-02      
      2238      2.666e-02      
      2239      2.960e-02      
      2286      1.495e-02      
      2287      1.293e-02      
      2406      1.807e-02      
      2407      3.729e-02      
      2408      6.524e-02      
      2409      9.372e-02      
      2410      1.115e-01      
      2414      9.622e-02      
      2415      9.147e-02      
      2416      8.047e-02      
      2417      6.395e-02      
      2418      4.601e-02      
      2419      3.003e-02      
      2420      1.757e-02      
      2438      3.213e-02      
      2439      3.745e-02      
      2489      2.236e-02      
      2490      1.976e-02      
      2515      3.737e-03      
      2516      1.721e-03      
      2568      1.724e-02      
      2569      3.374e-02      
      2570      5.272e-02      
      2573      5.330e-02      
      2574      3.476e-02      
      2575      1.850e-02      
      2576      8.167e-03      
      3142      1.713e-02      
      3143      3.082e-02      
      3144      4.536e-02      
      3145      5.509e-02      
      3148      4.134e-02      
      3149      3.447e-02      
      3151      2.220e-02      
      3152      1.458e-02      
      3343      1.058e-02      
      3344      3.521e-02      
      3345      9.259e-02      
      3346      1.927e-01      
      3347      3.179e-01      
      3348      4.160e-01      
      3349      4.321e-01      
      3350      3.568e-01      
      3351      2.345e-01      
      3352      1.231e-01      
      3353      5.200e-02      
      3354      1.797e-02      
      3356      1.395e-03      
      3357      3.542e-04      
      3394      1.428e-02      
      3395      2.849e-02      
      3396      4.489e-02      
      3397      5.603e-02      
      3399      4.396e-02      
      3400      2.795e-02      
      3401      1.447e-02      
      3402      6.253e-03      
      3417      2.187e-02      
      3418      2.729e-02      
      3420      4.071e-02      
      3421      4.448e-02      
      3428      5.038e-02      
      3429      6.580e-02      
      3430      8.348e-02      
      3431      9.712e-02      
      3432      1.024e-01      
      3448      8.729e-02      
      3449      8.409e-02      
      3456      6.803e-02      
      3457      6.741e-02      
      3465      5.172e-02      
      3466      5.064e-02      
      3477      3.397e-02      
      3478      3.352e-02      
      3495      1.730e-02      
      3496      1.681e-02      
      3517      1.914e-04      
      3518      4.532e-05      
      3548      1.006e-02      
      3549      3.038e-02      
      3550      7.415e-02      
      3551      1.469e-01      
      3552      2.376e-01      
      3553      3.170e-01      
      3554      3.553e-01      
      3555      3.445e-01      
      3556      3.024e-01      
      3557      2.535e-01      
      3558      2.119e-01      
      3559      1.824e-01      
      3561      1.878e-01      
      3562      2.403e-01      
      3563      3.201e-01      
      3564      3.989e-01      
      3565      4.378e-01      
      3566      4.115e-01      
      3567      3.276e-01      
      3568      2.213e-01      
      3569      1.299e-01      
      3570      7.098e-02      
      3571      4.265e-02      
      3575      5.146e-02      
      3576      5.933e-02      
      3578      7.208e-02      
      3579      7.688e-02      
      3583      9.103e-02      
      3584      9.439e-02      
      3595      7.841e-02      
      3596      7.588e-02      
      3614      6.275e-02      
      3615      5.629e-02      
      3618      4.106e-02      
      3619      3.932e-02
3624   3.932e-02