0      0.0      
      1      0.000e+00      
      37      3.511e-02      
      38      5.320e-02      
      65      4.923e-03      
      66      2.575e-03      
      326      4.161e-02      
      327      5.830e-02      
      334      1.187e-02      
      335      6.978e-03      
      367      5.513e-02      
      368      6.647e-02      
      370      1.028e-01      
      371      1.250e-01      
      373      1.688e-01      
      374      1.934e-01      
      376      2.432e-01      
      377      2.613e-01      
      379      2.922e-01      
      380      3.178e-01      
      381      3.592e-01      
      382      4.207e-01      
      383      5.015e-01      
      384      5.944e-01      
      385      6.848e-01      
      386      7.540e-01      
      390      7.084e-01      
      391      6.627e-01      
      392      6.159e-01      
      393      5.674e-01      
      394      5.198e-01      
      395      4.793e-01      
      406      4.317e-01      
      407      4.200e-01      
      410      3.738e-01      
      411      3.606e-01      
      417      3.995e-01      
      418      4.227e-01      
      419      4.514e-01      
      420      4.827e-01      
      421      5.127e-01      
      422      5.397e-01      
      423      5.663e-01      
      424      5.972e-01      
      425      6.348e-01      
      426      6.772e-01      
      427      7.198e-01      
      428      7.576e-01      
      430      8.047e-01      
      431      8.088e-01      
      433      7.672e-01      
      434      7.225e-01      
      435      6.708e-01      
      436      6.220e-01      
      437      5.824e-01      
      438      5.505e-01      
      439      5.210e-01      
      440      4.899e-01      
      441      4.581e-01      
      442      4.290e-01      
      443      4.052e-01      
      445      3.696e-01      
      446      3.541e-01      
      453      3.057e-01      
      454      2.830e-01      
      455      2.481e-01      
      456      2.074e-01      
      457      1.697e-01      
      458      1.410e-01      
      461      9.344e-02      
      462      8.147e-02      
      475      3.493e-02      
      476      2.482e-02      
      1209      6.307e-02      
      1210      9.656e-02      
      1211      1.308e-01      
      1212      1.653e-01      
      1213      2.061e-01      
      1214      2.625e-01      
      1215      3.424e-01      
      1216      4.469e-01      
      1217      5.688e-01      
      1218      6.966e-01      
      1219      8.244e-01      
      1220      9.562e-01      
      1221      1.095e+00      
      1222      1.224e+00      
      1223      1.312e+00      
      1225      1.267e+00      
      1226      1.146e+00      
      1227      9.908e-01      
      1228      8.258e-01      
      1229      6.744e-01      
      1230      5.544e-01      
      1231      4.734e-01      
      1232      4.296e-01      
      1233      4.143e-01      
      1238      3.812e-01      
      1239      3.616e-01      
      1243      3.152e-01      
      1244      2.950e-01      
      1245      2.635e-01      
      1246      2.230e-01      
      1247      1.793e-01      
      1248      1.387e-01      
      1249      1.060e-01      
      1250      8.322e-02      
      1265      3.330e-02      
      1266      2.506e-02      
      1531      7.266e-02      
      1532      7.953e-02      
      1551      3.479e-02      
      1552      2.450e-02      
      2103      6.976e-02      
      2104      8.634e-02      
      2106      1.296e-01      
      2107      1.448e-01      
      2116      1.878e-01      
      2117      2.001e-01      
      2121      1.682e-01      
      2122      1.480e-01      
      2125      1.037e-01      
      2126      9.168e-02      
      2130      4.771e-02      
      2131      3.663e-02      
      2201      8.036e-02      
      2202      1.129e-01      
      2203      1.464e-01      
      2204      1.832e-01      
      2205      2.326e-01      
      2206      3.056e-01      
      2207      4.072e-01      
      2208      5.304e-01      
      2209      6.547e-01      
      2210      7.509e-01      
      2213      7.320e-01      
      2214      6.686e-01      
      2215      6.096e-01      
      2216      5.603e-01      
      2217      5.187e-01      
      2218      4.811e-01      
      2219      4.451e-01      
      2220      4.104e-01      
      2221      3.789e-01      
      2223      3.289e-01      
      2224      3.051e-01      
      2225      2.770e-01      
      2226      2.439e-01      
      2227      2.084e-01      
      2228      1.744e-01      
      2229      1.449e-01      
      2230      1.205e-01      
      2233      7.073e-02      
      2234      5.960e-02      
      2239      1.030e-02      
      2240      7.050e-03      
      2412      5.641e-02      
      2413      7.253e-02      
      2414      9.981e-02      
      2415      1.359e-01      
      2416      1.776e-01      
      2417      2.233e-01      
      2418      2.726e-01      
      2419      3.237e-01      
      2420      3.736e-01      
      2421      4.208e-01      
      2422      4.685e-01      
      2423      5.230e-01      
      2424      5.862e-01      
      2425      6.482e-01      
      2426      6.909e-01      
      2427      6.996e-01      
      2428      6.738e-01      
      2429      6.245e-01      
      2430      5.651e-01      
      2431      5.043e-01      
      2432      4.462e-01      
      2433      3.934e-01      
      2434      3.491e-01      
      2435      3.163e-01      
      2438      2.676e-01      
      2439      2.526e-01      
      2441      2.107e-01      
      2442      1.863e-01      
      2444      1.392e-01      
      2445      1.185e-01      
      2448      7.205e-02      
      2449      6.283e-02      
      2454      1.641e-02      
      2455      1.023e-02      
      2577      5.943e-02      
      2578      7.279e-02      
      2594      2.501e-02      
      2595      1.621e-02      
      3345      4.767e-02      
      3346      9.503e-02      
      3347      1.501e-01      
      3353      1.284e-01      
      3354      2.006e-01      
      3355      3.153e-01      
      3356      4.587e-01      
      3357      6.071e-01      
      3358      7.298e-01      
      3359      7.989e-01      
      3361      7.583e-01      
      3362      6.841e-01      
      3363      5.994e-01      
      3364      5.115e-01      
      3365      4.243e-01      
      3366      3.443e-01      
      3367      2.802e-01      
      3368      2.389e-01      
      3369      2.239e-01      
      3371      2.649e-01      
      3372      3.039e-01      
      3373      3.390e-01      
      3374      3.628e-01      
      3377      4.025e-01      
      3378      4.178e-01      
      3381      3.881e-01      
      3382      3.441e-01      
      3383      2.924e-01      
      3384      2.408e-01      
      3385      1.947e-01      
      3386      1.569e-01      
      3387      1.273e-01      
      3388      1.046e-01      
      3395      1.380e-01      
      3396      1.723e-01      
      3397      2.106e-01      
      3398      2.548e-01      
      3399      3.096e-01      
      3400      3.759e-01      
      3401      4.474e-01      
      3402      5.142e-01      
      3403      5.700e-01      
      3404      6.141e-01      
      3405      6.476e-01      
      3410      6.127e-01      
      3411      5.705e-01      
      3412      5.185e-01      
      3413      4.586e-01      
      3414      3.989e-01      
      3415      3.495e-01      
      3416      3.172e-01      
      3425      2.906e-01      
      3426      2.627e-01      
      3427      2.329e-01      
      3428      2.045e-01      
      3431      1.549e-01      
      3432      1.508e-01      
      3438      1.838e-01      
      3439      2.019e-01      
      3441      2.484e-01      
      3442      2.659e-01      
      3447      2.271e-01      
      3448      1.913e-01      
      3449      1.507e-01      
      3450      1.128e-01      
      3451      8.255e-02      
      3452      6.001e-02      
      3456      1.058e-02      
      3457      6.617e-03      
      3551      4.621e-02      
      3552      6.863e-02      
      3555      1.086e-01      
      3556      1.228e-01      
      3557      1.516e-01      
      3558      2.060e-01      
      3559      2.978e-01      
      3560      4.379e-01      
      3561      6.290e-01      
      3562      8.587e-01      
      3563      1.096e+00      
      3564      1.298e+00      
      3565      1.423e+00      
      3567      1.379e+00      
      3568      1.243e+00      
      3569      1.072e+00      
      3570      8.904e-01      
      3571      7.197e-01      
      3572      5.809e-01      
      3573      4.880e-01      
      3574      4.411e-01      
      3575      4.263e-01      
      3578      3.951e-01      
      3579      3.675e-01      
      3580      3.398e-01      
      3581      3.171e-01      
      3583      2.831e-01      
      3584      2.642e-01      
      3586      2.210e-01      
      3587      2.031e-01      
      3591      1.618e-01      
      3592      1.419e-01      
      3593      1.172e-01      
      3594      9.135e-02      
      3596      4.738e-02      
      3597      3.110e-02
3624   3.110e-02