0      0.0      
      1      1.535e-06      
      35      2.933e-03      
      36      5.153e-03      
      53      4.270e-04      
      54      3.694e-04      
      367      3.433e-03      
      368      7.979e-03      
      369      1.480e-02      
      370      2.199e-02      
      371      2.663e-02      
      372      2.754e-02      
      374      2.803e-02      
      375      3.323e-02      
      376      4.193e-02      
      377      5.223e-02      
      378      6.220e-02      
      379      7.064e-02      
      380      7.750e-02      
      381      8.370e-02      
      382      9.036e-02      
      383      9.792e-02      
      384      1.062e-01      
      385      1.148e-01      
      386      1.234e-01      
      387      1.312e-01      
      388      1.372e-01      
      393      1.343e-01      
      394      1.297e-01      
      395      1.241e-01      
      396      1.187e-01      
      397      1.143e-01      
      398      1.111e-01      
      399      1.080e-01      
      400      1.045e-01      
      401      1.006e-01      
      402      9.675e-02      
      403      9.322e-02      
      404      8.978e-02      
      405      8.584e-02      
      406      8.075e-02      
      407      7.442e-02      
      408      6.786e-02      
      409      6.316e-02      
      410      6.304e-02      
      411      7.016e-02      
      412      8.585e-02      
      413      1.083e-01      
      414      1.323e-01      
      415      1.512e-01      
      416      1.616e-01      
      418      1.661e-01      
      419      1.685e-01      
      420      1.731e-01      
      421      1.794e-01      
      422      1.879e-01      
      423      2.014e-01      
      424      2.217e-01      
      425      2.461e-01      
      426      2.671e-01      
      427      2.778e-01      
      428      2.765e-01      
      429      2.665e-01      
      430      2.523e-01      
      431      2.365e-01      
      432      2.206e-01      
      433      2.053e-01      
      434      1.913e-01      
      435      1.785e-01      
      436      1.663e-01      
      437      1.547e-01      
      438      1.439e-01      
      439      1.341e-01      
      440      1.245e-01      
      441      1.136e-01      
      442      1.011e-01      
      443      8.762e-02      
      444      7.439e-02      
      445      6.244e-02      
      446      5.212e-02      
      447      4.343e-02      
      448      3.630e-02      
      449      3.060e-02      
      450      2.605e-02      
      451      2.230e-02      
      452      1.914e-02      
      453      1.656e-02      
      456      1.239e-02      
      457      1.169e-02      
      472      7.412e-03      
      473      6.613e-03      
      489      1.911e-03      
      490      1.818e-03      
      1067      3.351e-03      
      1068      8.115e-03      
      1069      1.714e-02      
      1070      2.959e-02      
      1071      4.105e-02      
      1073      4.049e-02      
      1074      2.906e-02      
      1075      1.723e-02      
      1076      9.083e-03      
      1077      5.232e-03      
      1078      4.309e-03      
      1206      4.378e-03      
      1207      1.098e-02      
      1208      2.330e-02      
      1209      4.101e-02      
      1210      6.030e-02      
      1211      7.564e-02      
      1212      8.360e-02      
      1214      8.558e-02      
      1215      9.018e-02      
      1216      1.031e-01      
      1217      1.250e-01      
      1218      1.527e-01      
      1219      1.811e-01      
      1220      2.049e-01      
      1221      2.209e-01      
      1222      2.284e-01      
      1223      2.284e-01      
      1224      2.228e-01      
      1225      2.135e-01      
      1226      2.024e-01      
      1227      1.905e-01      
      1228      1.782e-01      
      1229      1.649e-01      
      1230      1.505e-01      
      1231      1.349e-01      
      1232      1.186e-01      
      1233      1.020e-01      
      1234      8.573e-02      
      1235      7.044e-02      
      1236      5.698e-02      
      1237      4.597e-02      
      1238      3.745e-02      
      1239      3.092e-02      
      1240      2.576e-02      
      1241      2.160e-02      
      1242      1.828e-02      
      1244      1.367e-02      
      1245      1.211e-02      
      1253      7.416e-03      
      1254      7.199e-03      
      1272      2.557e-03      
      1273      1.937e-03      
      1986      4.698e-03      
      1987      7.743e-03      
      1988      1.165e-02      
      1989      1.565e-02      
      1993      1.272e-02      
      1994      8.209e-03      
      1995      4.633e-03      
      1996      2.441e-03      
      2096      5.601e-03      
      2097      1.089e-02      
      2098      1.744e-02      
      2099      2.281e-02      
      2101      2.186e-02      
      2102      1.642e-02      
      2103      1.054e-02      
      2104      5.903e-03      
      2105      3.001e-03      
      2197      6.118e-03      
      2198      1.127e-02      
      2199      1.846e-02      
      2200      2.700e-02      
      2201      3.512e-02      
      2202      3.995e-02      
      2203      3.933e-02      
      2204      3.427e-02      
      2205      2.900e-02      
      2207      3.266e-02      
      2208      4.125e-02      
      2209      5.022e-02      
      2210      5.643e-02      
      2213      5.290e-02      
      2214      4.852e-02      
      2215      4.475e-02      
      2216      4.186e-02      
      2218      3.723e-02      
      2219      3.494e-02      
      2221      3.089e-02      
      2222      2.907e-02      
      2224      2.464e-02      
      2225      2.165e-02      
      2226      1.819e-02      
      2227      1.467e-02      
      2228      1.165e-02      
      2229      9.513e-03      
      2233      5.489e-03      
      2234      4.586e-03      
      2406      4.932e-03      
      2407      9.750e-03      
      2408      1.603e-02      
      2409      2.185e-02      
      2411      2.656e-02      
      2412      2.743e-02      
      2413      2.979e-02      
      2414      3.365e-02      
      2415      3.791e-02      
      2416      4.228e-02      
      2417      4.795e-02      
      2418      5.665e-02      
      2419      6.932e-02      
      2420      8.522e-02      
      2421      1.018e-01      
      2422      1.159e-01      
      2423      1.248e-01      
      2426      1.236e-01      
      2427      1.191e-01      
      2428      1.148e-01      
      2429      1.112e-01      
      2430      1.079e-01      
      2431      1.042e-01      
      2432      9.914e-02      
      2433      9.237e-02      
      2434      8.429e-02      
      2435      7.576e-02      
      2436      6.745e-02      
      2437      5.952e-02      
      2438      5.160e-02      
      2439      4.325e-02      
      2440      3.443e-02      
      2441      2.580e-02      
      2442      1.834e-02      
      2443      1.273e-02      
      2444      9.007e-03      
      2445      6.720e-03      
      2458      2.013e-03      
      2459      1.953e-03      
      2569      4.327e-03      
      2570      7.079e-03      
      2576      2.777e-03      
      2577      1.492e-03      
      2598      6.177e-03      
      2599      6.467e-03      
      2611      1.006e-02      
      2612      1.285e-02      
      2617      1.097e-02      
      2618      7.939e-03      
      2620      3.628e-03      
      2621      2.690e-03      
      2950      6.968e-03      
      2951      8.172e-03      
      2954      3.900e-03      
      2955      2.246e-03      
      3142      5.139e-03      
      3143      8.362e-03      
      3150      4.594e-03      
      3151      3.594e-03      
      3343      3.961e-03      
      3344      1.071e-02      
      3345      2.405e-02      
      3346      4.449e-02      
      3347      6.725e-02      
      3348      8.254e-02      
      3349      8.205e-02      
      3350      6.627e-02      
      3351      4.433e-02      
      3352      2.641e-02      
      3353      1.744e-02      
      3355      2.131e-02      
      3356      2.771e-02      
      3357      3.356e-02      
      3358      3.762e-02      
      3359      3.981e-02      
      3375      3.603e-02      
      3376      3.161e-02      
      3377      2.659e-02      
      3378      2.158e-02      
      3379      1.689e-02      
      3380      1.261e-02      
      3381      8.850e-03      
      3382      5.790e-03      
      3392      1.034e-02      
      3393      1.612e-02      
      3394      2.689e-02      
      3395      4.209e-02      
      3396      5.918e-02      
      3397      7.494e-02      
      3398      8.739e-02      
      3399      9.664e-02      
      3400      1.037e-01      
      3401      1.089e-01      
      3404      1.052e-01      
      3405      9.801e-02      
      3406      8.977e-02      
      3407      8.148e-02      
      3408      7.377e-02      
      3409      6.714e-02      
      3410      6.192e-02      
      3411      5.795e-02      
      3412      5.452e-02      
      3413      5.061e-02      
      3414      4.559e-02      
      3415      3.985e-02      
      3416      3.469e-02      
      3420      3.774e-02      
      3421      4.085e-02      
      3423      4.003e-02      
      3424      3.592e-02      
      3425      3.032e-02      
      3426      2.440e-02      
      3427      1.951e-02      
      3432      2.410e-02      
      3433      2.663e-02      
      3434      2.974e-02      
      3435      3.343e-02      
      3436      3.693e-02      
      3437      3.927e-02      
      3440      3.681e-02      
      3441      3.419e-02      
      3442      3.156e-02      
      3443      2.915e-02      
      3444      2.678e-02      
      3445      2.406e-02      
      3446      2.065e-02      
      3447      1.655e-02      
      3448      1.219e-02      
      3449      8.219e-03      
      3450      5.124e-03      
      3451      3.070e-03      
      3548      5.039e-03      
      3549      1.174e-02      
      3550      2.239e-02      
      3551      3.440e-02      
      3552      4.320e-02      
      3554      4.769e-02      
      3555      5.160e-02      
      3556      5.974e-02      
      3557      6.834e-02      
      3558      7.299e-02      
      3559      7.389e-02      
      3560      7.609e-02      
      3561      8.497e-02      
      3562      1.014e-01      
      3563      1.210e-01      
      3564      1.371e-01      
      3565      1.455e-01      
      3566      1.454e-01      
      3567      1.394e-01      
      3568      1.305e-01      
      3569      1.210e-01      
      3570      1.118e-01      
      3571      1.029e-01      
      3572      9.392e-02      
      3573      8.401e-02      
      3574      7.278e-02      
      3575      6.066e-02      
      3576      4.904e-02      
      3577      3.940e-02      
      3578      3.246e-02      
      3579      2.783e-02      
      3580      2.446e-02      
      3581      2.138e-02      
      3582      1.822e-02      
      3583      1.516e-02      
      3584      1.251e-02      
      3586      8.520e-03      
      3587      6.945e-03      
      3594      2.392e-03      
      3595      2.136e-03
3624   2.136e-03