0      0.0      
      1      0.000e+00      
      35      6.804e-03      
      36      1.300e-02      
      45      5.105e-04      
      46      1.848e-04      
      367      7.355e-03      
      368      1.797e-02      
      369      3.446e-02      
      370      5.208e-02      
      374      4.188e-02      
      375      3.517e-02      
      378      4.408e-02      
      379      5.756e-02      
      380      7.563e-02      
      381      9.736e-02      
      382      1.218e-01      
      383      1.470e-01      
      384      1.696e-01      
      385      1.858e-01      
      392      1.766e-01      
      393      1.705e-01      
      396      1.592e-01      
      397      1.548e-01      
      398      1.490e-01      
      399      1.423e-01      
      400      1.354e-01      
      401      1.289e-01      
      408      1.187e-01      
      409      1.150e-01      
      415      1.264e-01      
      416      1.338e-01      
      419      1.407e-01      
      420      1.467e-01      
      421      1.546e-01      
      422      1.644e-01      
      423      1.792e-01      
      424      2.028e-01      
      425      2.329e-01      
      426      2.609e-01      
      427      2.773e-01      
      429      2.728e-01      
      430      2.637e-01      
      431      2.560e-01      
      432      2.493e-01      
      433      2.417e-01      
      434      2.322e-01      
      435      2.219e-01      
      436      2.122e-01      
      437      2.040e-01      
      438      1.969e-01      
      439      1.892e-01      
      440      1.793e-01      
      441      1.660e-01      
      442      1.492e-01      
      443      1.300e-01      
      444      1.102e-01      
      445      9.188e-02      
      446      7.681e-02      
      447      6.577e-02      
      448      5.838e-02      
      450      4.939e-02      
      451      4.548e-02      
      454      3.357e-02      
      455      3.026e-02      
      462      1.835e-02      
      463      1.765e-02      
      474      6.540e-03      
      475      4.216e-03      
      1068      1.489e-02      
      1069      3.512e-02      
      1070      6.520e-02      
      1071      9.533e-02      
      1072      1.101e-01      
      1073      1.010e-01      
      1074      7.457e-02      
      1075      4.546e-02      
      1076      2.421e-02      
      1077      1.250e-02      
      1078      7.098e-03      
      1206      8.903e-03      
      1207      2.324e-02      
      1208      4.840e-02      
      1209      8.115e-02      
      1210      1.110e-01      
      1211      1.265e-01      
      1212      1.244e-01      
      1213      1.118e-01      
      1216      1.165e-01      
      1217      1.531e-01      
      1218      2.062e-01      
      1219      2.671e-01      
      1220      3.240e-01      
      1221      3.666e-01      
      1222      3.900e-01      
      1224      3.860e-01      
      1225      3.664e-01      
      1226      3.401e-01      
      1227      3.106e-01      
      1228      2.810e-01      
      1229      2.518e-01      
      1230      2.219e-01      
      1231      1.911e-01      
      1232      1.618e-01      
      1233      1.370e-01      
      1234      1.178e-01      
      1235      1.027e-01      
      1236      8.927e-02      
      1237      7.608e-02      
      1238      6.303e-02      
      1239      5.084e-02      
      1240      4.027e-02      
      1241      3.166e-02      
      1242      2.490e-02      
      1245      1.245e-02      
      1246      1.000e-02      
      1606      1.685e-02      
      1607      2.499e-02      
      1610      1.996e-02      
      1611      1.229e-02      
      1988      1.434e-02      
      1989      2.591e-02      
      1990      3.731e-02      
      1991      4.311e-02      
      1993      3.131e-02      
      1994      2.072e-02      
      1995      1.233e-02      
      1996      7.118e-03      
      2096      1.215e-02      
      2097      2.576e-02      
      2098      4.353e-02      
      2099      5.882e-02      
      2101      5.661e-02      
      2102      4.153e-02      
      2103      2.611e-02      
      2104      1.489e-02      
      2105      8.433e-03      
      2112      1.781e-02      
      2113      2.196e-02      
      2116      3.331e-02      
      2117      3.741e-02      
      2120      4.850e-02      
      2121      5.075e-02      
      2126      6.048e-02      
      2127      6.740e-02      
      2130      6.149e-02      
      2131      5.142e-02      
      2132      4.118e-02      
      2133      3.212e-02      
      2134      2.461e-02      
      2135      1.862e-02      
      2138      7.810e-03      
      2139      5.923e-03      
      2197      1.283e-02      
      2198      2.526e-02      
      2199      4.466e-02      
      2200      7.090e-02      
      2201      9.881e-02      
      2202      1.181e-01      
      2204      1.092e-01      
      2205      9.758e-02      
      2206      9.879e-02      
      2207      1.167e-01      
      2208      1.457e-01      
      2209      1.761e-01      
      2210      1.995e-01      
      2211      2.128e-01      
      2215      2.089e-01      
      2216      1.973e-01      
      2217      1.809e-01      
      2218      1.624e-01      
      2219      1.447e-01      
      2220      1.286e-01      
      2221      1.126e-01      
      2222      9.521e-02      
      2223      7.650e-02      
      2224      5.848e-02      
      2225      4.339e-02      
      2226      3.224e-02      
      2227      2.470e-02      
      2232      1.289e-02      
      2233      1.182e-02      
      2407      1.974e-02      
      2408      3.307e-02      
      2409      4.614e-02      
      2418      5.117e-02      
      2419      6.673e-02      
      2420      9.116e-02      
      2421      1.224e-01      
      2422      1.556e-01      
      2423      1.853e-01      
      2424      2.078e-01      
      2425      2.217e-01      
      2429      2.155e-01      
      2430      2.070e-01      
      2431      1.984e-01      
      2432      1.897e-01      
      2433      1.794e-01      
      2434      1.653e-01      
      2435      1.470e-01      
      2436      1.261e-01      
      2437      1.051e-01      
      2438      8.600e-02      
      2439      6.976e-02      
      2440      5.634e-02      
      2441      4.547e-02      
      2442      3.687e-02      
      2444      2.546e-02      
      2445      2.204e-02      
      2456      1.000e-02      
      2457      9.169e-03      
      2570      2.041e-02      
      2571      2.614e-02      
      2574      1.522e-02      
      2575      8.558e-03      
      2949      1.697e-02      
      2950      2.495e-02      
      2953      1.845e-02      
      2954      1.049e-02      
      3121      2.157e-02      
      3122      2.884e-02      
      3124      3.899e-02      
      3125      4.136e-02      
      3128      3.434e-02      
      3129      2.824e-02      
      3131      1.637e-02      
      3132      1.171e-02      
      3142      1.596e-02      
      3143      2.653e-02      
      3144      3.627e-02      
      3145      4.123e-02      
      3148      2.973e-02      
      3149      2.634e-02      
      3151      1.877e-02      
      3152      1.282e-02      
      3156      5.300e-04      
      3157      1.837e-04      
      3343      4.673e-03      
      3344      1.523e-02      
      3345      3.914e-02      
      3346      7.956e-02      
      3347      1.282e-01      
      3348      1.643e-01      
      3349      1.684e-01      
      3350      1.399e-01      
      3351      9.864e-02      
      3352      6.778e-02      
      3354      7.006e-02      
      3355      9.317e-02      
      3356      1.200e-01      
      3357      1.449e-01      
      3358      1.646e-01      
      3359      1.775e-01      
      3362      1.721e-01      
      3363      1.613e-01      
      3364      1.508e-01      
      3365      1.410e-01      
      3366      1.299e-01      
      3367      1.161e-01      
      3368      1.002e-01      
      3369      8.627e-02      
      3378      7.559e-02      
      3379      7.130e-02      
      3381      5.922e-02      
      3382      5.429e-02      
      3386      4.320e-02      
      3387      4.032e-02      
      3390      2.967e-02      
      3391      2.660e-02      
      3393      3.321e-02      
      3394      4.806e-02      
      3395      6.971e-02      
      3396      9.134e-02      
      3397      1.042e-01      
      3402      1.117e-01      
      3403      1.328e-01      
      3404      1.552e-01      
      3405      1.747e-01      
      3406      1.883e-01      
      3413      1.772e-01      
      3414      1.638e-01      
      3415      1.487e-01      
      3416      1.329e-01      
      3417      1.172e-01      
      3418      1.025e-01      
      3419      8.978e-02      
      3420      7.970e-02      
      3421      7.210e-02      
      3423      6.187e-02      
      3424      5.860e-02      
      3432      4.856e-02      
      3433      4.341e-02      
      3438      5.141e-02      
      3439      5.809e-02      
      3446      4.744e-02      
      3447      3.952e-02      
      3448      3.251e-02      
      3449      2.678e-02      
      3452      1.509e-02      
      3453      1.262e-02      
      3479      1.298e-04      
      3480      4.818e-05      
      3548      5.194e-03      
      3549      1.516e-02      
      3550      3.575e-02      
      3551      6.855e-02      
      3552      1.077e-01      
      3553      1.405e-01      
      3554      1.559e-01      
      3555      1.531e-01      
      3556      1.415e-01      
      3559      1.411e-01      
      3560      1.656e-01      
      3561      2.071e-01      
      3562      2.619e-01      
      3563      3.174e-01      
      3564      3.582e-01      
      3565      3.748e-01      
      3566      3.676e-01      
      3567      3.445e-01      
      3568      3.152e-01      
      3569      2.873e-01      
      3570      2.649e-01      
      3571      2.484e-01      
      3572      2.348e-01      
      3573      2.196e-01      
      3574      1.984e-01      
      3575      1.702e-01      
      3576      1.379e-01      
      3577      1.068e-01      
      3578      8.125e-02      
      3579      6.265e-02      
      3580      4.998e-02      
      3581      4.137e-02      
      3582      3.525e-02      
      3585      2.425e-02      
      3586      2.183e-02      
      3592      9.696e-03      
      3593      6.821e-03
3624   6.821e-03