0      0.0      
      1      0.000e+00      
      371      9.907e-03      
      372      1.127e-02      
      384      5.582e-03      
      385      5.243e-03      
      413      8.791e-03      
      414      1.292e-02      
      415      1.715e-02      
      416      2.060e-02      
      422      2.643e-02      
      423      3.011e-02      
      424      3.672e-02      
      425      4.607e-02      
      426      5.615e-02      
      427      6.391e-02      
      431      5.803e-02      
      432      5.364e-02      
      433      4.981e-02      
      434      4.647e-02      
      435      4.337e-02      
      436      4.026e-02      
      437      3.712e-02      
      438      3.414e-02      
      440      2.921e-02      
      441      2.722e-02      
      444      2.209e-02      
      445      2.058e-02      
      449      1.548e-02      
      450      1.445e-02      
      458      8.618e-03      
      459      8.133e-03      
      476      2.377e-03      
      477      2.184e-03      
      1069      4.274e-03      
      1070      8.303e-03      
      1071      1.322e-02      
      1072      1.762e-02      
      1085      1.225e-02      
      1086      1.167e-02      
      1098      5.796e-03      
      1099      5.383e-03      
      1209      7.013e-03      
      1210      1.262e-02      
      1211      1.998e-02      
      1212      2.856e-02      
      1213      3.776e-02      
      1214      4.697e-02      
      1215      5.552e-02      
      1216      6.260e-02      
      1217      6.763e-02      
      1218      7.045e-02      
      1222      6.604e-02      
      1223      6.250e-02      
      1224      5.849e-02      
      1225      5.425e-02      
      1226      4.998e-02      
      1227      4.592e-02      
      1228      4.223e-02      
      1229      3.892e-02      
      1231      3.327e-02      
      1232      3.078e-02      
      1234      2.629e-02      
      1235      2.427e-02      
      1238      1.922e-02      
      1239      1.784e-02      
      1244      1.234e-02      
      1245      1.150e-02      
      1256      5.811e-03      
      1257      5.388e-03      
      2201      9.019e-03      
      2202      1.235e-02      
      2225      6.668e-03      
      2226      6.275e-03      
      2277      4.563e-04      
      2278      3.528e-04      
      2410      5.197e-03      
      2411      7.510e-03      
      2413      1.293e-02      
      2414      1.590e-02      
      2416      2.130e-02      
      2417      2.329e-02      
      2428      1.788e-02      
      2429      1.701e-02      
      2436      1.124e-02      
      2437      1.061e-02      
      2449      4.947e-03      
      2450      4.604e-03      
      3344      8.324e-03      
      3345      1.826e-02      
      3346      3.477e-02      
      3347      5.812e-02      
      3348      8.601e-02      
      3349      1.138e-01      
      3350      1.364e-01      
      3351      1.506e-01      
      3354      1.483e-01      
      3355      1.388e-01      
      3356      1.274e-01      
      3357      1.154e-01      
      3358      1.038e-01      
      3359      9.313e-02      
      3360      8.350e-02      
      3361      7.487e-02      
      3362      6.717e-02      
      3363      6.032e-02      
      3364      5.423e-02      
      3365      4.884e-02      
      3366      4.405e-02      
      3367      3.981e-02      
      3368      3.605e-02      
      3369      3.272e-02      
      3370      2.977e-02      
      3372      2.484e-02      
      3373      2.282e-02      
      3376      1.799e-02      
      3377      1.667e-02      
      3383      1.086e-02      
      3384      1.015e-02      
      3407      4.488e-03      
      3408      4.228e-03      
      3553      9.643e-03      
      3554      1.363e-02      
      3555      2.116e-02      
      3556      3.344e-02      
      3557      4.977e-02      
      3558      6.730e-02      
      3559      8.250e-02      
      3560      9.297e-02      
      3561      9.834e-02      
      3562      9.966e-02      
      3564      9.464e-02      
      3565      8.966e-02      
      3566      8.368e-02      
      3567      7.726e-02      
      3568      7.086e-02      
      3569      6.480e-02      
      3570      5.918e-02      
      3571      5.400e-02      
      3572      4.923e-02      
      3573      4.486e-02      
      3574      4.088e-02      
      3575      3.731e-02      
      3576      3.409e-02      
      3577      3.121e-02      
      3579      2.622e-02      
      3580      2.405e-02      
      3583      1.873e-02      
      3584      1.732e-02      
      3589      1.209e-02      
      3590      1.134e-02      
      3601      5.692e-03      
      3602      5.312e-03
3624   5.312e-03