0      0.0      
      1      0.000e+00      
      2      0.000e+00      
      368      8.509e-03      
      369      1.677e-02      
      370      2.628e-02      
      371      3.323e-02      
      375      2.120e-02      
      376      1.597e-02      
      412      2.914e-02      
      413      3.607e-02      
      414      4.433e-02      
      415      5.113e-02      
      422      6.098e-02      
      423      7.433e-02      
      424      9.591e-02      
      425      1.217e-01      
      426      1.416e-01      
      428      1.352e-01      
      429      1.150e-01      
      430      9.518e-02      
      431      8.171e-02      
      432      7.587e-02      
      435      8.630e-02      
      436      9.264e-02      
      449      8.098e-02      
      450      7.418e-02      
      453      6.033e-02      
      454      5.853e-02      
      462      4.425e-02      
      463      4.078e-02      
      477      2.686e-02      
      478      2.459e-02      
      514      1.039e-02      
      515      9.647e-03      
      1068      1.383e-02      
      1069      3.335e-02      
      1070      6.335e-02      
      1071      9.502e-02      
      1072      1.130e-01      
      1073      1.071e-01      
      1074      8.175e-02      
      1075      5.124e-02      
      1076      2.728e-02      
      1077      1.313e-02      
      1078      6.283e-03      
      1207      1.367e-02      
      1208      3.084e-02      
      1209      5.695e-02      
      1210      8.729e-02      
      1211      1.128e-01      
      1214      1.035e-01      
      1215      7.966e-02      
      1216      5.666e-02      
      1217      3.921e-02      
      1218      2.873e-02      
      1219      2.426e-02      
      1230      3.715e-02      
      1231      4.156e-02      
      1239      2.851e-02      
      1240      2.583e-02      
      1251      3.922e-02      
      1252      4.302e-02      
      1267      2.926e-02      
      1268      2.831e-02      
      1290      1.657e-02      
      1291      1.378e-02      
      2099      2.716e-02      
      2100      3.128e-02      
      2102      2.243e-02      
      2103      1.467e-02      
      2110      5.932e-04      
      2111      3.250e-04      
      2197      7.127e-03      
      2198      1.506e-02      
      2199      3.004e-02      
      2200      5.526e-02      
      2201      8.903e-02      
      2202      1.201e-01      
      2204      1.191e-01      
      2205      8.795e-02      
      2206      5.556e-02      
      2207      3.331e-02      
      2221      1.960e-02      
      2222      1.500e-02      
      2286      8.569e-04      
      2287      5.718e-04      
      2406      8.177e-03      
      2407      1.533e-02      
      2408      2.693e-02      
      2409      4.023e-02      
      2417      2.842e-02      
      2418      1.992e-02      
      2442      5.890e-03      
      2443      4.555e-03      
      3142      1.506e-02      
      3143      2.566e-02      
      3144      3.552e-02      
      3145      4.046e-02      
      3148      2.798e-02      
      3149      2.482e-02      
      3152      1.383e-02      
      3153      8.771e-03      
      3343      8.145e-03      
      3344      2.668e-02      
      3345      6.903e-02      
      3346      1.415e-01      
      3347      2.305e-01      
      3348      2.993e-01      
      3349      3.112e-01      
      3350      2.607e-01      
      3351      1.776e-01      
      3352      9.984e-02      
      3353      4.778e-02      
      3354      2.087e-02      
      3375      9.970e-03      
      3376      6.020e-03      
      3393      1.706e-02      
      3394      2.837e-02      
      3395      4.582e-02      
      3396      6.477e-02      
      3399      6.349e-02      
      3400      4.587e-02      
      3401      3.094e-02      
      3413      4.184e-02      
      3414      4.553e-02      
      3423      3.355e-02      
      3424      2.988e-02      
      3428      3.952e-02      
      3429      5.331e-02      
      3430      6.948e-02      
      3431      8.222e-02      
      3432      8.664e-02      
      3434      7.418e-02      
      3435      6.654e-02      
      3441      7.854e-02      
      3442      8.268e-02      
      3448      7.513e-02      
      3449      6.575e-02      
      3450      5.476e-02      
      3451      4.369e-02      
      3452      3.415e-02      
      3453      2.719e-02      
      3476      1.338e-02      
      3477      1.246e-02      
      3549      2.104e-02      
      3550      5.012e-02      
      3551      9.653e-02      
      3552      1.518e-01      
      3553      1.985e-01      
      3554      2.222e-01      
      3556      2.117e-01      
      3557      1.966e-01      
      3558      1.770e-01      
      3559      1.491e-01      
      3560      1.151e-01      
      3561      8.332e-02      
      3562      6.200e-02      
      3573      6.945e-02      
      3574      7.682e-02      
      3575      8.666e-02      
      3576      9.808e-02      
      3577      1.096e-01      
      3578      1.195e-01      
      3585      1.093e-01      
      3586      1.045e-01      
      3588      9.184e-02      
      3589      8.450e-02      
      3590      7.712e-02      
      3591      6.984e-02      
      3592      6.255e-02      
      3593      5.528e-02      
      3595      4.201e-02      
      3596      3.691e-02      
      3619      2.424e-02      
      3620      2.046e-02
3624   2.046e-02