0      0.0      
      1      0.000e+00      
      37      5.250e-03      
      38      6.213e-03      
      42      1.422e-03      
      43      6.032e-04      
      368      3.913e-03      
      369      7.524e-03      
      370      1.147e-02      
      371      1.415e-02      
      375      1.856e-02      
      376      2.302e-02      
      377      2.849e-02      
      378      3.426e-02      
      379      3.943e-02      
      380      4.330e-02      
      382      4.838e-02      
      383      5.152e-02      
      384      5.554e-02      
      385      5.949e-02      
      388      5.711e-02      
      389      5.109e-02      
      390      4.510e-02      
      391      4.088e-02      
      392      3.890e-02      
      399      3.426e-02      
      400      3.278e-02      
      403      2.738e-02      
      404      2.612e-02      
      413      2.717e-02      
      414      3.230e-02      
      415      3.816e-02      
      416      4.280e-02      
      417      4.522e-02      
      421      5.076e-02      
      422      5.451e-02      
      423      6.026e-02      
      424      6.900e-02      
      425      8.018e-02      
      426      9.106e-02      
      427      9.851e-02      
      431      9.518e-02      
      432      9.075e-02      
      433      8.494e-02      
      434      7.786e-02      
      435      6.993e-02      
      436      6.175e-02      
      437      5.398e-02      
      438      4.720e-02      
      439      4.181e-02      
      440      3.795e-02      
      443      3.314e-02      
      444      3.204e-02      
      446      2.737e-02      
      447      2.366e-02      
      448      1.956e-02      
      449      1.559e-02      
      450      1.211e-02      
      451      9.366e-03      
      467      3.890e-03      
      468      3.406e-03      
      1069      6.206e-03      
      1070      1.183e-02      
      1071      1.766e-02      
      1074      1.369e-02      
      1075      7.773e-03      
      1076      3.479e-03      
      1077      1.229e-03      
      1206      3.122e-03      
      1207      8.081e-03      
      1208      1.667e-02      
      1209      2.764e-02      
      1210      3.730e-02      
      1213      3.529e-02      
      1214      3.134e-02      
      1215      3.181e-02      
      1216      3.817e-02      
      1217      4.973e-02      
      1218      6.412e-02      
      1219      7.827e-02      
      1220      8.979e-02      
      1221      9.762e-02      
      1225      9.318e-02      
      1226      8.543e-02      
      1227      7.669e-02      
      1228      6.776e-02      
      1229      5.933e-02      
      1230      5.169e-02      
      1231      4.459e-02      
      1232      3.763e-02      
      1233      3.070e-02      
      1234      2.410e-02      
      1235      1.825e-02      
      1236      1.349e-02      
      1237      9.970e-03      
      1242      5.000e-03      
      1243      4.313e-03      
      1990      8.986e-03      
      1991      1.039e-02      
      1993      7.151e-03      
      1994      4.319e-03      
      2097      6.390e-03      
      2098      1.041e-02      
      2102      8.278e-03      
      2103      4.709e-03      
      2122      1.007e-02      
      2123      1.301e-02      
      2128      9.115e-03      
      2129      6.488e-03      
      2132      1.337e-03      
      2133      5.939e-04      
      2198      4.689e-03      
      2199      7.794e-03      
      2200      1.210e-02      
      2201      1.711e-02      
      2205      1.170e-02      
      2206      6.156e-03      
      2208      8.951e-04      
      2209      4.281e-04      
      2212      4.389e-03      
      2213      8.186e-03      
      2214      1.296e-02      
      2215      1.787e-02      
      2216      2.201e-02      
      2217      2.456e-02      
      2219      2.290e-02      
      2220      1.899e-02      
      2221      1.435e-02      
      2222      1.009e-02      
      2223      6.753e-03      
      2224      4.307e-03      
      2416      9.055e-03      
      2417      1.001e-02      
      2418      1.243e-02      
      2419      1.661e-02      
      2420      2.190e-02      
      2421      2.692e-02      
      2433      2.200e-02      
      2434      2.063e-02      
      2435      1.816e-02      
      2436      1.492e-02      
      2437      1.152e-02      
      2438      8.503e-03      
      2440      4.045e-03      
      2441      2.470e-03      
      3344      5.822e-03      
      3345      1.471e-02      
      3346      2.930e-02      
      3347      4.618e-02      
      3348      5.772e-02      
      3349      5.742e-02      
      3350      4.573e-02      
      3351      2.965e-02      
      3352      1.689e-02      
      3353      1.108e-02      
      3355      1.592e-02      
      3356      2.113e-02      
      3357      2.512e-02      
      3358      2.708e-02      
      3361      3.028e-02      
      3362      3.326e-02      
      3365      3.224e-02      
      3366      2.674e-02      
      3367      2.071e-02      
      3368      1.587e-02      
      3369      1.348e-02      
      3371      1.674e-02      
      3372      1.978e-02      
      3382      1.450e-02      
      3383      1.272e-02      
      3388      7.269e-03      
      3389      6.571e-03      
      3394      1.149e-02      
      3395      1.971e-02      
      3396      2.986e-02      
      3397      3.935e-02      
      3398      4.619e-02      
      3399      5.056e-02      
      3400      5.429e-02      
      3401      5.876e-02      
      3402      6.365e-02      
      3403      6.755e-02      
      3404      6.952e-02      
      3407      6.593e-02      
      3408      6.143e-02      
      3409      5.488e-02      
      3410      4.734e-02      
      3411      4.057e-02      
      3412      3.587e-02      
      3413      3.319e-02      
      3415      2.866e-02      
      3416      2.478e-02      
      3417      2.024e-02      
      3418      1.639e-02      
      3438      2.130e-02      
      3439      2.195e-02      
      3442      1.797e-02      
      3443      1.580e-02      
      3448      1.177e-02      
      3449      9.970e-03      
      3451      5.087e-03      
      3452      2.996e-03      
      3549      4.462e-03      
      3550      9.645e-03      
      3551      1.690e-02      
      3552      2.442e-02      
      3553      3.008e-02      
      3554      3.332e-02      
      3555      3.573e-02      
      3556      3.958e-02      
      3557      4.631e-02      
      3558      5.639e-02      
      3559      6.996e-02      
      3560      8.662e-02      
      3561      1.044e-01      
      3562      1.196e-01      
      3563      1.288e-01      
      3565      1.282e-01      
      3566      1.208e-01      
      3567      1.101e-01      
      3568      9.738e-02      
      3569      8.456e-02      
      3570      7.336e-02      
      3571      6.401e-02      
      3572      5.542e-02      
      3573      4.650e-02      
      3574      3.721e-02      
      3575      2.848e-02      
      3576      2.133e-02      
      3577      1.620e-02      
      3578      1.297e-02      
      3586      8.124e-03      
      3587      6.934e-03      
      3593      2.224e-03      
      3594      1.246e-03
3624   1.246e-03