0      0.0      
      1      0.000e+00      
      36      2.972e-02      
      37      4.643e-02      
      41      3.389e-02      
      42      2.088e-02      
      49      1.230e-03      
      50      8.072e-04      
      367      1.317e-02      
      368      3.251e-02      
      369      6.337e-02      
      370      9.807e-02      
      371      1.219e-01      
      373      1.084e-01      
      374      8.539e-02      
      375      6.418e-02      
      376      4.678e-02      
      377      3.233e-02      
      379      1.255e-02      
      380      7.535e-03      
      411      1.345e-02      
      412      2.914e-02      
      413      5.076e-02      
      414      7.157e-02      
      417      6.376e-02      
      418      4.695e-02      
      423      5.862e-02      
      424      8.847e-02      
      425      1.256e-01      
      426      1.562e-01      
      428      1.521e-01      
      429      1.210e-01      
      430      8.557e-02      
      431      5.514e-02      
      432      3.352e-02      
      433      2.022e-02      
      434      1.308e-02      
      442      3.192e-02      
      443      3.740e-02      
      447      5.738e-02      
      448      6.014e-02      
      477      4.160e-02      
      478      4.010e-02      
      514      2.106e-02      
      515      1.995e-02      
      1068      3.712e-02      
      1069      8.317e-02      
      1070      1.519e-01      
      1071      2.239e-01      
      1072      2.664e-01      
      1073      2.574e-01      
      1074      2.043e-01      
      1075      1.355e-01      
      1076      7.732e-02      
      1077      3.980e-02      
      1078      1.987e-02      
      1079      1.051e-02      
      1206      1.808e-02      
      1207      4.936e-02      
      1208      1.093e-01      
      1209      1.987e-01      
      1210      3.018e-01      
      1211      3.906e-01      
      1212      4.406e-01      
      1213      4.426e-01      
      1214      4.033e-01      
      1215      3.377e-01      
      1216      2.622e-01      
      1217      1.906e-01      
      1218      1.311e-01      
      1219      8.663e-02      
      1220      5.572e-02      
      1221      3.530e-02      
      1222      2.221e-02      
      1223      1.402e-02      
      1987      2.376e-02      
      1988      4.716e-02      
      1989      7.787e-02      
      1990      1.069e-01      
      1993      9.098e-02      
      1994      6.085e-02      
      1995      3.548e-02      
      1996      1.898e-02      
      1997      1.003e-02      
      2096      2.037e-02      
      2097      4.101e-02      
      2098      6.584e-02      
      2099      8.500e-02      
      2100      8.935e-02      
      2101      7.786e-02      
      2102      5.767e-02      
      2103      3.756e-02      
      2104      2.244e-02      
      2105      1.293e-02      
      2199      2.976e-02      
      2200      5.547e-02      
      2201      8.786e-02      
      2202      1.160e-01      
      2204      1.129e-01      
      2205      8.365e-02      
      2206      5.242e-02      
      2207      2.892e-02      
      2208      1.504e-02      
      2209      8.090e-03      
      2407      1.837e-02      
      2408      3.023e-02      
      2409      4.242e-02      
      2410      5.152e-02      
      2412      6.313e-02      
      2413      7.282e-02      
      2414      8.507e-02      
      2415      9.406e-02      
      2417      8.453e-02      
      2418      6.790e-02      
      2419      4.911e-02      
      2420      3.230e-02      
      2421      1.976e-02      
      2422      1.171e-02      
      2569      2.120e-02      
      2570      3.376e-02      
      2576      1.975e-02      
      2577      1.298e-02      
      2613      3.241e-02      
      2614      3.916e-02      
      2617      2.402e-02      
      2618      1.633e-02      
      3142      2.471e-02      
      3143      4.579e-02      
      3144      6.842e-02      
      3147      6.623e-02      
      3148      4.778e-02      
      3149      3.307e-02      
      3150      2.383e-02      
      3155      4.527e-03      
      3156      3.293e-03      
      3343      1.079e-02      
      3344      3.627e-02      
      3345      9.708e-02      
      3346      2.077e-01      
      3347      3.574e-01      
      3348      4.978e-01      
      3349      5.664e-01      
      3350      5.320e-01      
      3351      4.182e-01      
      3352      2.799e-01      
      3353      1.631e-01      
      3354      8.505e-02      
      3355      4.130e-02      
      3356      1.974e-02      
      3394      2.761e-02      
      3395      5.035e-02      
      3396      7.498e-02      
      3399      7.566e-02      
      3400      5.315e-02      
      3401      3.273e-02      
      3402      1.867e-02      
      3403      1.062e-02      
      3548      2.558e-02      
      3549      5.655e-02      
      3550      1.103e-01      
      3551      1.806e-01      
      3552      2.485e-01      
      3553      2.977e-01      
      3554      3.293e-01      
      3555      3.581e-01      
      3556      3.936e-01      
      3557      4.279e-01      
      3559      4.219e-01      
      3560      3.673e-01      
      3561      2.926e-01      
      3562      2.172e-01      
      3563      1.545e-01      
      3564      1.092e-01      
      3565      7.885e-02      
      3566      5.882e-02      
      3567      4.496e-02      
      3568      3.465e-02      
      3571      1.546e-02      
      3572      1.216e-02
3624   1.216e-02