0      0.0      
      1      0.000e+00      
      2      0.000e+00      
      35      8.776e-03      
      36      1.698e-02      
      37      2.599e-02      
      38      3.173e-02      
      40      2.525e-02      
      41      1.710e-02      
      43      5.306e-03      
      44      2.701e-03      
      367      8.071e-03      
      368      2.021e-02      
      369      3.987e-02      
      370      6.228e-02      
      371      7.758e-02      
      373      6.550e-02      
      374      4.774e-02      
      375      3.209e-02      
      376      2.070e-02      
      377      1.282e-02      
      386      2.494e-02      
      387      2.714e-02      
      393      4.114e-02      
      394      4.235e-02      
      398      5.244e-02      
      399      5.712e-02      
      402      7.088e-02      
      403      7.470e-02      
      411      8.370e-02      
      412      9.253e-02      
      413      1.068e-01      
      414      1.249e-01      
      415      1.420e-01      
      422      1.511e-01      
      423      1.696e-01      
      424      2.002e-01      
      425      2.379e-01      
      426      2.696e-01      
      428      2.733e-01      
      429      2.492e-01      
      430      2.220e-01      
      431      2.005e-01      
      432      1.882e-01      
      433      1.833e-01      
      438      1.705e-01      
      439      1.643e-01      
      441      1.523e-01      
      442      1.476e-01      
      445      1.367e-01      
      446      1.324e-01      
      448      1.226e-01      
      449      1.177e-01      
      452      1.044e-01      
      453      1.004e-01      
      456      8.693e-02      
      457      8.227e-02      
      472      7.174e-02      
      473      6.785e-02      
      480      5.560e-02      
      481      5.299e-02      
      486      3.951e-02      
      487      3.825e-02      
      503      2.445e-02      
      504      2.392e-02      
      568      1.108e-02      
      569      8.568e-03      
      1068      1.097e-02      
      1069      2.719e-02      
      1070      5.301e-02      
      1071      8.148e-02      
      1072      9.907e-02      
      1073      9.577e-02      
      1074      7.409e-02      
      1075      4.636e-02      
      1076      2.390e-02      
      1077      1.052e-02      
      1078      4.254e-03      
      1206      1.093e-02      
      1207      3.084e-02      
      1208      7.011e-02      
      1209      1.293e-01      
      1210      1.954e-01      
      1211      2.451e-01      
      1213      2.346e-01      
      1214      1.858e-01      
      1215      1.318e-01      
      1216      8.714e-02      
      1217      5.841e-02      
      1221      6.140e-02      
      1222      7.359e-02      
      1223      8.591e-02      
      1224      9.718e-02      
      1225      1.065e-01      
      1226      1.133e-01      
      1233      1.266e-01      
      1234      1.293e-01      
      1243      1.152e-01      
      1244      1.110e-01      
      1247      9.797e-02      
      1248      9.329e-02      
      1251      8.043e-02      
      1252      7.688e-02      
      1258      6.334e-02      
      1259      6.248e-02      
      1269      5.037e-02      
      1270      4.703e-02      
      1280      3.301e-02      
      1281      3.223e-02      
      1293      1.969e-02      
      1294      1.739e-02      
      1338      3.203e-03      
      1339      1.475e-03      
      1604      8.162e-03      
      1605      1.974e-02      
      1606      3.731e-02      
      1607      5.513e-02      
      1610      4.187e-02      
      1611      2.421e-02      
      1612      1.159e-02      
      1613      4.965e-03      
      1988      1.450e-02      
      1989      2.743e-02      
      1990      4.062e-02      
      1991      4.724e-02      
      1992      4.350e-02      
      1993      3.249e-02      
      1994      2.116e-02      
      1995      1.431e-02      
      2006      5.588e-05      
      2007      1.650e-05      
      2096      9.799e-03      
      2097      2.445e-02      
      2098      4.817e-02      
      2099      7.528e-02      
      2100      9.403e-02      
      2101      9.479e-02      
      2102      7.815e-02      
      2103      5.360e-02      
      2104      3.122e-02      
      2105      1.587e-02      
      2107      3.282e-03      
      2108      1.528e-03      
      2195      7.914e-03      
      2196      2.100e-02      
      2197      4.704e-02      
      2198      9.285e-02      
      2199      1.666e-01      
      2200      2.707e-01      
      2201      3.859e-01      
      2202      4.652e-01      
      2203      4.631e-01      
      2204      3.778e-01      
      2205      2.568e-01      
      2206      1.557e-01      
      2207      1.005e-01      
      2208      8.542e-02      
      2209      9.244e-02      
      2210      1.069e-01      
      2211      1.209e-01      
      2212      1.317e-01      
      2215      1.453e-01      
      2216      1.461e-01      
      2226      1.349e-01      
      2227      1.304e-01      
      2233      1.162e-01      
      2234      1.129e-01      
      2237      9.988e-02      
      2238      9.526e-02      
      2240      8.378e-02      
      2241      7.803e-02      
      2249      6.376e-02      
      2250      6.297e-02      
      2270      4.955e-02      
      2271      4.454e-02      
      2273      3.178e-02      
      2274      2.518e-02      
      2279      1.098e-02      
      2280      1.035e-02      
      2406      1.748e-02      
      2407      3.378e-02      
      2408      5.823e-02      
      2409      8.584e-02      
      2410      1.081e-01      
      2415      9.862e-02      
      2416      8.844e-02      
      2417      7.496e-02      
      2418      6.011e-02      
      2419      4.634e-02      
      2420      3.589e-02      
      2425      4.762e-02      
      2426      5.329e-02      
      2429      6.586e-02      
      2430      6.921e-02      
      2433      8.033e-02      
      2434      8.535e-02      
      2454      7.285e-02      
      2455      7.083e-02      
      2464      5.996e-02      
      2465      5.514e-02      
      2469      4.091e-02      
      2470      3.950e-02      
      2484      2.542e-02      
      2485      2.420e-02      
      2513      1.108e-02      
      2514      8.568e-03      
      2568      1.312e-02      
      2569      2.645e-02      
      2570      4.286e-02      
      2571      5.583e-02      
      2572      5.850e-02      
      2573      4.944e-02      
      2574      3.390e-02      
      2575      1.912e-02      
      2576      9.150e-03      
      2577      3.966e-03      
      3143      1.485e-02      
      3144      2.639e-02      
      3145      3.782e-02      
      3146      4.429e-02      
      3149      3.434e-02      
      3150      2.934e-02      
      3152      1.590e-02      
      3153      9.231e-03      
      3344      1.927e-02      
      3345      5.342e-02      
      3346      1.174e-01      
      3347      2.044e-01      
      3348      2.820e-01      
      3349      3.085e-01      
      3350      2.678e-01      
      3351      1.851e-01      
      3352      1.024e-01      
      3353      4.603e-02      
      3354      1.733e-02      
      3355      5.879e-03      
      3356      2.062e-03      
      3364      1.194e-02      
      3365      1.793e-02      
      3367      3.162e-02      
      3368      3.975e-02      
      3369      5.100e-02      
      3370      6.657e-02      
      3371      8.380e-02      
      3372      9.617e-02      
      3373      9.814e-02      
      3374      9.034e-02      
      3375      7.885e-02      
      3377      6.489e-02      
      3378      6.320e-02      
      3387      7.553e-02      
      3388      8.047e-02      
      3391      9.244e-02      
      3392      9.939e-02      
      3393      1.153e-01      
      3394      1.451e-01      
      3395      1.872e-01      
      3396      2.297e-01      
      3397      2.548e-01      
      3398      2.512e-01      
      3399      2.227e-01      
      3400      1.847e-01      
      3401      1.529e-01      
      3402      1.341e-01      
      3410      1.218e-01      
      3411      1.186e-01      
      3419      1.247e-01      
      3420      1.330e-01      
      3423      1.252e-01      
      3424      1.141e-01      
      3425      1.035e-01      
      3426      9.520e-02      
      3428      9.872e-02      
      3429      1.161e-01      
      3430      1.392e-01      
      3431      1.571e-01      
      3433      1.508e-01      
      3434      1.346e-01      
      3435      1.208e-01      
      3436      1.131e-01      
      3442      1.016e-01      
      3443      9.702e-02      
      3446      8.323e-02      
      3447      7.840e-02      
      3449      6.780e-02      
      3450      6.211e-02      
      3453      4.844e-02      
      3454      4.645e-02      
      3472      3.305e-02      
      3473      2.902e-02      
      3497      1.782e-02      
      3498      1.467e-02      
      3525      6.120e-04      
      3526      2.193e-04      
      3547      4.291e-03      
      3548      1.562e-02      
      3549      4.632e-02      
      3550      1.119e-01      
      3551      2.207e-01      
      3552      3.557e-01      
      3553      4.713e-01      
      3554      5.194e-01      
      3555      4.882e-01      
      3556      4.094e-01      
      3557      3.262e-01      
      3558      2.608e-01      
      3559      2.126e-01      
      3560      1.770e-01      
      3561      1.555e-01      
      3563      1.601e-01      
      3564      1.778e-01      
      3565      1.980e-01      
      3566      2.174e-01      
      3567      2.346e-01      
      3568      2.497e-01      
      3569      2.634e-01      
      3570      2.766e-01      
      3571      2.890e-01      
      3572      2.988e-01      
      3579      2.877e-01      
      3580      2.738e-01      
      3581      2.566e-01      
      3582      2.369e-01      
      3583      2.157e-01      
      3584      1.939e-01      
      3585      1.727e-01      
      3586      1.532e-01      
      3587      1.359e-01      
      3588      1.213e-01      
      3589      1.095e-01      
      3590      1.002e-01      
      3592      8.733e-02      
      3593      8.310e-02      
      3618      7.082e-02      
      3619      6.388e-02      
      3622      5.011e-02      
      3623      4.834e-02
3624   4.834e-02