0      0.0      
      1      0.000e+00      
      2      0.000e+00      
      36      1.344e-03      
      37      1.956e-03      
      42      3.000e-04      
      43      9.738e-05      
      366      1.575e-03      
      367      4.650e-03      
      368      1.085e-02      
      369      1.998e-02      
      370      2.903e-02      
      371      3.353e-02      
      372      3.145e-02      
      373      2.514e-02      
      374      1.849e-02      
      375      1.340e-02      
      376      9.556e-03      
      377      6.440e-03      
      378      4.120e-03      
      379      2.634e-03      
      380      1.718e-03      
      410      1.600e-03      
      411      4.245e-03      
      412      9.018e-03      
      413      1.535e-02      
      414      2.094e-02      
      415      2.293e-02      
      416      2.028e-02      
      417      1.481e-02      
      418      9.682e-03      
      419      6.924e-03      
      421      8.111e-03      
      422      1.181e-02      
      423      1.922e-02      
      424      3.060e-02      
      425      4.261e-02      
      426      4.931e-02      
      427      4.683e-02      
      428      3.669e-02      
      429      2.419e-02      
      430      1.396e-02      
      431      7.572e-03      
      432      4.289e-03      
      433      2.806e-03      
      434      2.193e-03      
      444      4.026e-03      
      445      4.352e-03      
      482      6.111e-03      
      483      6.616e-03      
      487      8.127e-03      
      488      8.514e-03      
      512      6.940e-03      
      513      6.433e-03      
      522      4.814e-03      
      523      4.445e-03      
      572      2.664e-03      
      573      2.458e-03      
      667      7.463e-04      
      668      4.365e-04      
      1066      8.063e-04      
      1067      2.993e-03      
      1068      8.775e-03      
      1069      2.032e-02      
      1070      3.716e-02      
      1071      5.375e-02      
      1072      6.169e-02      
      1073      5.660e-02      
      1074      4.218e-02      
      1075      2.637e-02      
      1076      1.469e-02      
      1077      7.985e-03      
      1078      4.592e-03      
      1079      2.810e-03      
      1080      1.722e-03      
      1205      1.079e-03      
      1206      3.624e-03      
      1207      9.743e-03      
      1208      2.117e-02      
      1209      3.771e-02      
      1210      5.601e-02      
      1211      7.092e-02      
      1212      7.841e-02      
      1213      7.742e-02      
      1214      6.946e-02      
      1215      5.733e-02      
      1216      4.405e-02      
      1217      3.207e-02      
      1218      2.272e-02      
      1219      1.610e-02      
      1220      1.163e-02      
      1221      8.576e-03      
      1222      6.413e-03      
      1223      4.823e-03      
      1224      3.625e-03      
      1226      1.952e-03      
      1227      1.329e-03      
      1273      2.962e-03      
      1274      3.288e-03      
      1285      5.069e-03      
      1286      5.173e-03      
      1298      3.463e-03      
      1299      3.272e-03      
      1314      1.442e-03      
      1315      1.132e-03      
      1361      2.230e-03      
      1362      3.023e-03      
      1363      4.682e-03      
      1364      7.200e-03      
      1365      9.781e-03      
      1368      8.666e-03      
      1369      6.597e-03      
      1370      5.152e-03      
      1371      4.382e-03      
      1385      2.593e-03      
      1386      2.267e-03      
      1433      7.412e-04      
      1434      4.152e-04      
      1511      2.175e-03      
      1512      2.313e-03      
      1523      5.383e-04      
      1524      3.656e-04      
      1985      1.611e-03      
      1986      4.261e-03      
      1987      9.147e-03      
      1988      1.613e-02      
      1989      2.356e-02      
      1990      2.864e-02      
      1991      2.891e-02      
      1992      2.407e-02      
      1993      1.640e-02      
      1994      9.079e-03      
      1995      4.063e-03      
      1996      1.466e-03      
      2094      1.216e-03      
      2095      3.804e-03      
      2096      9.309e-03      
      2097      1.786e-02      
      2098      2.690e-02      
      2099      3.192e-02      
      2100      3.001e-02      
      2101      2.251e-02      
      2102      1.364e-02      
      2103      6.774e-03      
      2104      2.814e-03      
      2105      9.946e-04      
      2106      3.014e-04      
      2197      1.576e-03      
      2198      3.594e-03      
      2199      7.229e-03      
      2200      1.268e-02      
      2201      1.891e-02      
      2202      2.342e-02      
      2203      2.361e-02      
      2204      1.913e-02      
      2205      1.236e-02      
      2206      6.328e-03      
      2207      2.560e-03      
      2208      8.167e-04      
      2209      2.051e-04      
      2405      1.626e-03      
      2406      2.912e-03      
      2407      5.266e-03      
      2408      8.178e-03      
      2409      1.068e-02      
      2410      1.206e-02      
      2411      1.260e-02      
      2413      1.417e-02      
      2414      1.489e-02      
      2415      1.422e-02      
      2416      1.187e-02      
      2417      8.591e-03      
      2418      5.434e-03      
      2419      3.012e-03      
      2420      1.450e-03      
      2421      5.944e-04      
      2570      1.910e-03      
      2571      2.773e-03      
      2575      1.218e-03      
      2576      5.560e-04      
      2588      2.241e-03      
      2589      3.260e-03      
      2592      2.241e-03      
      2593      1.199e-03      
      2612      2.913e-03      
      2613      4.238e-03      
      2616      2.913e-03      
      2617      1.559e-03      
      2778      2.998e-03      
      2779      5.601e-03      
      2780      8.150e-03      
      2782      8.150e-03      
      2783      5.601e-03      
      2784      2.998e-03      
      2785      1.250e-03      
      2786      4.058e-04      
      2949      1.568e-03      
      2950      2.282e-03      
      2954      8.395e-04      
      2955      3.499e-04      
      3139      1.794e-03      
      3140      3.089e-03      
      3141      4.872e-03      
      3142      7.399e-03      
      3143      1.062e-02      
      3144      1.349e-02      
      3146      1.283e-02      
      3147      9.860e-03      
      3148      7.222e-03      
      3149      5.571e-03      
      3150      4.424e-03      
      3151      3.224e-03      
      3152      1.974e-03      
      3154      3.812e-04      
      3155      1.179e-04      
      3341      6.209e-04      
      3342      2.512e-03      
      3343      8.417e-03      
      3344      2.330e-02      
      3345      5.297e-02      
      3346      9.815e-02      
      3347      1.475e-01      
      3348      1.793e-01      
      3349      1.767e-01      
      3350      1.420e-01      
      3351      9.440e-02      
      3352      5.319e-02      
      3353      2.637e-02      
      3354      1.201e-02      
      3355      5.167e-03      
      3356      2.082e-03      
      3358      2.359e-04      
      3359      6.236e-05      
      3370      1.632e-03      
      3371      2.770e-03      
      3376      1.109e-03      
      3377      4.486e-04      
      3392      1.322e-03      
      3393      3.653e-03      
      3394      8.085e-03      
      3395      1.429e-02      
      3396      2.013e-02      
      3397      2.257e-02      
      3398      2.013e-02      
      3399      1.429e-02      
      3400      8.085e-03      
      3401      3.653e-03      
      3402      1.322e-03      
      3430      2.728e-03      
      3431      3.179e-03      
      3433      2.162e-03      
      3434      1.285e-03      
      3547      2.193e-03      
      3548      6.572e-03      
      3549      1.567e-02      
      3550      2.982e-02      
      3551      4.569e-02      
      3552      5.793e-02      
      3553      6.468e-02      
      3554      7.055e-02      
      3555      8.180e-02      
      3556      9.854e-02      
      3557      1.128e-01      
      3558      1.146e-01      
      3559      1.002e-01      
      3560      7.485e-02      
      3561      4.852e-02      
      3562      2.837e-02      
      3563      1.598e-02      
      3564      9.339e-03      
      3565      5.903e-03      
      3566      4.035e-03      
      3568      2.204e-03      
      3569      1.662e-03      
      3603      3.289e-03      
      3604      3.518e-03
3624   3.518e-03