0      0.0      
      1      0.000e+00      
      2      0.000e+00      
      369      4.117e-03      
      370      6.380e-03      
      391      9.486e-03      
      392      1.292e-02      
      393      1.828e-02      
      394      2.469e-02      
      395      3.066e-02      
      400      2.572e-02      
      401      2.185e-02      
      407      2.675e-02      
      408      3.054e-02      
      418      3.374e-02      
      419      3.660e-02      
      420      4.234e-02      
      421      5.072e-02      
      422      6.078e-02      
      423      7.182e-02      
      424      8.331e-02      
      425      9.388e-02      
      426      1.010e-01      
      428      9.879e-02      
      429      9.259e-02      
      430      8.692e-02      
      440      8.233e-02      
      441      8.098e-02      
      442      7.793e-02      
      443      7.274e-02      
      444      6.560e-02      
      445      5.741e-02      
      446      4.942e-02      
      447      4.260e-02      
      448      3.732e-02      
      449      3.353e-02      
      453      2.801e-02      
      454      2.784e-02      
      475      2.244e-02      
      476      2.229e-02      
      491      1.673e-02      
      492      1.668e-02      
      505      1.126e-02      
      506      1.096e-02      
      519      5.492e-03      
      520      5.342e-03      
      601      1.054e-02      
      602      1.090e-02      
      687      5.492e-03      
      688      5.342e-03      
      1069      6.776e-03      
      1070      1.282e-02      
      1071      1.895e-02      
      1074      1.405e-02      
      1075      7.820e-03      
      1076      3.419e-03      
      1077      1.176e-03      
      1207      3.674e-03      
      1208      7.959e-03      
      1209      1.402e-02      
      1210      2.035e-02      
      1211      2.479e-02      
      1212      2.591e-02      
      1213      2.380e-02      
      1214      1.968e-02      
      1215      1.507e-02      
      1216      1.121e-02      
      1224      1.414e-02      
      1225      1.723e-02      
      1226      2.344e-02      
      1227      3.277e-02      
      1228      4.347e-02      
      1229      5.301e-02      
      1230      5.972e-02      
      1234      5.614e-02      
      1235      4.847e-02      
      1236      3.996e-02      
      1237      3.249e-02      
      1238      2.723e-02      
      1239      2.425e-02      
      1283      1.889e-02      
      1284      1.791e-02      
      1293      1.236e-02      
      1294      1.168e-02      
      1412      6.801e-03      
      1413      6.129e-03      
      1444      1.182e-03      
      1445      5.584e-04      
      1607      5.868e-03      
      1608      6.649e-03      
      1611      2.159e-03      
      1612      8.999e-04      
      1989      5.683e-03      
      1990      7.954e-03      
      1994      2.668e-03      
      1995      1.099e-03      
      2097      4.060e-03      
      2098      7.387e-03      
      2103      4.060e-03      
      2104      1.758e-03      
      2198      5.948e-03      
      2199      1.000e-02      
      2200      1.598e-02      
      2201      2.340e-02      
      2202      2.964e-02      
      2204      2.688e-02      
      2205      1.942e-02      
      2206      1.282e-02      
      2216      1.472e-02      
      2217      1.861e-02      
      2218      2.264e-02      
      2219      2.636e-02      
      2221      3.161e-02      
      2222      3.225e-02      
      2224      2.758e-02      
      2225      2.327e-02      
      2226      1.925e-02      
      2227      1.650e-02      
      2260      1.105e-02      
      2261      1.090e-02      
      2282      5.492e-03      
      2283      5.342e-03      
      2409      9.075e-03      
      2410      1.133e-02      
      2431      1.418e-02      
      2432      1.695e-02      
      2433      2.055e-02      
      2434      2.462e-02      
      2435      2.829e-02      
      2436      3.047e-02      
      2439      2.658e-02      
      2440      2.452e-02      
      2462      1.998e-02      
      2463      1.883e-02      
      2468      1.335e-02      
      2469      1.236e-02      
      2478      7.779e-03      
      2479      6.801e-03      
      2516      1.310e-03      
      2517      7.873e-04      
      2542      6.065e-03      
      2543      6.587e-03      
      2571      1.174e-02      
      2572      1.249e-02      
      2576      7.135e-03      
      2577      6.236e-03      
      2637      1.246e-03      
      2638      5.736e-04      
      3343      2.336e-03      
      3344      7.501e-03      
      3345      1.895e-02      
      3346      3.772e-02      
      3347      5.932e-02      
      3348      7.386e-02      
      3349      7.295e-02      
      3350      5.729e-02      
      3351      3.584e-02      
      3352      1.789e-02      
      3353      7.189e-03      
      3354      2.483e-03      
      3355      1.151e-03      
      3366      3.146e-03      
      3367      6.818e-03      
      3368      1.321e-02      
      3369      2.190e-02      
      3370      3.102e-02      
      3371      3.770e-02      
      3373      3.636e-02      
      3374      3.002e-02      
      3375      2.376e-02      
      3382      1.978e-02      
      3383      1.719e-02      
      3394      1.970e-02      
      3395      2.585e-02      
      3396      3.217e-02      
      3402      3.407e-02      
      3403      4.152e-02      
      3404      4.976e-02      
      3405      5.525e-02      
      3406      5.608e-02      
      3407      5.309e-02      
      3408      4.871e-02      
      3409      4.493e-02      
      3410      4.252e-02      
      3415      3.810e-02      
      3416      3.639e-02      
      3419      3.879e-02      
      3420      4.222e-02      
      3441      4.564e-02      
      3442      4.920e-02      
      3448      4.750e-02      
      3449      4.303e-02      
      3450      3.898e-02      
      3451      3.611e-02      
      3478      3.079e-02      
      3479      3.033e-02      
      3496      2.512e-02      
      3497      2.278e-02      
      3500      1.743e-02      
      3501      1.608e-02      
      3522      1.067e-02      
      3523      1.009e-02      
      3548      1.284e-02      
      3549      1.605e-02      
      3550      2.239e-02      
      3551      3.190e-02      
      3552      4.238e-02      
      3553      5.047e-02      
      3555      5.557e-02      
      3556      5.643e-02      
      3562      5.712e-02      
      3563      6.229e-02      
      3564      6.934e-02      
      3565      7.849e-02      
      3566      9.010e-02      
      3567      1.032e-01      
      3568      1.151e-01      
      3569      1.235e-01      
      3575      1.212e-01      
      3576      1.147e-01      
      3577      1.064e-01      
      3578      9.807e-02      
      3579      9.147e-02      
      3580      8.744e-02      
      3581      8.565e-02      
      3585      8.065e-02      
      3586      7.671e-02      
      3587      7.194e-02      
      3588      6.685e-02      
      3589      6.190e-02      
      3590      5.745e-02      
      3591      5.376e-02      
      3592      5.087e-02      
      3595      4.556e-02      
      3596      4.446e-02      
      3603      3.895e-02      
      3604      3.890e-02      
      3618      3.498e-02      
      3619      3.333e-02
3624   3.333e-02