0      0.0      
      1      0.000e+00      
      370      8.912e-02      
      371      1.266e-01      
      394      2.694e-02      
      395      2.401e-02      
      425      1.174e-01      
      426      1.509e-01      
      429      2.408e-01      
      430      2.579e-01      
      441      1.598e-01      
      442      1.456e-01      
      454      4.639e-02      
      455      4.215e-02      
      1071      1.308e-01      
      1072      1.820e-01      
      1088      8.609e-02      
      1089      8.002e-02      
      1210      1.268e-01      
      1211      1.977e-01      
      1212      2.805e-01      
      1213      3.704e-01      
      1214      4.628e-01      
      1215      5.523e-01      
      1216      6.307e-01      
      1217      6.872e-01      
      1221      6.101e-01      
      1222      5.443e-01      
      1223      4.777e-01      
      1224      4.155e-01      
      1225      3.604e-01      
      1226      3.130e-01      
      1228      2.388e-01      
      1229      2.098e-01      
      1234      1.140e-01      
      1235      1.020e-01      
      1262      2.242e-03      
      1263      1.032e-03      
      1991      9.487e-02      
      1992      1.121e-01      
      2009      1.236e-02      
      2010      1.106e-02      
      2204      1.094e-01      
      2205      1.237e-01      
      2232      2.676e-02      
      2233      2.338e-02      
      2414      1.155e-01      
      2415      1.273e-01      
      2443      3.030e-02      
      2444      2.676e-02      
      3151      1.243e-01      
      3152      1.393e-01      
      3172      4.253e-02      
      3173      3.761e-02      
      3346      1.169e-01      
      3347      2.529e-01      
      3348      4.696e-01      
      3349      7.596e-01      
      3350      1.084e+00      
      3351      1.375e+00      
      3352      1.563e+00      
      3354      1.513e+00      
      3355      1.331e+00      
      3356      1.119e+00      
      3357      9.161e-01      
      3358      7.433e-01      
      3359      6.044e-01      
      3360      4.954e-01      
      3361      4.103e-01      
      3362      3.434e-01      
      3364      2.480e-01      
      3365      2.141e-01      
      3370      1.142e-01      
      3371      1.026e-01      
      3471      4.003e-03      
      3472      2.242e-03      
      3552      7.456e-02      
      3553      1.247e-01      
      3554      1.938e-01      
      3555      2.870e-01      
      3556      4.110e-01      
      3557      5.720e-01      
      3558      7.675e-01      
      3559      9.786e-01      
      3560      1.169e+00      
      3561      1.298e+00      
      3563      1.290e+00      
      3564      1.174e+00      
      3565      1.024e+00      
      3566      8.676e-01      
      3567      7.239e-01      
      3568      6.009e-01      
      3569      4.998e-01      
      3570      4.183e-01      
      3571      3.527e-01      
      3573      2.570e-01      
      3574      2.221e-01      
      3578      1.311e-01      
      3579      1.161e-01      
      3596      1.639e-02      
      3597      1.412e-02
3624   1.412e-02