0      0.0      
      1      0.000e+00      
      363      1.553e-03      
      364      3.973e-03      
      365      8.132e-03      
      366      1.357e-02      
      367      1.905e-02      
      368      2.360e-02      
      369      2.693e-02      
      371      2.744e-02      
      372      2.286e-02      
      373      1.630e-02      
      374      1.019e-02      
      375      5.915e-03      
      376      3.351e-03      
      377      1.829e-03      
      378      9.080e-04      
      408      2.730e-03      
      409      3.101e-03      
      410      5.166e-03      
      411      1.029e-02      
      412      1.902e-02      
      413      2.987e-02      
      414      3.916e-02      
      415      4.277e-02      
      416      3.903e-02      
      417      3.009e-02      
      418      2.036e-02      
      419      1.341e-02      
      420      1.033e-02      
      421      1.056e-02      
      422      1.368e-02      
      423      1.995e-02      
      424      2.886e-02      
      425      3.757e-02      
      426      4.177e-02      
      427      3.899e-02      
      428      3.065e-02      
      429      2.079e-02      
      430      1.286e-02      
      431      8.044e-03      
      432      5.723e-03      
      438      3.861e-03      
      439      3.478e-03      
      522      1.310e-03      
      523      8.951e-04      
      1066      1.295e-03      
      1067      4.088e-03      
      1068      1.057e-02      
      1069      2.219e-02      
      1070      3.760e-02      
      1071      5.122e-02      
      1072      5.609e-02      
      1073      4.945e-02      
      1074      3.524e-02      
      1075      2.046e-02      
      1076      9.787e-03      
      1077      3.935e-03      
      1078      1.371e-03      
      1206      2.314e-03      
      1207      6.391e-03      
      1208      1.432e-02      
      1209      2.635e-02      
      1210      4.036e-02      
      1211      5.238e-02      
      1212      5.862e-02      
      1213      5.751e-02      
      1214      5.009e-02      
      1215      3.902e-02      
      1216      2.726e-02      
      1217      1.716e-02      
      1218      9.870e-03      
      1219      5.338e-03      
      1220      2.807e-03      
      1222      7.264e-04      
      1223      3.882e-04      
      1984      1.230e-03      
      1985      3.365e-03      
      1986      7.404e-03      
      1987      1.326e-02      
      1988      1.970e-02      
      1989      2.500e-02      
      1990      2.801e-02      
      1992      2.629e-02      
      1993      2.161e-02      
      1994      1.534e-02      
      1995      9.186e-03      
      1996      4.577e-03      
      1997      1.896e-03      
      2095      2.178e-03      
      2096      5.513e-03      
      2097      1.107e-02      
      2098      1.777e-02      
      2099      2.295e-02      
      2100      2.409e-02      
      2101      2.073e-02      
      2102      1.477e-02      
      2103      8.769e-03      
      2104      4.384e-03      
      2105      1.876e-03      
      2197      3.518e-03      
      2198      7.144e-03      
      2199      1.251e-02      
      2200      1.909e-02      
      2201      2.533e-02      
      2202      2.884e-02      
      2203      2.762e-02      
      2204      2.187e-02      
      2205      1.411e-02      
      2206      7.363e-03      
      2207      3.106e-03      
      2208      1.069e-03      
      2209      3.071e-04      
      2407      2.357e-03      
      2408      3.850e-03      
      2409      5.550e-03      
      2410      7.274e-03      
      2411      8.858e-03      
      2412      1.010e-02      
      2415      9.214e-03      
      2416      7.331e-03      
      2417      5.246e-03      
      2418      3.365e-03      
      2419      1.912e-03      
      2420      9.460e-04      
      3146      1.832e-03      
      3147      3.436e-03      
      3148      5.089e-03      
      3149      5.933e-03      
      3151      3.959e-03      
      3152      2.295e-03      
      3155      1.423e-04      
      3156      4.333e-05      
      3342      2.201e-03      
      3343      6.832e-03      
      3344      1.725e-02      
      3345      3.552e-02      
      3346      5.983e-02      
      3347      8.262e-02      
      3348      9.369e-02      
      3349      8.735e-02      
      3350      6.706e-02      
      3351      4.245e-02      
      3352      2.222e-02      
      3353      9.663e-03      
      3354      3.519e-03      
      3355      1.089e-03      
      3393      2.024e-03      
      3394      3.944e-03      
      3395      6.133e-03      
      3398      6.023e-03      
      3399      3.863e-03      
      3400      2.018e-03      
      3401      8.762e-04      
      3550      2.873e-03      
      3551      4.111e-03      
      3553      6.064e-03      
      3554      9.003e-03      
      3555      1.596e-02      
      3556      2.715e-02      
      3557      3.895e-02      
      3558      4.518e-02      
      3559      4.203e-02      
      3560      3.142e-02      
      3561      1.904e-02      
      3562      9.510e-03      
      3563      4.018e-03      
      3564      1.486e-03
3624   1.486e-03