0      0.0      
      1      0.000e+00      
      368      3.923e-02      
      369      7.634e-02      
      370      1.173e-01      
      371      1.433e-01      
      373      1.160e-01      
      374      8.334e-02      
      376      3.614e-02      
      377      2.242e-02      
      388      6.974e-02      
      389      7.912e-02      
      414      1.172e-01      
      415      1.346e-01      
      422      1.463e-01      
      423      1.869e-01      
      424      2.517e-01      
      425      3.287e-01      
      426      3.891e-01      
      428      3.748e-01      
      429      3.147e-01      
      430      2.524e-01      
      431      2.065e-01      
      432      1.817e-01      
      440      1.423e-01      
      441      1.303e-01      
      448      8.117e-02      
      449      7.386e-02      
      454      2.535e-02      
      455      2.015e-02      
      1067      2.581e-02      
      1068      7.680e-02      
      1069      1.804e-01      
      1070      3.345e-01      
      1071      4.894e-01      
      1072      5.651e-01      
      1073      5.155e-01      
      1074      3.719e-01      
      1075      2.126e-01      
      1076      9.654e-02      
      1077      3.493e-02      
      1208      7.967e-02      
      1209      1.478e-01      
      1210      2.256e-01      
      1211      2.876e-01      
      1214      2.468e-01      
      1215      1.918e-01      
      1216      1.445e-01      
      1217      1.127e-01      
      1222      1.467e-01      
      1223      1.686e-01      
      1225      2.083e-01      
      1226      2.233e-01      
      1231      1.812e-01      
      1232      1.615e-01      
      1239      1.126e-01      
      1240      1.059e-01      
      1245      6.038e-02      
      1246      4.926e-02      
      1605      7.151e-02      
      1606      1.340e-01      
      1607      1.956e-01      
      1609      1.982e-01      
      1610      1.379e-01      
      1611      7.521e-02      
      1612      3.234e-02      
      1613      1.107e-02      
      1989      5.378e-02      
      1990      7.768e-02      
      1998      3.781e-02      
      1999      2.674e-02      
      2099      7.347e-02      
      2100      9.279e-02      
      2103      5.417e-02      
      2104      3.145e-02      
      2196      4.149e-02      
      2197      9.482e-02      
      2198      1.919e-01      
      2199      3.521e-01      
      2200      5.803e-01      
      2201      8.306e-01      
      2202      9.979e-01      
      2203      9.845e-01      
      2204      7.907e-01      
      2205      5.214e-01      
      2206      2.962e-01      
      2207      1.688e-01      
      2212      2.052e-01      
      2213      2.256e-01      
      2218      1.843e-01      
      2219      1.625e-01      
      2223      1.178e-01      
      2224      1.106e-01      
      2230      6.503e-02      
      2231      5.636e-02      
      2243      7.799e-03      
      2244      5.574e-03      
      2405      5.295e-02      
      2406      9.671e-02      
      2407      1.840e-01      
      2408      3.117e-01      
      2409      4.530e-01      
      2410      5.644e-01      
      2411      6.155e-01      
      2413      5.884e-01      
      2414      5.590e-01      
      2415      5.183e-01      
      2416      4.551e-01      
      2417      3.720e-01      
      2418      2.818e-01      
      2419      1.975e-01      
      2420      1.298e-01      
      2421      8.595e-02      
      2422      6.669e-02      
      2426      1.080e-01      
      2427      1.230e-01      
      2437      7.516e-02      
      2438      7.149e-02      
      2449      2.397e-02      
      2450      1.814e-02      
      2568      3.613e-02      
      2569      7.036e-02      
      2570      1.100e-01      
      2571      1.380e-01      
      2573      1.130e-01      
      2574      7.383e-02      
      2575      3.887e-02      
      2576      1.650e-02      
      3143      4.718e-02      
      3144      8.096e-02      
      3152      3.487e-02      
      3153      1.920e-02      
      3344      4.611e-02      
      3345      1.346e-01      
      3346      3.105e-01      
      3347      5.654e-01      
      3348      8.129e-01      
      3349      9.228e-01      
      3350      8.277e-01      
      3351      5.875e-01      
      3352      3.308e-01      
      3353      1.483e-01      
      3354      5.323e-02      
      3370      1.007e-01      
      3371      1.060e-01      
      3386      5.624e-02      
      3387      5.381e-02      
      3393      7.640e-02      
      3394      1.291e-01      
      3395      2.096e-01      
      3396      2.950e-01      
      3397      3.482e-01      
      3398      3.436e-01      
      3399      2.881e-01      
      3400      2.135e-01      
      3401      1.512e-01      
      3402      1.142e-01      
      3403      9.913e-02      
      3411      1.455e-01      
      3412      1.493e-01      
      3421      1.080e-01      
      3422      9.396e-02      
      3424      5.330e-02      
      3425      3.958e-02      
      3428      5.872e-02      
      3429      9.161e-02      
      3430      1.297e-01      
      3431      1.563e-01      
      3434      1.111e-01      
      3435      8.659e-02      
      3447      3.818e-02      
      3448      2.940e-02      
      3548      4.669e-02      
      3549      1.471e-01      
      3550      3.756e-01      
      3551      7.780e-01      
      3552      1.308e+00      
      3553      1.790e+00      
      3554      2.005e+00      
      3555      1.862e+00      
      3556      1.473e+00      
      3557      1.039e+00      
      3558      6.952e-01      
      3559      4.646e-01      
      3560      3.176e-01      
      3561      2.304e-01      
      3566      2.769e-01      
      3567      2.998e-01      
      3571      2.575e-01      
      3572      2.258e-01      
      3574      1.807e-01      
      3575      1.692e-01      
      3581      1.226e-01      
      3582      1.109e-01      
      3585      6.699e-02      
      3586      5.430e-02
3624   5.430e-02