0      0.0      
      1      0.000e+00      
      384      4.393e-02      
      385      6.080e-02      
      386      7.872e-02      
      387      9.616e-02      
      407      6.341e-02      
      408      5.961e-02      
      418      9.098e-02      
      419      9.786e-02      
      423      1.232e-01      
      424      1.346e-01      
      426      1.622e-01      
      427      1.735e-01      
      431      2.065e-01      
      432      2.127e-01      
      435      1.948e-01      
      436      1.783e-01      
      437      1.606e-01      
      438      1.435e-01      
      440      1.138e-01      
      441      1.014e-01      
      445      7.011e-02      
      446      6.758e-02      
      451      4.323e-02      
      452      3.333e-02      
      461      2.231e-06      
      462      0.000e+00      
      1210      3.118e-02      
      1211      4.281e-02      
      1217      1.057e-02      
      1218      9.067e-03      
      1220      2.678e-02      
      1221      4.720e-02      
      1222      7.445e-02      
      1223      1.061e-01      
      1224      1.381e-01      
      1225      1.651e-01      
      1230      1.419e-01      
      1231      1.213e-01      
      1235      1.420e-01      
      1236      1.648e-01      
      1244      1.349e-01      
      1245      1.026e-01      
      1246      6.877e-02      
      1247      3.959e-02      
      1248      1.917e-02      
      1311      4.295e-02      
      1312      6.312e-02      
      1319      4.108e-02      
      1320      2.433e-02      
      2428      4.987e-02      
      2429      5.782e-02      
      2436      2.747e-02      
      2437      1.678e-02      
      3396      4.210e-02      
      3397      5.336e-02      
      3401      7.526e-02      
      3402      8.970e-02      
      3403      1.064e-01      
      3404      1.231e-01      
      3406      1.524e-01      
      3407      1.661e-01      
      3408      1.816e-01      
      3409      2.006e-01      
      3410      2.226e-01      
      3411      2.444e-01      
      3418      2.133e-01      
      3419      1.819e-01      
      3420      1.447e-01      
      3421      1.080e-01      
      3422      8.114e-02      
      3423      7.299e-02      
      3424      8.606e-02      
      3425      1.133e-01      
      3426      1.405e-01      
      3427      1.547e-01      
      3429      1.365e-01      
      3430      1.180e-01      
      3432      8.525e-02      
      3433      7.038e-02      
      3437      7.718e-02      
      3438      1.131e-01      
      3439      1.635e-01      
      3440      2.224e-01      
      3441      2.804e-01      
      3442      3.267e-01      
      3445      3.192e-01      
      3446      2.713e-01      
      3447      2.160e-01      
      3448      1.630e-01      
      3449      1.176e-01      
      3450      8.147e-02      
      3451      5.375e-02      
      3452      3.319e-02      
      3559      6.172e-02      
      3560      7.187e-02      
      3561      1.064e-01      
      3562      1.769e-01      
      3563      2.803e-01      
      3564      3.961e-01      
      3565      4.960e-01      
      3566      5.597e-01      
      3573      5.271e-01      
      3574      4.985e-01      
      3575      4.512e-01      
      3576      3.893e-01      
      3577      3.241e-01      
      3578      2.673e-01      
      3579      2.248e-01      
      3580      1.967e-01      
      3581      1.800e-01      
      3584      1.562e-01      
      3585      1.459e-01      
      3587      1.203e-01      
      3588      1.092e-01      
      3591      7.837e-02      
      3592      6.333e-02      
      3594      3.091e-02      
      3595      1.807e-02
3624   1.807e-02