0      0.0      
      1      0.000e+00      
      368      9.514e-03      
      369      1.855e-02      
      370      2.867e-02      
      379      3.632e-02      
      380      4.679e-02      
      381      5.855e-02      
      382      6.956e-02      
      383      7.781e-02      
      384      8.198e-02      
      386      7.824e-02      
      387      7.227e-02      
      388      6.493e-02      
      389      5.694e-02      
      390      4.902e-02      
      391      4.194e-02      
      392      3.634e-02      
      393      3.229e-02      
      412      3.611e-02      
      413      4.234e-02      
      414      5.130e-02      
      415      6.069e-02      
      416      6.792e-02      
      417      7.208e-02      
      419      7.737e-02      
      420      8.172e-02      
      421      8.695e-02      
      422      9.292e-02      
      423      1.021e-01      
      424      1.177e-01      
      425      1.392e-01      
      426      1.597e-01      
      427      1.700e-01      
      428      1.659e-01      
      429      1.506e-01      
      430      1.320e-01      
      431      1.166e-01      
      432      1.063e-01      
      433      9.930e-02      
      434      9.243e-02      
      435      8.355e-02      
      436      7.257e-02      
      437      6.081e-02      
      438      4.996e-02      
      439      4.114e-02      
      440      3.474e-02      
      443      2.572e-02      
      444      2.377e-02      
      458      1.614e-02      
      459      1.454e-02      
      471      7.052e-03      
      472      5.452e-03      
      1069      1.192e-02      
      1070      2.266e-02      
      1071      3.371e-02      
      1074      2.570e-02      
      1075      1.449e-02      
      1076      6.429e-03      
      1077      2.250e-03      
      1207      1.102e-02      
      1208      2.400e-02      
      1209      4.263e-02      
      1210      6.265e-02      
      1211      7.771e-02      
      1217      7.942e-02      
      1218      9.445e-02      
      1219      1.117e-01      
      1220      1.257e-01      
      1222      1.278e-01      
      1223      1.164e-01      
      1224      1.024e-01      
      1225      8.943e-02      
      1226      7.798e-02      
      1227      6.677e-02      
      1228      5.507e-02      
      1229      4.355e-02      
      1230      3.349e-02      
      1231      2.568e-02      
      1232      2.007e-02      
      1235      1.127e-02      
      1236      1.006e-02      
      1270      2.038e-03      
      1271      9.391e-04      
      1988      7.560e-03      
      1989      1.367e-02      
      1990      1.981e-02      
      1991      2.311e-02      
      1993      1.680e-02      
      1994      1.060e-02      
      1996      2.346e-03      
      1997      8.193e-04      
      2096      5.129e-03      
      2097      1.056e-02      
      2098      1.736e-02      
      2099      2.301e-02      
      2102      1.696e-02      
      2103      1.112e-02      
      2105      3.146e-03      
      2106      1.408e-03      
      2198      6.823e-03      
      2199      1.691e-02      
      2200      3.380e-02      
      2201      5.447e-02      
      2202      7.060e-02      
      2204      6.294e-02      
      2205      4.656e-02      
      2206      3.532e-02      
      2208      4.196e-02      
      2209      5.277e-02      
      2210      6.207e-02      
      2213      6.025e-02      
      2214      5.084e-02      
      2215      4.018e-02      
      2216      3.005e-02      
      2217      2.137e-02      
      2218      1.436e-02      
      2219      8.962e-03      
      2220      5.071e-03      
      2407      1.120e-02      
      2408      1.994e-02      
      2409      2.904e-02      
      2419      3.795e-02      
      2420      4.534e-02      
      2421      5.551e-02      
      2422      6.645e-02      
      2423      7.564e-02      
      2427      6.754e-02      
      2428      5.590e-02      
      2429      4.351e-02      
      2430      3.214e-02      
      2431      2.283e-02      
      2432      1.581e-02      
      2433      1.077e-02      
      2445      2.038e-03      
      2446      9.385e-04      
      2570      9.789e-03      
      2571      1.294e-02      
      2575      4.191e-03      
      2576      1.809e-03      
      3118      6.569e-03      
      3119      1.426e-02      
      3120      2.544e-02      
      3121      3.803e-02      
      3122      4.887e-02      
      3126      4.858e-02      
      3127      3.931e-02      
      3128      2.842e-02      
      3129      1.788e-02      
      3130      9.560e-03      
      3131      4.307e-03      
      3136      1.004e-02      
      3137      1.446e-02      
      3151      6.875e-03      
      3152      4.533e-03      
      3335      8.124e-03      
      3336      1.443e-02      
      3337      2.135e-02      
      3338      2.690e-02      
      3344      2.398e-02      
      3345      3.679e-02      
      3346      6.039e-02      
      3347      8.844e-02      
      3348      1.073e-01      
      3349      1.055e-01      
      3350      8.435e-02      
      3351      5.706e-02      
      3352      3.761e-02      
      3354      3.704e-02      
      3355      4.777e-02      
      3356      5.843e-02      
      3360      5.592e-02      
      3361      4.747e-02      
      3362      3.841e-02      
      3363      2.947e-02      
      3364      2.130e-02      
      3365      1.441e-02      
      3366      9.045e-03      
      3367      5.301e-03      
      3379      1.382e-02      
      3380      1.607e-02      
      3384      9.307e-03      
      3385      6.465e-03      
      3394      1.044e-02      
      3395      1.981e-02      
      3396      3.044e-02      
      3397      3.847e-02      
      3398      4.126e-02      
      3401      4.281e-02      
      3402      5.216e-02      
      3403      6.522e-02      
      3404      7.811e-02      
      3405      8.711e-02      
      3406      9.008e-02      
      3407      8.669e-02      
      3408      7.783e-02      
      3409      6.514e-02      
      3410      5.076e-02      
      3411      3.702e-02      
      3412      2.571e-02      
      3413      1.757e-02      
      3414      1.223e-02      
      3430      2.132e-02      
      3431      2.201e-02      
      3447      1.377e-02      
      3448      1.150e-02      
      3461      3.639e-03      
      3462      2.038e-03      
      3549      7.312e-03      
      3550      1.641e-02      
      3551      3.007e-02      
      3552      4.572e-02      
      3553      5.927e-02      
      3554      6.812e-02      
      3555      7.288e-02      
      3558      8.078e-02      
      3559      8.394e-02      
      3560      9.031e-02      
      3561      1.026e-01      
      3562      1.204e-01      
      3563      1.387e-01      
      3564      1.508e-01      
      3566      1.444e-01      
      3567      1.308e-01      
      3568      1.167e-01      
      3569      1.040e-01      
      3570      9.172e-02      
      3571      7.829e-02      
      3572      6.343e-02      
      3573      4.860e-02      
      3574      3.570e-02      
      3575      2.581e-02      
      3576      1.891e-02      
      3577      1.441e-02      
      3605      5.452e-03      
      3606      3.639e-03
3624   3.639e-03