0      0.0      
      1      0.000e+00      
      2      0.000e+00      
      37      7.750e-03      
      38      1.094e-02      
      66      9.615e-04      
      67      8.968e-04      
      367      7.677e-03      
      368      1.956e-02      
      369      3.971e-02      
      370      6.480e-02      
      371      8.625e-02      
      374      7.963e-02      
      375      6.567e-02      
      376      5.346e-02      
      377      4.402e-02      
      378      3.755e-02      
      384      4.585e-02      
      385      5.017e-02      
      388      5.946e-02      
      389      6.146e-02      
      404      5.226e-02      
      405      5.075e-02      
      411      4.970e-02      
      412      6.115e-02      
      413      7.926e-02      
      414      9.920e-02      
      415      1.131e-01      
      417      1.068e-01      
      418      9.401e-02      
      419      8.411e-02      
      420      8.069e-02      
      421      8.381e-02      
      422      9.341e-02      
      423      1.120e-01      
      424      1.424e-01      
      425      1.825e-01      
      426      2.218e-01      
      427      2.469e-01      
      428      2.507e-01      
      429      2.367e-01      
      430      2.150e-01      
      431      1.953e-01      
      432      1.830e-01      
      435      1.913e-01      
      436      2.021e-01      
      437      2.131e-01      
      438      2.231e-01      
      439      2.315e-01      
      440      2.380e-01      
      441      2.416e-01      
      444      2.322e-01      
      445      2.244e-01      
      446      2.160e-01      
      447      2.072e-01      
      448      1.981e-01      
      449      1.883e-01      
      450      1.783e-01      
      451      1.688e-01      
      452      1.602e-01      
      453      1.528e-01      
      454      1.460e-01      
      455      1.396e-01      
      456      1.333e-01      
      457      1.272e-01      
      458      1.215e-01      
      459      1.163e-01      
      460      1.113e-01      
      462      1.017e-01      
      463      9.691e-02      
      465      8.800e-02      
      466      8.413e-02      
      469      7.513e-02      
      470      7.268e-02      
      473      6.426e-02      
      474      6.083e-02      
      477      5.094e-02      
      478      4.865e-02      
      507      3.903e-02      
      508      3.856e-02      
      518      2.896e-02      
      519      2.823e-02      
      529      1.829e-02      
      530      1.812e-02      
      584      8.173e-03      
      585      7.821e-03      
      1068      1.726e-02      
      1069      4.157e-02      
      1070      8.068e-02      
      1071      1.270e-01      
      1072      1.634e-01      
      1073      1.743e-01      
      1074      1.569e-01      
      1075      1.222e-01      
      1076      8.518e-02      
      1077      5.537e-02      
      1078      3.513e-02      
      1079      2.268e-02      
      1080      1.529e-02      
      1081      1.086e-02      
      1102      8.968e-04      
      1103      7.758e-04      
      1206      8.842e-03      
      1207      2.453e-02      
      1208      5.538e-02      
      1209      1.032e-01      
      1210      1.613e-01      
      1211      2.155e-01      
      1212      2.512e-01      
      1214      2.423e-01      
      1215      2.054e-01      
      1216      1.595e-01      
      1217      1.146e-01      
      1218      7.764e-02      
      1219      5.124e-02      
      1220      3.461e-02      
      1221      2.528e-02      
      1222      2.080e-02      
      1225      2.608e-02      
      1226      3.445e-02      
      1227      4.611e-02      
      1228      5.995e-02      
      1229      7.430e-02      
      1230      8.731e-02      
      1231      9.711e-02      
      1232      1.020e-01      
      1234      9.493e-02      
      1235      8.524e-02      
      1236      7.476e-02      
      1237      6.573e-02      
      1238      5.937e-02      
      1242      6.242e-02      
      1243      6.999e-02      
      1244      8.006e-02      
      1245      9.190e-02      
      1246      1.041e-01      
      1247      1.148e-01      
      1248      1.224e-01      
      1249      1.263e-01      
      1253      1.167e-01      
      1254      1.126e-01      
      1257      1.035e-01      
      1258      1.016e-01      
      1270      9.291e-02      
      1271      9.129e-02      
      1279      8.212e-02      
      1280      7.971e-02      
      1285      7.000e-02      
      1286      6.816e-02      
      1289      5.900e-02      
      1290      5.442e-02      
      1292      4.454e-02      
      1293      4.018e-02      
      1315      3.188e-02      
      1316      2.992e-02      
      1325      2.003e-02      
      1326      1.910e-02      
      1341      9.313e-03      
      1342      8.845e-03      
      1987      1.322e-02      
      1988      2.694e-02      
      1989      4.591e-02      
      1990      6.569e-02      
      1991      7.926e-02      
      1993      7.190e-02      
      1994      5.623e-02      
      1995      4.028e-02      
      1996      2.762e-02      
      1997      1.889e-02      
      1998      1.327e-02      
      2003      3.615e-03      
      2004      2.985e-03      
      2096      7.451e-03      
      2097      1.587e-02      
      2098      2.731e-02      
      2099      3.843e-02      
      2103      3.014e-02      
      2104      2.226e-02      
      2105      1.611e-02      
      2106      1.176e-02      
      2115      1.894e-03      
      2116      1.642e-03      
      2198      6.864e-03      
      2199      1.698e-02      
      2200      3.527e-02      
      2201      6.082e-02      
      2202      8.677e-02      
      2203      1.028e-01      
      2204      1.023e-01      
      2205      8.712e-02      
      2206      6.543e-02      
      2207      4.513e-02      
      2208      2.999e-02      
      2209      2.006e-02      
      2210      1.387e-02      
      2214      4.499e-03      
      2215      3.624e-03      
      2406      1.272e-02      
      2407      2.334e-02      
      2408      3.868e-02      
      2409      5.508e-02      
      2410      6.739e-02      
      2412      7.542e-02      
      2413      7.809e-02      
      2417      7.791e-02      
      2418      6.574e-02      
      2419      5.165e-02      
      2420      3.834e-02      
      2421      2.744e-02      
      2422      1.940e-02      
      2423      1.384e-02      
      2446      2.351e-02      
      2447      2.568e-02      
      2449      3.388e-02      
      2450      3.956e-02      
      2451      4.541e-02      
      2452      5.073e-02      
      2455      6.015e-02      
      2456      6.091e-02      
      2464      5.288e-02      
      2465      5.064e-02      
      2470      4.086e-02      
      2471      4.061e-02      
      2490      3.280e-02      
      2491      3.053e-02      
      2516      2.154e-02      
      2517      1.976e-02      
      2524      1.006e-02      
      2525      9.063e-03      
      2569      1.874e-02      
      2570      3.139e-02      
      2571      4.468e-02      
      2572      5.387e-02      
      2573      5.560e-02      
      2574      5.016e-02      
      2575      4.076e-02      
      2576      3.099e-02      
      2577      2.296e-02      
      2579      1.324e-02      
      2580      1.066e-02      
      2769      7.758e-04      
      2770      5.997e-04      
      2947      4.321e-03      
      2948      1.109e-02      
      2949      2.265e-02      
      2950      3.712e-02      
      2951      4.939e-02      
      2954      4.092e-02      
      2955      3.036e-02      
      2956      2.158e-02      
      2957      1.531e-02      
      2960      6.308e-03      
      2961      4.976e-03      
      3141      7.135e-03      
      3142      1.688e-02      
      3143      3.280e-02      
      3144      5.218e-02      
      3145      6.850e-02      
      3148      6.504e-02      
      3149      5.674e-02      
      3150      4.970e-02      
      3151      4.274e-02      
      3152      3.491e-02      
      3153      2.679e-02      
      3154      1.965e-02      
      3155      1.420e-02      
      3159      4.632e-03      
      3160      3.692e-03      
      3343      5.145e-03      
      3344      1.794e-02      
      3345      5.000e-02      
      3346      1.120e-01      
      3347      2.030e-01      
      3348      2.998e-01      
      3349      3.646e-01      
      3350      3.705e-01      
      3351      3.208e-01      
      3352      2.427e-01      
      3353      1.654e-01      
      3354      1.051e-01      
      3355      6.444e-02      
      3356      3.949e-02      
      3357      2.491e-02      
      3358      1.650e-02      
      3359      1.160e-02      
      3364      1.539e-02      
      3365      2.180e-02      
      3366      2.930e-02      
      3367      3.694e-02      
      3368      4.379e-02      
      3369      4.911e-02      
      3375      3.960e-02      
      3376      3.428e-02      
      3378      2.432e-02      
      3379      1.989e-02      
      3382      1.008e-02      
      3383      8.064e-03      
      3393      1.347e-02      
      3394      2.331e-02      
      3395      3.906e-02      
      3396      5.848e-02      
      3397      7.573e-02      
      3400      7.263e-02      
      3401      5.952e-02      
      3402      4.722e-02      
      3403      3.743e-02      
      3404      3.027e-02      
      3406      2.210e-02      
      3407      2.020e-02      
      3413      2.926e-02      
      3414      3.460e-02      
      3415      4.026e-02      
      3416      4.541e-02      
      3418      5.300e-02      
      3419      5.590e-02      
      3427      6.541e-02      
      3428      7.465e-02      
      3429      8.712e-02      
      3430      1.006e-01      
      3431      1.112e-01      
      3434      1.037e-01      
      3435      9.364e-02      
      3436      8.473e-02      
      3437      7.817e-02      
      3447      7.047e-02      
      3448      6.761e-02      
      3450      6.026e-02      
      3451      5.659e-02      
      3470      4.765e-02      
      3471      4.641e-02      
      3475      3.700e-02      
      3476      3.450e-02      
      3497      2.640e-02      
      3498      2.424e-02      
      3502      1.540e-02      
      3503      1.353e-02      
      3523      3.721e-03      
      3524      3.277e-03      
      3548      1.075e-02      
      3549      2.483e-02      
      3550      5.109e-02      
      3551      8.909e-02      
      3552      1.323e-01      
      3553      1.722e-01      
      3554      2.042e-01      
      3555      2.290e-01      
      3556      2.475e-01      
      3558      2.502e-01      
      3559      2.260e-01      
      3560      1.871e-01      
      3561      1.418e-01      
      3562      9.980e-02      
      3563      6.712e-02      
      3564      4.509e-02      
      3565      3.177e-02      
      3566      2.425e-02      
      3567      2.012e-02      
      3576      2.768e-02      
      3577      3.237e-02      
      3578      3.754e-02      
      3579      4.288e-02      
      3580      4.817e-02      
      3581      5.341e-02      
      3582      5.885e-02      
      3583      6.491e-02      
      3584      7.194e-02      
      3585      7.986e-02      
      3586      8.802e-02      
      3587      9.548e-02      
      3589      1.049e-01      
      3590      1.061e-01      
      3593      9.827e-02      
      3594      9.354e-02      
      3596      8.424e-02      
      3597      8.063e-02      
      3610      7.073e-02      
      3611      6.856e-02      
      3614      6.119e-02      
      3615      5.783e-02      
      3617      4.962e-02      
      3618      4.516e-02      
      3620      3.691e-02      
      3621      3.368e-02
3624   3.368e-02