0      0.0      
      1      0.000e+00      
      366      9.016e-04      
      367      2.790e-03      
      368      6.738e-03      
      369      1.273e-02      
      370      1.891e-02      
      371      2.234e-02      
      372      2.155e-02      
      373      1.790e-02      
      374      1.387e-02      
      375      1.063e-02      
      376      7.987e-03      
      377      5.654e-03      
      378      3.794e-03      
      379      2.566e-03      
      380      1.853e-03      
      411      3.268e-03      
      412      6.789e-03      
      413      1.182e-02      
      414      1.689e-02      
      415      1.975e-02      
      416      1.917e-02      
      417      1.605e-02      
      418      1.270e-02      
      421      1.277e-02      
      422      1.627e-02      
      423      2.296e-02      
      424      3.346e-02      
      425      4.537e-02      
      426      5.356e-02      
      427      5.393e-02      
      428      4.684e-02      
      429      3.656e-02      
      430      2.764e-02      
      431      2.217e-02      
      432      1.991e-02      
      434      2.069e-02      
      435      2.229e-02      
      436      2.426e-02      
      437      2.636e-02      
      438      2.830e-02      
      439      2.994e-02      
      440      3.131e-02      
      441      3.256e-02      
      442      3.383e-02      
      443      3.507e-02      
      444      3.611e-02      
      449      3.475e-02      
      450      3.313e-02      
      451      3.147e-02      
      452      3.012e-02      
      463      2.876e-02      
      464      2.807e-02      
      471      2.674e-02      
      472      2.617e-02      
      473      2.512e-02      
      474      2.372e-02      
      475      2.220e-02      
      476      2.079e-02      
      477      1.967e-02      
      478      1.893e-02      
      484      1.717e-02      
      485      1.699e-02      
      495      1.541e-02      
      496      1.493e-02      
      499      1.351e-02      
      500      1.290e-02      
      502      1.140e-02      
      503      1.066e-02      
      506      9.094e-03      
      507      8.710e-03      
      511      6.993e-03      
      512      6.537e-03      
      519      5.032e-03      
      520      4.667e-03      
      545      2.887e-03      
      546      2.754e-03      
      564      1.039e-03      
      565      9.017e-04      
      1067      2.356e-03      
      1068      7.105e-03      
      1069      1.685e-02      
      1070      3.146e-02      
      1071      4.627e-02      
      1072      5.382e-02      
      1073      4.984e-02      
      1074      3.724e-02      
      1075      2.310e-02      
      1076      1.261e-02      
      1077      6.695e-03      
      1078      3.888e-03      
      1079      2.596e-03      
      1080      1.924e-03      
      1095      7.422e-05      
      1096      4.154e-05      
      1206      1.869e-03      
      1207      5.270e-03      
      1208      1.204e-02      
      1209      2.253e-02      
      1210      3.495e-02      
      1211      4.561e-02      
      1212      5.089e-02      
      1213      4.930e-02      
      1214      4.195e-02      
      1215      3.155e-02      
      1216      2.105e-02      
      1217      1.257e-02      
      1218      6.901e-03      
      1219      3.698e-03      
      1220      2.115e-03      
      1221      1.383e-03      
      1243      3.034e-03      
      1244      3.485e-03      
      1247      5.006e-03      
      1248      5.602e-03      
      1251      7.256e-03      
      1252      7.632e-03      
      1257      9.392e-03      
      1258      9.748e-03      
      1288      8.280e-03      
      1289      7.703e-03      
      1292      5.905e-03      
      1293      5.534e-03      
      1300      3.904e-03      
      1301      3.649e-03      
      1339      1.973e-03      
      1340      1.625e-03      
      1364      2.744e-03      
      1365      3.923e-03      
      1369      2.529e-03      
      1370      1.781e-03      
      1987      3.441e-03      
      1988      7.010e-03      
      1989      1.174e-02      
      1990      1.606e-02      
      1992      1.609e-02      
      1993      1.184e-02      
      1994      7.263e-03      
      1995      3.919e-03      
      1996      2.077e-03      
      1997      1.244e-03      
      2095      1.406e-03      
      2096      3.476e-03      
      2097      6.753e-03      
      2098      1.034e-02      
      2099      1.253e-02      
      2100      1.210e-02      
      2101      9.416e-03      
      2102      6.013e-03      
      2103      3.260e-03      
      2104      1.596e-03      
      2105      7.844e-04      
      2198      1.204e-03      
      2199      3.335e-03      
      2200      7.307e-03      
      2201      1.266e-02      
      2202      1.734e-02      
      2204      1.610e-02      
      2205      1.102e-02      
      2206      6.135e-03      
      2207      2.933e-03      
      2208      1.362e-03      
      2209      7.336e-04      
      2406      1.913e-03      
      2407      3.715e-03      
      2408      6.072e-03      
      2409      8.185e-03      
      2416      7.407e-03      
      2417      5.525e-03      
      2418      3.691e-03      
      2419      2.289e-03      
      2422      5.488e-04      
      2423      3.858e-04      
      2589      1.950e-03      
      2590      2.302e-03      
      2595      4.702e-04      
      2596      3.430e-04      
      2778      1.342e-03      
      2779      2.544e-03      
      2780      3.783e-03      
      2781      4.440e-03      
      2783      3.189e-03      
      2784      2.102e-03      
      2790      2.857e-04      
      2791      2.339e-04      
      3140      1.119e-03      
      3141      2.146e-03      
      3142      3.982e-03      
      3143      6.632e-03      
      3144      9.261e-03      
      3146      9.546e-03      
      3147      7.153e-03      
      3148      4.718e-03      
      3149      3.123e-03      
      3150      2.324e-03      
      3156      5.406e-04      
      3157      4.335e-04      
      3342      1.066e-03      
      3343      4.223e-03      
      3344      1.327e-02      
      3345      3.301e-02      
      3346      6.504e-02      
      3347      1.016e-01      
      3348      1.259e-01      
      3349      1.244e-01      
      3350      9.836e-02      
      3351      6.282e-02      
      3352      3.307e-02      
      3353      1.505e-02      
      3354      6.593e-03      
      3355      3.289e-03      
      3357      1.528e-03      
      3358      1.219e-03      
      3393      2.094e-03      
      3394      4.995e-03      
      3395      9.394e-03      
      3396      1.394e-02      
      3397      1.637e-02      
      3398      1.526e-02      
      3399      1.138e-02      
      3400      6.922e-03      
      3401      3.581e-03      
      3402      1.734e-03      
      3403      9.192e-04      
      3428      1.951e-03      
      3429      3.736e-03      
      3430      5.652e-03      
      3433      5.108e-03      
      3434      3.296e-03      
      3435      1.806e-03      
      3436      8.988e-04      
      3456      2.599e-03      
      3457      2.982e-03      
      3463      4.621e-03      
      3464      4.992e-03      
      3471      3.492e-03      
      3472      2.779e-03      
      3475      1.055e-03      
      3476      7.723e-04      
      3547      1.479e-03      
      3548      4.644e-03      
      3549      1.148e-02      
      3550      2.247e-02      
      3551      3.526e-02      
      3552      4.553e-02      
      3553      5.126e-02      
      3554      5.534e-02      
      3555      6.241e-02      
      3556      7.296e-02      
      3557      8.173e-02      
      3558      8.180e-02      
      3559      7.038e-02      
      3560      5.122e-02      
      3561      3.171e-02      
      3562      1.748e-02      
      3563      9.752e-03      
      3564      6.752e-03      
      3568      8.377e-03      
      3569      9.350e-03      
      3570      1.033e-02      
      3571      1.125e-02      
      3574      1.288e-02      
      3575      1.318e-02      
      3581      1.499e-02      
      3582      1.508e-02      
      3590      1.336e-02      
      3591      1.284e-02      
      3593      1.154e-02      
      3594      1.086e-02      
      3597      9.221e-03      
      3598      8.924e-03      
      3606      1.072e-02      
      3607      1.085e-02      
      3614      9.065e-03      
      3615      8.779e-03      
      3618      7.168e-03      
      3619      6.532e-03
3624   6.532e-03