0      0.0      
      1      0.000e+00      
      2      0.000e+00      
      36      8.044e-03      
      37      1.264e-02      
      43      3.564e-03      
      44      1.882e-03      
      367      6.971e-03      
      368      1.444e-02      
      369      2.633e-02      
      370      4.001e-02      
      371      5.013e-02      
      373      4.809e-02      
      374      4.070e-02      
      375      3.376e-02      
      376      2.820e-02      
      383      3.437e-02      
      384      3.890e-02      
      399      4.763e-02      
      400      5.096e-02      
      402      5.982e-02      
      403      6.489e-02      
      404      6.978e-02      
      405      7.402e-02      
      411      7.796e-02      
      412      8.362e-02      
      413      9.416e-02      
      414      1.076e-01      
      415      1.196e-01      
      420      1.260e-01      
      421      1.340e-01      
      422      1.458e-01      
      423      1.633e-01      
      424      1.881e-01      
      425      2.171e-01      
      426      2.413e-01      
      427      2.517e-01      
      428      2.461e-01      
      429      2.301e-01      
      430      2.126e-01      
      431      1.997e-01      
      441      1.932e-01      
      442      1.879e-01      
      444      1.795e-01      
      445      1.763e-01      
      448      1.673e-01      
      449      1.632e-01      
      450      1.580e-01      
      451      1.517e-01      
      452      1.450e-01      
      453      1.388e-01      
      455      1.307e-01      
      456      1.287e-01      
      463      1.212e-01      
      464      1.188e-01      
      471      1.103e-01      
      472      1.064e-01      
      473      1.011e-01      
      474      9.532e-02      
      475      8.990e-02      
      476      8.539e-02      
      479      7.710e-02      
      480      7.561e-02      
      483      6.921e-02      
      484      6.563e-02      
      486      5.860e-02      
      487      5.592e-02      
      495      4.705e-02      
      496      4.600e-02      
      499      3.802e-02      
      500      3.413e-02      
      513      2.527e-02      
      514      2.410e-02      
      524      1.557e-02      
      525      1.455e-02      
      571      5.476e-03      
      572      5.434e-03      
      1068      7.540e-03      
      1069      1.857e-02      
      1070      3.591e-02      
      1071      5.466e-02      
      1072      6.571e-02      
      1073      6.264e-02      
      1074      4.767e-02      
      1075      2.928e-02      
      1076      1.482e-02      
      1077      6.433e-03      
      1078      2.593e-03      
      1206      5.283e-03      
      1207      1.446e-02      
      1208      3.187e-02      
      1209      5.714e-02      
      1210      8.437e-02      
      1211      1.043e-01      
      1213      1.023e-01      
      1214      8.591e-02      
      1215      6.783e-02      
      1216      5.304e-02      
      1217      4.412e-02      
      1218      4.166e-02      
      1219      4.480e-02      
      1220      5.185e-02      
      1221      6.087e-02      
      1222      7.017e-02      
      1223      7.866e-02      
      1224      8.579e-02      
      1225      9.130e-02      
      1226      9.498e-02      
      1230      1.007e-01      
      1231      1.058e-01      
      1232      1.125e-01      
      1233      1.190e-01      
      1236      1.278e-01      
      1237      1.285e-01      
      1258      1.212e-01      
      1259      1.176e-01      
      1261      1.101e-01      
      1262      1.068e-01      
      1264      1.002e-01      
      1265      9.623e-02      
      1266      9.178e-02      
      1267      8.711e-02      
      1268      8.246e-02      
      1269      7.789e-02      
      1271      6.927e-02      
      1272      6.561e-02      
      1275      5.780e-02      
      1276      5.575e-02      
      1281      4.778e-02      
      1282      4.661e-02      
      1288      3.821e-02      
      1289      3.530e-02      
      1291      2.784e-02      
      1292      2.374e-02      
      1294      1.667e-02      
      1295      1.458e-02      
      1318      5.554e-03      
      1319      5.036e-03      
      1605      7.376e-03      
      1606      1.415e-02      
      1607      2.133e-02      
      1608      2.540e-02      
      1610      1.847e-02      
      1611      1.194e-02      
      1630      3.315e-03      
      1631      2.729e-03      
      1988      8.036e-03      
      1989      1.505e-02      
      1990      2.243e-02      
      1991      2.673e-02      
      1993      2.004e-02      
      1994      1.298e-02      
      1995      7.203e-03      
      1996      3.649e-03      
      2096      5.713e-03      
      2097      1.373e-02      
      2098      2.621e-02      
      2099      3.994e-02      
      2102      3.991e-02      
      2103      2.765e-02      
      2104      1.661e-02      
      2105      8.937e-03      
      2106      4.460e-03      
      2196      9.342e-03      
      2197      1.951e-02      
      2198      3.667e-02      
      2199      6.301e-02      
      2200      9.951e-02      
      2201      1.411e-01      
      2202      1.732e-01      
      2203      1.787e-01      
      2204      1.529e-01      
      2205      1.097e-01      
      2206      6.984e-02      
      2207      4.599e-02      
      2210      5.005e-02      
      2211      5.952e-02      
      2212      6.832e-02      
      2213      7.537e-02      
      2217      8.445e-02      
      2218      8.654e-02      
      2220      9.407e-02      
      2221      9.744e-02      
      2231      1.059e-01      
      2232      1.084e-01      
      2245      1.017e-01      
      2246      9.893e-02      
      2248      9.017e-02      
      2249      8.398e-02      
      2250      7.703e-02      
      2251      7.007e-02      
      2252      6.381e-02      
      2253      5.867e-02      
      2256      5.024e-02      
      2257      4.894e-02      
      2265      4.128e-02      
      2266      3.889e-02      
      2269      3.148e-02      
      2270      2.955e-02      
      2273      2.277e-02      
      2274      2.002e-02      
      2279      1.104e-02      
      2280      1.072e-02      
      2392      1.650e-03      
      2393      1.332e-03      
      2406      9.388e-03      
      2407      1.623e-02      
      2408      2.666e-02      
      2409      3.830e-02      
      2410      4.750e-02      
      2418      4.194e-02      
      2419      3.798e-02      
      2423      4.220e-02      
      2424      4.835e-02      
      2425      5.473e-02      
      2426      6.047e-02      
      2428      6.855e-02      
      2429      7.084e-02      
      2433      7.798e-02      
      2434      8.239e-02      
      2435      8.768e-02      
      2436      9.281e-02      
      2461      8.402e-02      
      2462      8.005e-02      
      2463      7.450e-02      
      2464      6.775e-02      
      2465      6.042e-02      
      2466      5.303e-02      
      2467      4.598e-02      
      2468      3.942e-02      
      2469      3.344e-02      
      2470      2.825e-02      
      2488      2.157e-02      
      2489      1.799e-02      
      2493      1.000e-02      
      2494      8.563e-03      
      2569      1.718e-02      
      2570      2.397e-02      
      2575      1.580e-02      
      2576      1.178e-02      
      2654      2.775e-03      
      2655      2.614e-03      
      3142      7.971e-03      
      3143      1.486e-02      
      3144      2.286e-02      
      3145      2.914e-02      
      3148      2.263e-02      
      3149      1.724e-02      
      3151      9.854e-03      
      3152      6.917e-03      
      3344      7.474e-03      
      3345      2.064e-02      
      3346      4.528e-02      
      3347      7.896e-02      
      3348      1.096e-01      
      3349      1.211e-01      
      3350      1.070e-01      
      3351      7.586e-02      
      3352      4.356e-02      
      3353      2.061e-02      
      3354      8.345e-03      
      3366      1.359e-02      
      3367      1.753e-02      
      3368      2.320e-02      
      3369      3.149e-02      
      3370      4.253e-02      
      3371      5.430e-02      
      3372      6.282e-02      
      3373      6.500e-02      
      3374      6.136e-02      
      3375      5.531e-02      
      3377      4.723e-02      
      3378      4.611e-02      
      3384      5.422e-02      
      3385      5.574e-02      
      3388      6.250e-02      
      3389      6.526e-02      
      3391      6.980e-02      
      3392      7.464e-02      
      3393      8.579e-02      
      3394      1.062e-01      
      3395      1.349e-01      
      3396      1.648e-01      
      3397      1.852e-01      
      3398      1.884e-01      
      3399      1.759e-01      
      3400      1.567e-01      
      3401      1.401e-01      
      3402      1.309e-01      
      3406      1.370e-01      
      3407      1.411e-01      
      3409      1.496e-01      
      3410      1.522e-01      
      3414      1.441e-01      
      3415      1.414e-01      
      3418      1.502e-01      
      3419      1.583e-01      
      3420      1.659e-01      
      3421      1.697e-01      
      3422      1.674e-01      
      3423      1.596e-01      
      3424      1.492e-01      
      3425      1.389e-01      
      3426      1.309e-01      
      3427      1.271e-01      
      3428      1.295e-01      
      3429      1.387e-01      
      3430      1.518e-01      
      3431      1.629e-01      
      3433      1.617e-01      
      3434      1.527e-01      
      3435      1.439e-01      
      3436      1.381e-01      
      3446      1.319e-01      
      3447      1.275e-01      
      3448      1.213e-01      
      3449      1.139e-01      
      3450      1.060e-01      
      3451      9.817e-02      
      3452      9.071e-02      
      3453      8.354e-02      
      3454      7.684e-02      
      3455      7.108e-02      
      3467      6.359e-02      
      3468      6.115e-02      
      3470      5.318e-02      
      3471      4.773e-02      
      3472      4.173e-02      
      3473      3.577e-02      
      3474      3.055e-02      
      3475      2.667e-02      
      3496      1.848e-02      
      3497      1.628e-02      
      3500      9.039e-03      
      3501      6.681e-03      
      3548      1.027e-02      
      3549      2.110e-02      
      3550      4.439e-02      
      3551      8.345e-02      
      3552      1.329e-01      
      3553      1.770e-01      
      3554      1.990e-01      
      3555      1.940e-01      
      3556      1.718e-01      
      3557      1.463e-01      
      3558      1.255e-01      
      3559      1.102e-01      
      3560      1.004e-01      
      3562      1.067e-01      
      3563      1.247e-01      
      3564      1.491e-01      
      3565      1.756e-01      
      3566      1.997e-01      
      3567      2.181e-01      
      3568      2.288e-01      
      3571      2.216e-01      
      3572      2.153e-01      
      3576      2.216e-01      
      3577      2.259e-01      
      3581      2.191e-01      
      3582      2.146e-01      
      3583      2.088e-01      
      3584      2.016e-01      
      3585      1.935e-01      
      3586      1.854e-01      
      3587      1.782e-01      
      3588      1.719e-01      
      3589      1.660e-01      
      3590      1.599e-01      
      3591      1.528e-01      
      3592      1.444e-01      
      3593      1.348e-01      
      3594      1.244e-01      
      3595      1.140e-01      
      3596      1.043e-01      
      3597      9.607e-02      
      3598      8.979e-02      
      3611      8.174e-02      
      3612      7.952e-02      
      3614      7.306e-02      
      3615      6.793e-02      
      3616      6.158e-02      
      3617      5.468e-02      
      3618      4.804e-02      
      3619      4.226e-02      
      3621      3.447e-02      
      3622      3.258e-02
3624   3.258e-02