0      0.0      
      1      0.000e+00      
      411      4.284e-03      
      412      7.532e-03      
      413      1.082e-02      
      416      9.820e-03      
      417      6.441e-03      
      418      3.527e-03      
      419      1.682e-03      
      1682      3.883e-03      
      1683      5.041e-03      
      1687      2.238e-03      
      1688      1.326e-03      
      2097      3.627e-03      
      2098      5.425e-03      
      2103      3.266e-03      
      2104      1.914e-03      
      2196      3.160e-03      
      2197      7.880e-03      
      2198      1.590e-02      
      2199      2.615e-02      
      2200      3.530e-02      
      2201      3.939e-02      
      2202      3.656e-02      
      2203      2.835e-02      
      2204      1.846e-02      
      2205      1.017e-02      
      2206      4.864e-03      
      2207      2.139e-03      
      2208      9.764e-04      
      2217      3.796e-03      
      2218      4.478e-03      
      2222      7.215e-03      
      2223      8.906e-03      
      2224      1.119e-02      
      2225      1.388e-02      
      2226      1.676e-02      
      2227      1.965e-02      
      2228      2.240e-02      
      2229      2.497e-02      
      2230      2.737e-02      
      2231      2.967e-02      
      2232      3.182e-02      
      2233      3.374e-02      
      2235      3.659e-02      
      2236      3.755e-02      
      2243      3.458e-02      
      2244      3.421e-02      
      2248      3.202e-02      
      2249      3.086e-02      
      2251      2.825e-02      
      2252      2.712e-02      
      2255      2.428e-02      
      2256      2.321e-02      
      2259      2.022e-02      
      2260      1.958e-02      
      2264      1.690e-02      
      2265      1.592e-02      
      2274      1.314e-02      
      2275      1.258e-02      
      2281      9.369e-03      
      2282      9.149e-03      
      2308      5.942e-03      
      2309      5.476e-03      
      2405      6.882e-03      
      2406      1.093e-02      
      2407      1.665e-02      
      2408      2.262e-02      
      2409      2.734e-02      
      2410      3.082e-02      
      2411      3.458e-02      
      2412      3.970e-02      
      2413      4.504e-02      
      2415      4.586e-02      
      2416      3.940e-02      
      2417      3.042e-02      
      2418      2.135e-02      
      2419      1.403e-02      
      2420      9.268e-03      
      2425      1.120e-02      
      2426      1.391e-02      
      2427      1.695e-02      
      2428      2.005e-02      
      2429      2.292e-02      
      2430      2.533e-02      
      2431      2.724e-02      
      2432      2.879e-02      
      2433      3.029e-02      
      2434      3.221e-02      
      2435      3.501e-02      
      2436      3.888e-02      
      2437      4.351e-02      
      2438      4.826e-02      
      2439      5.245e-02      
      2440      5.565e-02      
      2441      5.782e-02      
      2455      5.539e-02      
      2456      5.326e-02      
      2457      5.091e-02      
      2458      4.848e-02      
      2459      4.620e-02      
      2460      4.421e-02      
      2462      4.126e-02      
      2463      4.009e-02      
      2465      3.764e-02      
      2466      3.636e-02      
      2470      3.330e-02      
      2471      3.299e-02      
      2475      3.002e-02      
      2476      2.872e-02      
      2478      2.627e-02      
      2479      2.508e-02      
      2481      2.220e-02      
      2482      2.063e-02      
      2486      1.749e-02      
      2487      1.713e-02      
      2492      1.403e-02      
      2493      1.369e-02      
      2509      1.079e-02      
      2510      1.032e-02      
      2517      7.306e-03      
      2518      7.057e-03      
      2559      4.161e-03      
      2560      3.807e-03      
      2566      4.703e-03      
      2567      7.769e-03      
      2568      1.261e-02      
      2569      1.794e-02      
      2570      2.136e-02      
      2571      2.123e-02      
      2572      1.798e-02      
      2573      1.354e-02      
      2574      9.559e-03      
      2575      6.662e-03      
      2576      4.756e-03      
      2636      1.731e-03      
      2637      1.326e-03
3624   1.326e-03