0      0.0      
      1      0.000e+00      
      412      2.318e-03      
      413      3.171e-03      
      418      1.665e-03      
      419      1.278e-03      
      422      2.909e-03      
      423      4.161e-03      
      427      2.652e-03      
      428      1.628e-03      
      1069      3.238e-03      
      1070      4.049e-03      
      1073      3.250e-03      
      1074      2.316e-03      
      1077      6.727e-04      
      1078      4.729e-04      
      1207      1.586e-03      
      1208      2.990e-03      
      1209      4.680e-03      
      1210      6.146e-03      
      1213      5.501e-03      
      1214      4.088e-03      
      1215      2.762e-03      
      1216      1.756e-03      
      1228      6.793e-05      
      1229      3.802e-05      
      1680      1.201e-03      
      1681      2.570e-03      
      1682      4.455e-03      
      1683      6.319e-03      
      1686      6.108e-03      
      1687      4.451e-03      
      1688      2.914e-03      
      1689      1.797e-03      
      1699      1.334e-04      
      1700      1.021e-04      
      2195      1.039e-03      
      2196      3.198e-03      
      2197      7.891e-03      
      2198      1.569e-02      
      2199      2.530e-02      
      2200      3.336e-02      
      2201      3.635e-02      
      2202      3.307e-02      
      2203      2.542e-02      
      2204      1.677e-02      
      2205      9.705e-03      
      2206      5.131e-03      
      2207      2.650e-03      
      2208      1.455e-03      
      2209      8.971e-04      
      2404      1.235e-03      
      2405      3.045e-03      
      2406      6.030e-03      
      2407      9.667e-03      
      2408      1.293e-02      
      2409      1.555e-02      
      2410      1.917e-02      
      2411      2.664e-02      
      2412      3.912e-02      
      2413      5.335e-02      
      2414      6.276e-02      
      2415      6.238e-02      
      2416      5.275e-02      
      2417      3.869e-02      
      2418      2.518e-02      
      2419      1.486e-02      
      2420      8.131e-03      
      2421      4.281e-03      
      2422      2.299e-03      
      2425      6.085e-04      
      2426      4.480e-04      
      2571      2.051e-03      
      2572      2.198e-03      
      2578      5.644e-04      
      2579      4.252e-04      
      2947      1.890e-03      
      2948      3.666e-03      
      2949      5.622e-03      
      2952      5.509e-03      
      2953      3.834e-03      
      2954      2.415e-03      
      2955      1.481e-03      
      3145      2.675e-03      
      3146      3.983e-03      
      3147      5.389e-03      
      3148      6.237e-03      
      3150      4.863e-03      
      3151      3.394e-03      
      3152      2.164e-03      
      3153      1.355e-03
3624   1.355e-03