0      0.0      
      1      0.000e+00      
      367      9.233e-03      
      368      1.765e-02      
      369      2.667e-02      
      370      3.193e-02      
      372      2.342e-02      
      373      1.476e-02      
      374      7.901e-03      
      375      3.822e-03      
      385      9.650e-03      
      386      1.585e-02      
      391      7.765e-03      
      392      4.044e-03      
      410      1.136e-02      
      411      2.606e-02      
      412      4.727e-02      
      413      6.785e-02      
      415      6.989e-02      
      416      5.070e-02      
      417      2.995e-02      
      418      1.503e-02      
      422      2.410e-02      
      423      4.279e-02      
      424      6.170e-02      
      426      6.707e-02      
      427      5.091e-02      
      428      3.169e-02      
      429      1.656e-02      
      430      7.614e-03      
      431      3.364e-03      
      1066      8.587e-03      
      1067      1.816e-02      
      1068      3.214e-02      
      1069      4.791e-02      
      1070      6.013e-02      
      1072      5.536e-02      
      1073      4.015e-02      
      1074      2.422e-02      
      1075      1.237e-02      
      1077      2.511e-03      
      1078      1.256e-03      
      1207      1.061e-02      
      1208      1.992e-02      
      1209      3.118e-02      
      1210      4.138e-02      
      1214      3.332e-02      
      1215      2.329e-02      
      1216      1.447e-02      
      1217      8.143e-03      
      1681      1.080e-02      
      1682      1.904e-02      
      1683      2.725e-02      
      1684      3.182e-02      
      1686      2.420e-02      
      1687      1.615e-02      
      1688      9.312e-03      
      1689      4.893e-03      
      1989      1.453e-02      
      1990      1.630e-02      
      1995      7.515e-03      
      1996      4.047e-03      
      2097      1.087e-02      
      2098      1.801e-02      
      2099      2.476e-02      
      2100      2.830e-02      
      2102      2.136e-02      
      2103      1.420e-02      
      2104      8.051e-03      
      2105      4.062e-03      
      2196      1.390e-02      
      2197      3.164e-02      
      2198      5.975e-02      
      2199      9.517e-02      
      2200      1.293e-01      
      2201      1.502e-01      
      2202      1.478e-01      
      2203      1.217e-01      
      2204      8.286e-02      
      2205      4.664e-02      
      2206      2.203e-02      
      2207      9.142e-03      
      2405      8.907e-03      
      2406      2.120e-02      
      2407      3.997e-02      
      2408      6.013e-02      
      2409      7.365e-02      
      2411      7.936e-02      
      2412      8.889e-02      
      2413      1.072e-01      
      2414      1.229e-01      
      2415      1.237e-01      
      2416      1.070e-01      
      2417      8.034e-02      
      2418      5.322e-02      
      2419      3.156e-02      
      2420      1.701e-02      
      2421      8.634e-03      
      2422      4.500e-03      
      2568      1.077e-02      
      2569      2.153e-02      
      2570      3.539e-02      
      2571      4.794e-02      
      2574      3.806e-02      
      2575      2.444e-02      
      2576      1.341e-02      
      2577      6.587e-03      
      2578      3.214e-03      
      2947      1.301e-02      
      2948      2.791e-02      
      2949      4.754e-02      
      2950      6.436e-02      
      2952      5.973e-02      
      2953      4.136e-02      
      2954      2.336e-02      
      2955      1.111e-02      
      2957      2.035e-03      
      2958      9.649e-04      
      3139      4.886e-03      
      3140      1.558e-02      
      3141      3.905e-02      
      3142      7.714e-02      
      3143      1.206e-01      
      3144      1.504e-01      
      3145      1.523e-01      
      3146      1.303e-01      
      3147      1.023e-01      
      3148      8.179e-02      
      3149      6.822e-02      
      3150      5.460e-02      
      3151      3.830e-02      
      3152      2.261e-02      
      3153      1.129e-02      
      3155      2.166e-03      
      3156      1.008e-03      
      3343      4.187e-03      
      3344      1.178e-02      
      3345      2.666e-02      
      3346      4.828e-02      
      3347      6.970e-02      
      3348      8.009e-02      
      3349      7.336e-02      
      3350      5.388e-02      
      3351      3.213e-02      
      3352      1.599e-02      
      3353      7.011e-03      
      3354      2.965e-03      
      3394      1.208e-02      
      3395      1.523e-02      
      3399      7.918e-03      
      3400      4.918e-03      
      3553      7.779e-03      
      3554      1.844e-02      
      3555      3.437e-02      
      3556      5.042e-02      
      3558      5.347e-02      
      3559      3.910e-02      
      3560      2.316e-02      
      3561      1.144e-02      
      3563      2.145e-03      
      3564      9.986e-04
3624   9.986e-04