0      0.0      
      1      0.000e+00      
      1067      1.933e-02      
      1068      3.458e-02      
      1069      5.219e-02      
      1070      6.668e-02      
      1071      7.207e-02      
      1072      6.578e-02      
      1073      5.082e-02      
      1074      3.365e-02      
      1075      1.966e-02      
      1076      1.070e-02      
      2197      2.377e-02      
      2198      5.076e-02      
      2199      8.850e-02      
      2200      1.271e-01      
      2201      1.516e-01      
      2202      1.512e-01      
      2203      1.267e-01      
      2204      8.995e-02      
      2205      5.478e-02      
      2206      2.945e-02      
      2207      1.476e-02      
      2208      7.519e-03      
      2405      1.349e-02      
      2406      2.909e-02      
      2407      5.111e-02      
      2408      7.450e-02      
      2409      9.387e-02      
      2410      1.105e-01      
      2411      1.334e-01      
      2412      1.698e-01      
      2413      2.126e-01      
      2414      2.413e-01      
      2415      2.382e-01      
      2416      2.027e-01      
      2417      1.500e-01      
      2418      9.804e-02      
      2419      5.769e-02      
      2420      3.130e-02      
      2421      1.623e-02      
      2422      8.497e-03      
      2567      1.401e-02      
      2568      2.732e-02      
      2569      4.337e-02      
      2570      5.608e-02      
      2573      4.346e-02      
      2574      3.143e-02      
      2575      2.132e-02      
      2576      1.406e-02      
      3345      2.443e-02      
      3346      3.262e-02      
      3350      1.786e-02      
      3351      1.121e-02
3624   1.121e-02