0      0.0      
      1      0.000e+00      
      369      7.228e-03      
      370      1.086e-02      
      377      2.401e-03      
      378      1.225e-03      
      413      9.279e-03      
      414      1.520e-02      
      423      2.086e-02      
      424      3.551e-02      
      425      5.275e-02      
      426      6.471e-02      
      427      6.470e-02      
      428      5.277e-02      
      429      3.527e-02      
      430      1.940e-02      
      431      8.800e-03      
      1208      1.557e-02      
      1209      3.035e-02      
      1210      4.841e-02      
      1211      6.386e-02      
      1213      6.611e-02      
      1214      5.314e-02      
      1215      3.695e-02      
      1216      2.230e-02      
      1217      1.165e-02      
      1218      5.232e-03      
      1219      1.994e-03      
      1606      8.799e-03      
      1607      1.280e-02      
      1611      4.710e-03      
      1612      1.963e-03      
      2098      6.736e-03      
      2099      1.112e-02      
      2105      3.332e-03      
      2106      1.399e-03      
      2197      5.766e-03      
      2198      1.624e-02      
      2199      3.856e-02      
      2200      7.540e-02      
      2201      1.195e-01      
      2202      1.522e-01      
      2203      1.550e-01      
      2204      1.256e-01      
      2205      8.082e-02      
      2206      4.124e-02      
      2207      1.665e-02      
      2208      5.315e-03      
      2406      1.232e-02      
      2407      2.683e-02      
      2408      4.915e-02      
      2409      7.510e-02      
      2410      9.667e-02      
      2411      1.078e-01      
      2414      1.029e-01      
      2415      9.664e-02      
      2416      8.556e-02      
      2417      7.013e-02      
      2418      5.276e-02      
      2419      3.586e-02      
      2420      2.143e-02      
      2421      1.092e-02      
      2422      4.625e-03      
      2423      1.599e-03      
      2568      5.498e-03      
      2569      1.096e-02      
      2570      1.760e-02      
      2571      2.276e-02      
      2573      1.960e-02      
      2574      1.300e-02      
      2575      6.871e-03      
      2576      2.891e-03      
      3142      6.239e-03      
      3143      1.314e-02      
      3144      2.244e-02      
      3145      3.103e-02      
      3146      3.500e-02      
      3148      2.682e-02      
      3149      2.027e-02      
      3150      1.479e-02      
      3151      1.018e-02      
      3154      1.263e-03      
      3155      4.036e-04      
      3344      8.703e-03      
      3345      2.534e-02      
      3346      5.808e-02      
      3347      1.047e-01      
      3348      1.481e-01      
      3349      1.645e-01      
      3350      1.432e-01      
      3351      9.759e-02      
      3352      5.210e-02      
      3353      2.177e-02      
      3354      7.126e-03      
      3395      1.502e-02      
      3396      2.378e-02      
      3400      1.569e-02      
      3401      8.186e-03      
      3549      1.614e-02      
      3550      4.519e-02      
      3551      1.014e-01      
      3552      1.824e-01      
      3553      2.636e-01      
      3554      3.082e-01      
      3555      2.963e-01      
      3556      2.417e-01      
      3557      1.760e-01      
      3558      1.212e-01      
      3559      8.069e-02      
      3560      5.026e-02      
      3561      2.766e-02      
      3562      1.284e-02      
      3563      4.889e-03      
      3564      1.511e-03
3624   1.511e-03