0      0.0      
      1      0.000e+00      
      411      1.279e-02      
      412      2.465e-02      
      413      3.781e-02      
      414      4.643e-02      
      416      3.760e-02      
      417      2.592e-02      
      419      9.520e-03      
      420      7.101e-03      
      422      1.569e-02      
      423      2.772e-02      
      424      4.203e-02      
      425      5.270e-02      
      427      4.685e-02      
      428      3.415e-02      
      429      2.177e-02      
      430      1.283e-02      
      1066      1.578e-02      
      1067      3.408e-02      
      1068      6.098e-02      
      1069      9.139e-02      
      1070      1.156e-01      
      1072      1.119e-01      
      1073      8.575e-02      
      1074      5.610e-02      
      1075      3.208e-02      
      1076      1.679e-02      
      1077      8.669e-03      
      1206      1.265e-02      
      1207      2.864e-02      
      1208      5.342e-02      
      1209      8.340e-02      
      1210      1.111e-01      
      1211      1.291e-01      
      1213      1.234e-01      
      1214      1.030e-01      
      1215      7.724e-02      
      1216      5.212e-02      
      1217      3.205e-02      
      1218      1.846e-02      
      1219      1.041e-02      
      1987      2.228e-02      
      1988      2.880e-02      
      1995      1.244e-02      
      1996      7.994e-03      
      2097      1.567e-02      
      2098      2.707e-02      
      2099      3.849e-02      
      2100      4.544e-02      
      2102      3.774e-02      
      2103      2.729e-02      
      2104      1.745e-02      
      2105      1.030e-02      
      2196      1.917e-02      
      2197      4.349e-02      
      2198      8.167e-02      
      2199      1.292e-01      
      2200      1.747e-01      
      2201      2.035e-01      
      2202      2.035e-01      
      2203      1.735e-01      
      2204      1.254e-01      
      2205      7.724e-02      
      2206      4.141e-02      
      2207      2.027e-02      
      2209      5.138e-03      
      2210      3.092e-03      
      2406      1.402e-02      
      2407      2.732e-02      
      2408      4.276e-02      
      2409      5.499e-02      
      2411      6.637e-02      
      2412      7.708e-02      
      2413      9.513e-02      
      2414      1.127e-01      
      2416      1.101e-01      
      2417      8.958e-02      
      2418      6.510e-02      
      2419      4.289e-02      
      2420      2.602e-02      
      2421      1.488e-02      
      2422      8.351e-03      
      2570      1.729e-02      
      2571      2.665e-02      
      2576      1.590e-02      
      2577      9.730e-03      
      2947      1.879e-02      
      2948      4.287e-02      
      2949      7.796e-02      
      2950      1.133e-01      
      2951      1.320e-01      
      2952      1.241e-01      
      2953      9.514e-02      
      2954      6.065e-02      
      2955      3.323e-02      
      2956      1.659e-02      
      2957      8.259e-03      
      3140      1.174e-02      
      3141      3.080e-02      
      3142      6.438e-02      
      3143      1.078e-01      
      3144      1.460e-01      
      3146      1.518e-01      
      3147      1.258e-01      
      3148      9.932e-02      
      3149      7.879e-02      
      3150      6.206e-02      
      3151      4.592e-02      
      3152      3.068e-02      
      3153      1.851e-02      
      3154      1.047e-02      
      3344      1.289e-02      
      3345      3.055e-02      
      3346      5.778e-02      
      3347      8.732e-02      
      3348      1.058e-01      
      3349      1.035e-01      
      3350      8.266e-02      
      3351      5.500e-02      
      3352      3.155e-02      
      3353      1.650e-02      
      3354      8.537e-03      
      3554      2.436e-02      
      3555      4.314e-02      
      3556      6.276e-02      
      3559      5.625e-02      
      3560      3.731e-02      
      3561      2.163e-02      
      3562      1.163e-02
3624   1.163e-02