0      0.0      
      1      3.030e-04      
      37      3.229e-03      
      38      3.348e-03      
      48      3.353e-04      
      49      3.149e-04      
      412      2.621e-03      
      413      3.577e-03      
      430      5.942e-04      
      431      4.666e-04      
      1066      3.345e-03      
      1067      6.044e-03      
      1068      9.382e-03      
      1069      1.247e-02      
      1072      1.177e-02      
      1073      8.637e-03      
      1074      5.644e-03      
      1075      3.434e-03      
      1081      4.417e-04      
      1082      3.756e-04      
      1205      1.588e-03      
      1206      3.660e-03      
      1207      7.313e-03      
      1208      1.210e-02      
      1209      1.647e-02      
      1212      1.476e-02      
      1213      1.089e-02      
      1214      7.347e-03      
      1215      4.661e-03      
      1216      2.878e-03      
      1679      2.768e-03      
      1680      6.661e-03      
      1681      1.370e-02      
      1682      2.333e-02      
      1683      3.272e-02      
      1684      3.786e-02      
      1685      3.637e-02      
      1686      2.929e-02      
      1687      2.010e-02      
      1688      1.205e-02      
      1689      6.585e-03      
      1690      3.506e-03      
      1697      4.893e-04      
      1698      4.253e-04      
      2095      2.084e-03      
      2096      3.954e-03      
      2097      6.344e-03      
      2098      8.474e-03      
      2101      7.404e-03      
      2102      5.407e-03      
      2103      3.629e-03      
      2104      2.346e-03      
      2195      3.290e-03      
      2196      8.709e-03      
      2197      1.945e-02      
      2198      3.588e-02      
      2199      5.476e-02      
      2200      6.967e-02      
      2201      7.454e-02      
      2202      6.765e-02      
      2203      5.250e-02      
      2204      3.516e-02      
      2205      2.063e-02      
      2206      1.093e-02      
      2207      5.507e-03      
      2208      2.860e-03      
      2209      1.656e-03      
      2404      4.361e-03      
      2405      1.065e-02      
      2406      2.121e-02      
      2407      3.449e-02      
      2408      4.651e-02      
      2409      5.471e-02      
      2410      6.296e-02      
      2411      8.124e-02      
      2412      1.170e-01      
      2413      1.644e-01      
      2414      2.043e-01      
      2415      2.177e-01      
      2416      1.994e-01      
      2417      1.592e-01      
      2418      1.125e-01      
      2419      7.108e-02      
      2420      4.044e-02      
      2421      2.098e-02      
      2422      1.027e-02      
      2423      5.087e-03      
      2424      2.847e-03      
      2425      1.934e-03      
      2567      3.288e-03      
      2568      5.746e-03      
      2569      9.219e-03      
      2570      1.289e-02      
      2571      1.557e-02      
      2572      1.641e-02      
      2573      1.534e-02      
      2574      1.296e-02      
      2575      1.010e-02      
      2576      7.472e-03      
      2577      5.450e-03      
      2578      4.110e-03      
      2804      1.191e-03      
      2805      1.077e-03      
      2946      3.690e-03      
      2947      8.238e-03      
      2948      1.546e-02      
      2949      2.343e-02      
      2950      2.841e-02      
      2951      2.768e-02      
      2952      2.195e-02      
      2953      1.452e-02      
      2954      8.391e-03      
      2955      4.581e-03      
      2957      1.727e-03      
      2958      1.311e-03      
      3140      2.696e-03      
      3141      5.786e-03      
      3142      1.037e-02      
      3143      1.529e-02      
      3144      1.892e-02      
      3145      2.085e-02      
      3146      2.245e-02      
      3147      2.499e-02      
      3148      2.745e-02      
      3149      2.725e-02      
      3150      2.308e-02      
      3151      1.640e-02      
      3152      9.931e-03      
      3153      5.377e-03      
      3154      2.836e-03      
      3155      1.620e-03
3624   1.620e-03