0      0.0      
      1      0.000e+00      
      410      1.488e-03      
      411      3.238e-03      
      412      5.681e-03      
      413      8.057e-03      
      416      6.432e-03      
      417      3.877e-03      
      418      1.895e-03      
      419      8.395e-04      
      422      2.170e-03      
      423      3.493e-03      
      427      2.282e-03      
      428      1.138e-03      
      1681      2.240e-03      
      1682      3.486e-03      
      1686      2.277e-03      
      1687      1.218e-03      
      2098      3.340e-03      
      2099      3.495e-03      
      2101      2.115e-03      
      2102      1.223e-03      
      2196      2.109e-03      
      2197      5.050e-03      
      2198      9.909e-03      
      2199      1.606e-02      
      2200      2.165e-02      
      2201      2.434e-02      
      2202      2.284e-02      
      2203      1.781e-02      
      2204      1.150e-02      
      2205      6.132e-03      
      2206      2.721e-03      
      2207      1.027e-03      
      2208      3.447e-04      
      2405      1.327e-03      
      2406      2.709e-03      
      2407      4.474e-03      
      2408      6.284e-03      
      2409      8.435e-03      
      2410      1.270e-02      
      2411      2.174e-02      
      2412      3.636e-02      
      2413      5.266e-02      
      2414      6.319e-02      
      2415      6.253e-02      
      2416      5.166e-02      
      2417      3.631e-02      
      2418      2.209e-02      
      2419      1.175e-02      
      2420      5.479e-03      
      2421      2.248e-03      
      2424      9.541e-05      
      2425      3.160e-05      
      2566      1.020e-03      
      2567      2.526e-03      
      2568      4.952e-03      
      2569      7.754e-03      
      2570      9.843e-03      
      2571      1.037e-02      
      2572      9.347e-03      
      2573      7.476e-03      
      2574      5.457e-03      
      2575      3.680e-03      
      2576      2.285e-03      
      2577      1.311e-03      
      2947      3.110e-03      
      2948      5.925e-03      
      2949      8.840e-03      
      2952      6.909e-03      
      2953      3.979e-03      
      2954      1.836e-03      
      2955      6.906e-04      
      3141      2.599e-03      
      3142      4.910e-03      
      3143      7.308e-03      
      3151      5.267e-03      
      3152      2.851e-03      
      3153      1.249e-03      
      3154      4.557e-04      
      3343      1.763e-03      
      3344      3.433e-03      
      3345      5.280e-03      
      3346      6.444e-03      
      3348      4.909e-03      
      3349      3.103e-03      
      3350      1.594e-03      
      3351      6.672e-04
3624   6.672e-04