0      0.0      
      1      0.000e+00      
      35      2.788e-03      
      36      4.630e-03      
      42      1.010e-03      
      43      5.094e-04      
      366      2.221e-03      
      367      5.964e-03      
      368      1.268e-02      
      369      2.137e-02      
      370      2.856e-02      
      372      2.588e-02      
      373      1.796e-02      
      374      1.052e-02      
      375      5.536e-03      
      376      2.832e-03      
      377      1.491e-03      
      407      4.661e-03      
      408      5.502e-03      
      410      9.075e-03      
      411      1.353e-02      
      412      1.997e-02      
      413      2.639e-02      
      415      2.791e-02      
      416      2.245e-02      
      417      1.628e-02      
      418      1.180e-02      
      422      1.379e-02      
      423      2.003e-02      
      424      2.927e-02      
      425      3.906e-02      
      426      4.518e-02      
      427      4.467e-02      
      428      3.817e-02      
      429      2.924e-02      
      430      2.143e-02      
      431      1.629e-02      
      432      1.357e-02      
      433      1.233e-02      
      442      1.583e-02      
      443      1.656e-02      
      450      1.317e-02      
      451      1.219e-02      
      469      8.904e-03      
      470      8.112e-03      
      518      4.482e-03      
      519      3.755e-03      
      1067      5.376e-03      
      1068      1.169e-02      
      1069      2.108e-02      
      1070      3.123e-02      
      1071      3.772e-02      
      1072      3.688e-02      
      1073      2.907e-02      
      1074      1.845e-02      
      1075      9.495e-03      
      1076      4.058e-03      
      1079      3.011e-04      
      1080      1.665e-04      
      1205      2.238e-03      
      1206      6.652e-03      
      1207      1.606e-02      
      1208      3.175e-02      
      1209      5.206e-02      
      1210      7.181e-02      
      1211      8.481e-02      
      1212      8.738e-02      
      1213      7.989e-02      
      1214      6.572e-02      
      1215      4.921e-02      
      1216      3.400e-02      
      1217      2.211e-02      
      1218      1.398e-02      
      1219      9.035e-03      
      1220      6.358e-03      
      1221      5.098e-03      
      1232      8.227e-03      
      1233      9.191e-03      
      1247      5.457e-03      
      1248      5.034e-03      
      1325      1.330e-03      
      1326      8.915e-04      
      1986      3.843e-03      
      1987      6.988e-03      
      1988      1.070e-02      
      1989      1.406e-02      
      1993      1.096e-02      
      1994      7.377e-03      
      1995      4.478e-03      
      1996      2.572e-03      
      2096      3.694e-03      
      2097      7.450e-03      
      2098      1.197e-02      
      2099      1.542e-02      
      2100      1.602e-02      
      2101      1.354e-02      
      2102      9.387e-03      
      2103      5.413e-03      
      2104      2.674e-03      
      2105      1.211e-03      
      2195      2.355e-03      
      2196      5.483e-03      
      2197      1.065e-02      
      2198      1.774e-02      
      2199      2.607e-02      
      2200      3.438e-02      
      2201      4.038e-02      
      2202      4.121e-02      
      2203      3.550e-02      
      2204      2.530e-02      
      2205      1.479e-02      
      2206      7.138e-03      
      2207      2.959e-03      
      2406      4.541e-03      
      2407      8.984e-03      
      2408      1.424e-02      
      2409      1.834e-02      
      2412      2.064e-02      
      2413      2.376e-02      
      2414      2.774e-02      
      2416      2.831e-02      
      2417      2.374e-02      
      2418      1.764e-02      
      2419      1.159e-02      
      2420      6.689e-03      
      2421      3.404e-03      
      2422      1.597e-03      
      2567      2.580e-03      
      2568      6.176e-03      
      2569      1.209e-02      
      2570      1.939e-02      
      2571      2.545e-02      
      2573      2.397e-02      
      2574      1.723e-02      
      2575      1.023e-02      
      2576      5.108e-03      
      2577      2.265e-03      
      2578      1.013e-03      
      2946      2.688e-03      
      2947      8.021e-03      
      2948      1.880e-02      
      2949      3.457e-02      
      2950      4.988e-02      
      2951      5.646e-02      
      2952      5.020e-02      
      2953      3.514e-02      
      2954      1.949e-02      
      2955      8.712e-03      
      2956      3.283e-03      
      3140      2.616e-03      
      3141      7.642e-03      
      3142      1.780e-02      
      3143      3.313e-02      
      3144      4.948e-02      
      3145      5.980e-02      
      3146      5.937e-02      
      3147      5.003e-02      
      3148      3.806e-02      
      3149      2.844e-02      
      3150      2.177e-02      
      3151      1.629e-02      
      3152      1.102e-02      
      3153      6.437e-03      
      3154      3.250e-03      
      3155      1.484e-03      
      3343      2.652e-03      
      3344      8.382e-03      
      3345      2.086e-02      
      3346      4.094e-02      
      3347      6.347e-02      
      3348      7.790e-02      
      3349      7.590e-02      
      3350      5.891e-02      
      3351      3.661e-02      
      3352      1.839e-02      
      3353      7.640e-03      
      3354      2.790e-03      
      3393      5.989e-03      
      3394      9.610e-03      
      3395      1.348e-02      
      3399      1.161e-02      
      3400      7.725e-03      
      3401      4.452e-03      
      3402      2.291e-03      
      3550      5.565e-03      
      3551      1.212e-02      
      3552      2.159e-02      
      3553      3.183e-02      
      3554      3.958e-02      
      3556      4.019e-02      
      3557      3.371e-02      
      3558      2.490e-02      
      3559      1.597e-02      
      3560      8.834e-03      
      3561      4.263e-03      
      3564      5.246e-04      
      3565      4.058e-04
3624   4.058e-04