0      0.0      
      1      0.000e+00      
      37      1.729e-02      
      38      2.047e-02      
      44      8.701e-04      
      45      3.142e-04      
      368      1.496e-02      
      369      2.916e-02      
      370      4.482e-02      
      371      5.461e-02      
      373      4.226e-02      
      374      2.831e-02      
      376      9.581e-03      
      377      5.265e-03      
      387      2.330e-02      
      388      2.770e-02      
      394      4.755e-02      
      395      4.854e-02      
      414      6.355e-02      
      415      6.936e-02      
      423      8.819e-02      
      424      1.079e-01      
      425      1.301e-01      
      426      1.466e-01      
      427      1.506e-01      
      428      1.418e-01      
      429      1.259e-01      
      430      1.099e-01      
      431      9.861e-02      
      440      7.978e-02      
      441      7.755e-02      
      449      5.866e-02      
      450      5.438e-02      
      467      3.509e-02      
      468      3.277e-02      
      483      1.381e-02      
      484      1.272e-02      
      1070      3.239e-02      
      1071      4.953e-02      
      1074      4.382e-02      
      1075      2.696e-02      
      1076      1.352e-02      
      1077      5.628e-03      
      1206      1.139e-02      
      1207      3.047e-02      
      1208      6.520e-02      
      1209      1.125e-01      
      1210      1.579e-01      
      1211      1.828e-01      
      1212      1.776e-01      
      1213      1.482e-01      
      1214      1.098e-01      
      1215      7.584e-02      
      1216      5.346e-02      
      1220      6.459e-02      
      1221      8.014e-02      
      1222      9.693e-02      
      1223      1.129e-01      
      1224      1.256e-01      
      1225      1.337e-01      
      1231      1.183e-01      
      1232      1.103e-01      
      1234      9.541e-02      
      1235      8.888e-02      
      1238      7.004e-02      
      1239      6.440e-02      
      1244      4.454e-02      
      1245      4.273e-02      
      1264      2.401e-02      
      1265      2.202e-02      
      1282      2.023e-03      
      1283      1.411e-03      
      1605      1.324e-02      
      1606      2.499e-02      
      1612      7.088e-03      
      1613      2.615e-03      
      2096      1.147e-02      
      2097      2.769e-02      
      2098      5.258e-02      
      2099      7.872e-02      
      2102      6.682e-02      
      2103      4.147e-02      
      2104      2.153e-02      
      2105      9.651e-03      
      2196      1.748e-02      
      2197      3.811e-02      
      2198      7.188e-02      
      2199      1.213e-01      
      2200      1.844e-01      
      2201      2.474e-01      
      2202      2.832e-01      
      2203      2.703e-01      
      2204      2.142e-01      
      2205      1.460e-01      
      2206      9.668e-02      
      2209      1.037e-01      
      2210      1.269e-01      
      2211      1.473e-01      
      2218      1.276e-01      
      2219      1.190e-01      
      2221      1.029e-01      
      2222      9.465e-02      
      2224      7.742e-02      
      2225      6.932e-02      
      2228      5.162e-02      
      2229      4.816e-02      
      2251      2.891e-02      
      2252      2.575e-02      
      2266      6.614e-03      
      2267      5.357e-03      
      2407      1.344e-02      
      2408      2.561e-02      
      2409      4.060e-02      
      2410      5.426e-02      
      2424      7.180e-02      
      2425      7.806e-02      
      2427      9.272e-02      
      2428      9.813e-02      
      2434      8.074e-02      
      2435      7.790e-02      
      2439      6.275e-02      
      2440      5.776e-02      
      2445      3.886e-02      
      2446      3.758e-02      
      2471      1.779e-02      
      2472      1.675e-02      
      2570      3.137e-02      
      2571      4.010e-02      
      2574      2.232e-02      
      2575      1.326e-02      
      3145      3.136e-02      
      3146      3.459e-02      
      3149      1.783e-02      
      3150      1.279e-02      
      3345      3.061e-02      
      3346      6.848e-02      
      3347      1.211e-01      
      3348      1.695e-01      
      3350      1.641e-01      
      3351      1.140e-01      
      3352      6.323e-02      
      3353      2.825e-02      
      3354      1.035e-02      
      3355      3.188e-03      
      3366      2.021e-02      
      3367      2.447e-02      
      3369      4.249e-02      
      3370      5.862e-02      
      3371      7.511e-02      
      3372      8.439e-02      
      3374      7.005e-02      
      3375      5.633e-02      
      3379      3.707e-02      
      3380      3.591e-02      
      3393      4.244e-02      
      3394      5.737e-02      
      3395      7.827e-02      
      3396      9.911e-02      
      3400      8.421e-02      
      3401      7.321e-02      
      3425      5.746e-02      
      3426      5.226e-02      
      3429      6.448e-02      
      3430      7.755e-02      
      3435      6.156e-02      
      3436      5.637e-02      
      3453      3.802e-02      
      3454      3.442e-02      
      3466      1.539e-02      
      3467      1.433e-02      
      3549      1.791e-02      
      3550      4.757e-02      
      3551      1.018e-01      
      3552      1.758e-01      
      3553      2.451e-01      
      3554      2.783e-01      
      3555      2.619e-01      
      3556      2.133e-01      
      3557      1.628e-01      
      3558      1.298e-01      
      3562      1.433e-01      
      3563      1.636e-01      
      3564      1.821e-01      
      3565      1.945e-01      
      3568      1.858e-01      
      3569      1.729e-01      
      3570      1.596e-01      
      3571      1.479e-01      
      3573      1.287e-01      
      3574      1.185e-01      
      3575      1.077e-01      
      3576      9.703e-02      
      3578      7.929e-02      
      3579      7.241e-02      
      3587      5.260e-02      
      3588      5.179e-02      
      3606      3.333e-02      
      3607      3.072e-02      
      3615      1.162e-02      
      3616      9.888e-03
3624   9.888e-03