0      0.0      
      1      1.111e-03      
      36      1.604e-02      
      37      2.128e-02      
      42      1.215e-02      
      43      9.413e-03      
      367      1.102e-02      
      368      2.146e-02      
      369      3.468e-02      
      370      4.615e-02      
      373      3.978e-02      
      374      3.017e-02      
      375      2.196e-02      
      376      1.599e-02      
      381      4.961e-03      
      382      4.398e-03      
      386      1.348e-02      
      387      1.854e-02      
      395      7.495e-03      
      396      6.361e-03      
      409      9.208e-03      
      410      1.809e-02      
      411      3.719e-02      
      412      6.847e-02      
      413      1.063e-01      
      414      1.375e-01      
      415      1.491e-01      
      416      1.385e-01      
      417      1.137e-01      
      418      8.623e-02      
      419      6.396e-02      
      420      5.066e-02      
      422      5.921e-02      
      423      8.282e-02      
      424      1.133e-01      
      425      1.389e-01      
      427      1.400e-01      
      428      1.183e-01      
      429      9.275e-02      
      430      7.017e-02      
      431      5.321e-02      
      432      4.165e-02      
      433      3.414e-02      
      434      2.936e-02      
      448      1.844e-02      
      449      1.811e-02      
      481      7.302e-03      
      482      6.997e-03      
      1065      8.042e-03      
      1066      1.928e-02      
      1067      4.051e-02      
      1068      7.280e-02      
      1069      1.122e-01      
      1070      1.493e-01      
      1071      1.728e-01      
      1072      1.751e-01      
      1073      1.565e-01      
      1074      1.252e-01      
      1075      9.155e-02      
      1076      6.305e-02      
      1077      4.232e-02      
      1078      2.857e-02      
      1079      1.985e-02      
      1080      1.434e-02      
      1086      3.750e-03      
      1087      3.210e-03      
      1205      6.493e-03      
      1206      1.641e-02      
      1207      3.666e-02      
      1208      6.954e-02      
      1209      1.119e-01      
      1210      1.550e-01      
      1211      1.879e-01      
      1212      2.028e-01      
      1213      1.977e-01      
      1214      1.754e-01      
      1215      1.428e-01      
      1216      1.080e-01      
      1217      7.758e-02      
      1218      5.459e-02      
      1219      3.897e-02      
      1220      2.900e-02      
      1221      2.274e-02      
      1227      1.175e-02      
      1228      1.142e-02      
      1681      1.563e-02      
      1682      2.825e-02      
      1683      4.289e-02      
      1684      5.468e-02      
      1687      4.610e-02      
      1688      3.547e-02      
      1689      2.637e-02      
      1690      1.974e-02      
      1693      1.007e-02      
      1694      8.555e-03      
      1988      1.953e-02      
      1989      2.361e-02      
      1997      1.256e-02      
      1998      9.559e-03      
      2097      1.479e-02      
      2098      2.547e-02      
      2099      3.740e-02      
      2100      4.683e-02      
      2101      5.036e-02      
      2103      3.933e-02      
      2104      3.018e-02      
      2105      2.219e-02      
      2106      1.626e-02      
      2111      5.569e-03      
      2112      4.969e-03      
      2195      6.407e-03      
      2196      1.664e-02      
      2197      3.858e-02      
      2198      7.674e-02      
      2199      1.309e-01      
      2200      1.930e-01      
      2201      2.473e-01      
      2202      2.764e-01      
      2203      2.703e-01      
      2204      2.336e-01      
      2205      1.818e-01      
      2206      1.312e-01      
      2207      9.060e-02      
      2208      6.188e-02      
      2209      4.294e-02      
      2210      3.089e-02      
      2211      2.329e-02      
      2212      1.849e-02      
      2230      7.468e-03      
      2231      7.307e-03      
      2405      7.988e-03      
      2406      1.872e-02      
      2407      3.731e-02      
      2408      6.169e-02      
      2409      8.597e-02      
      2410      1.061e-01      
      2411      1.256e-01      
      2412      1.531e-01      
      2413      1.909e-01      
      2414      2.286e-01      
      2415      2.505e-01      
      2416      2.482e-01      
      2417      2.249e-01      
      2418      1.901e-01      
      2419      1.526e-01      
      2420      1.186e-01      
      2421      9.114e-02      
      2422      7.082e-02      
      2423      5.672e-02      
      2424      4.724e-02      
      2425      4.088e-02      
      2428      3.119e-02      
      2429      2.953e-02      
      2451      1.856e-02      
      2452      1.822e-02      
      2488      7.114e-03      
      2489      6.916e-03      
      2568      1.534e-02      
      2569      3.096e-02      
      2570      5.345e-02      
      2571      7.849e-02      
      2572      9.836e-02      
      2574      9.981e-02      
      2575      8.367e-02      
      2576      6.443e-02      
      2577      4.747e-02      
      2578      3.503e-02      
      2579      2.700e-02      
      2580      2.236e-02      
      2589      1.132e-02      
      2590      1.048e-02      
      2947      1.912e-02      
      2948      4.137e-02      
      2949      7.405e-02      
      2950      1.091e-01      
      2951      1.334e-01      
      2952      1.371e-01      
      2953      1.210e-01      
      2954      9.436e-02      
      2955      6.742e-02      
      2956      4.601e-02      
      2957      3.123e-02      
      2958      2.171e-02      
      2959      1.568e-02      
      2964      5.118e-03      
      2965      4.398e-03      
      3139      6.586e-03      
      3140      1.881e-02      
      3141      4.709e-02      
      3142      9.721e-02      
      3143      1.640e-01      
      3144      2.283e-01      
      3145      2.684e-01      
      3147      2.680e-01      
      3148      2.530e-01      
      3149      2.355e-01      
      3150      2.097e-01      
      3151      1.731e-01      
      3152      1.315e-01      
      3153      9.356e-02      
      3154      6.442e-02      
      3155      4.443e-02      
      3156      3.153e-02      
      3157      2.333e-02      
      3158      1.804e-02      
      3166      6.932e-03      
      3167      6.683e-03      
      3344      1.109e-02      
      3345      2.443e-02      
      3346      4.567e-02      
      3347      7.084e-02      
      3348      9.106e-02      
      3350      8.985e-02      
      3351      7.238e-02      
      3352      5.328e-02      
      3353      3.755e-02      
      3354      2.648e-02      
      3355      1.922e-02      
      3358      9.238e-03      
      3359      7.782e-03      
      3392      1.643e-02      
      3393      1.970e-02      
      3395      3.007e-02      
      3396      3.377e-02      
      3401      2.416e-02      
      3402      2.188e-02      
      3439      1.099e-02      
      3440      1.070e-02      
      3554      1.763e-02      
      3555      3.431e-02      
      3556      5.484e-02      
      3557      7.186e-02      
      3559      7.201e-02      
      3560      5.826e-02      
      3561      4.329e-02      
      3562      3.108e-02      
      3563      2.252e-02      
      3564      1.683e-02      
      3569      6.251e-03      
      3570      5.554e-03
3624   5.554e-03