0      0.0      
      1      0.000e+00      
      35      4.552e-03      
      36      7.444e-03      
      43      1.483e-03      
      44      9.465e-04      
      367      4.505e-03      
      368      9.521e-03      
      369      1.600e-02      
      370      2.142e-02      
      371      2.295e-02      
      372      1.983e-02      
      373      1.402e-02      
      374      8.353e-03      
      375      4.447e-03      
      385      7.380e-03      
      386      1.082e-02      
      403      1.658e-02      
      404      2.015e-02      
      405      2.393e-02      
      406      2.714e-02      
      408      3.122e-02      
      409      3.375e-02      
      410      3.903e-02      
      411      4.904e-02      
      412      6.370e-02      
      413      7.894e-02      
      414      8.812e-02      
      415      8.688e-02      
      416      7.688e-02      
      417      6.435e-02      
      418      5.525e-02      
      421      6.100e-02      
      422      7.164e-02      
      423      8.638e-02      
      424      1.033e-01      
      425      1.175e-01      
      426      1.242e-01      
      427      1.216e-01      
      428      1.131e-01      
      429      1.035e-01      
      430      9.674e-02      
      443      9.203e-02      
      444      8.978e-02      
      445      8.692e-02      
      446      8.344e-02      
      447      7.932e-02      
      448      7.460e-02      
      449      6.951e-02      
      450      6.442e-02      
      451      5.985e-02      
      452      5.624e-02      
      464      5.020e-02      
      465      4.936e-02      
      472      4.423e-02      
      473      4.253e-02      
      475      3.833e-02      
      476      3.624e-02      
      501      3.027e-02      
      502      2.907e-02      
      512      2.346e-02      
      513      2.264e-02      
      540      1.696e-02      
      541      1.628e-02      
      550      1.077e-02      
      551      9.456e-03      
      586      3.820e-03      
      587      2.742e-03      
      1067      8.483e-03      
      1068      1.702e-02      
      1069      2.892e-02      
      1070      4.143e-02      
      1071      4.964e-02      
      1072      4.932e-02      
      1073      4.054e-02      
      1074      2.772e-02      
      1075      1.608e-02      
      1076      8.275e-03      
      1078      2.134e-03      
      1079      1.274e-03      
      1205      3.236e-03      
      1206      9.575e-03      
      1207      2.299e-02      
      1208      4.513e-02      
      1209      7.331e-02      
      1210      1.000e-01      
      1211      1.169e-01      
      1212      1.197e-01      
      1213      1.097e-01      
      1214      9.160e-02      
      1215      7.087e-02      
      1216      5.221e-02      
      1217      3.850e-02      
      1218      3.044e-02      
      1222      3.515e-02      
      1223      4.155e-02      
      1224      4.901e-02      
      1225      5.666e-02      
      1226      6.349e-02      
      1227      6.883e-02      
      1228      7.265e-02      
      1231      7.883e-02      
      1232      7.993e-02      
      1239      7.485e-02      
      1240      7.174e-02      
      1241      6.759e-02      
      1242      6.260e-02      
      1243      5.735e-02      
      1244      5.254e-02      
      1245      4.863e-02      
      1246      4.567e-02      
      1250      3.952e-02      
      1251      3.861e-02      
      1259      3.291e-02      
      1260      3.222e-02      
      1268      2.650e-02      
      1269      2.529e-02      
      1292      1.937e-02      
      1293      1.778e-02      
      1326      1.192e-02      
      1327      1.112e-02      
      1385      5.605e-03      
      1386      4.849e-03      
      1987      8.123e-03      
      1988      1.114e-02      
      1995      5.290e-03      
      1996      3.082e-03      
      2096      4.651e-03      
      2097      9.565e-03      
      2098      1.578e-02      
      2099      2.103e-02      
      2102      1.536e-02      
      2103      9.815e-03      
      2104      5.562e-03      
      2105      2.994e-03      
      2196      7.473e-03      
      2197      1.650e-02      
      2198      3.000e-02      
      2199      4.579e-02      
      2200      5.974e-02      
      2201      6.742e-02      
      2202      6.590e-02      
      2203      5.541e-02      
      2204      3.980e-02      
      2205      2.448e-02      
      2206      1.320e-02      
      2207      6.618e-03      
      2216      1.164e-02      
      2217      1.368e-02      
      2253      7.809e-03      
      2254      7.032e-03      
      2300      1.418e-03      
      2301      7.170e-04      
      2405      4.663e-03      
      2406      1.148e-02      
      2407      2.249e-02      
      2408      3.534e-02      
      2409      4.538e-02      
      2411      5.045e-02      
      2412      5.276e-02      
      2413      5.891e-02      
      2414      6.579e-02      
      2416      6.415e-02      
      2417      5.458e-02      
      2418      4.271e-02      
      2419      3.169e-02      
      2420      2.396e-02      
      2423      2.617e-02      
      2424      3.249e-02      
      2425      3.977e-02      
      2426      4.731e-02      
      2427      5.457e-02      
      2428      6.103e-02      
      2429      6.623e-02      
      2430      6.994e-02      
      2433      7.502e-02      
      2434      7.646e-02      
      2443      7.118e-02      
      2444      6.769e-02      
      2445      6.432e-02      
      2446      6.109e-02      
      2448      5.497e-02      
      2449      5.220e-02      
      2451      4.752e-02      
      2452      4.561e-02      
      2456      4.004e-02      
      2457      3.890e-02      
      2462      3.322e-02      
      2463      3.164e-02      
      2466      2.568e-02      
      2467      2.412e-02      
      2511      1.796e-02      
      2512      1.656e-02      
      2518      1.059e-02      
      2519      9.244e-03      
      2540      3.147e-03      
      2541      2.803e-03      
      2567      4.078e-03      
      2568      9.604e-03      
      2569      1.846e-02      
      2570      2.910e-02      
      2571      3.795e-02      
      2573      3.833e-02      
      2574      3.083e-02      
      2575      2.235e-02      
      2576      1.554e-02      
      2577      1.125e-02      
      2578      9.071e-03      
      2595      1.511e-02      
      2596      1.621e-02      
      2632      1.068e-02      
      2633      9.377e-03      
      2656      3.748e-03      
      2657      2.502e-03      
      2947      5.235e-03      
      2948      1.200e-02      
      2949      2.175e-02      
      2950      3.121e-02      
      2952      3.231e-02      
      2953      2.372e-02      
      2954      1.441e-02      
      2955      7.619e-03      
      2957      2.037e-03      
      2958      1.242e-03      
      3140      6.145e-03      
      3141      1.228e-02      
      3142      2.165e-02      
      3143      3.239e-02      
      3144      4.012e-02      
      3146      3.518e-02      
      3147      2.707e-02      
      3148      2.065e-02      
      3149      1.668e-02      
      3150      1.359e-02      
      3151      1.017e-02      
      3152      6.655e-03      
      3158      5.127e-04      
      3159      3.824e-04      
      3343      6.266e-03      
      3344      1.530e-02      
      3345      3.089e-02      
      3346      5.149e-02      
      3347      7.062e-02      
      3348      7.934e-02      
      3349      7.284e-02      
      3350      5.476e-02      
      3351      3.405e-02      
      3352      1.796e-02      
      3353      8.480e-03      
      3354      3.952e-03      
      3355      2.040e-03      
      3394      7.119e-03      
      3395      9.648e-03      
      3415      1.486e-02      
      3416      1.721e-02      
      3418      2.279e-02      
      3419      2.557e-02      
      3439      1.935e-02      
      3440      1.891e-02      
      3449      1.294e-02      
      3450      1.107e-02      
      3495      4.849e-03      
      3496      3.748e-03      
      3551      9.679e-03      
      3552      1.323e-02      
      3553      1.762e-02      
      3554      2.489e-02      
      3555      3.613e-02      
      3556      4.854e-02      
      3557      5.596e-02      
      3558      5.368e-02      
      3559      4.259e-02      
      3560      2.820e-02      
      3561      1.600e-02      
      3562      8.292e-03      
      3617      2.502e-03      
      3618      1.401e-03
3624   1.401e-03