0      0.0      
      1      0.000e+00      
      367      3.023e-03      
      368      6.220e-03      
      369      1.012e-02      
      370      1.303e-02      
      372      1.067e-02      
      373      6.782e-03      
      374      3.400e-03      
      375      1.343e-03      
      410      4.029e-03      
      411      9.208e-03      
      412      1.660e-02      
      413      2.357e-02      
      415      2.317e-02      
      416      1.604e-02      
      417      8.741e-03      
      418      3.773e-03      
      419      1.402e-03      
      422      5.663e-03      
      423      1.244e-02      
      424      2.187e-02      
      425      3.075e-02      
      427      3.130e-02      
      428      2.273e-02      
      429      1.328e-02      
      430      6.246e-03      
      431      2.369e-03      
      432      7.246e-04      
      1066      2.564e-03      
      1067      6.289e-03      
      1068      1.291e-02      
      1069      2.210e-02      
      1070      3.131e-02      
      1071      3.633e-02      
      1072      3.419e-02      
      1073      2.588e-02      
      1074      1.567e-02      
      1075      7.554e-03      
      1076      2.888e-03      
      1077      8.735e-04      
      1206      3.710e-03      
      1207      9.432e-03      
      1208      1.985e-02      
      1209      3.495e-02      
      1210      5.219e-02      
      1211      6.696e-02      
      1212      7.477e-02      
      1213      7.339e-02      
      1214      6.373e-02      
      1215      4.915e-02      
      1216      3.378e-02      
      1217      2.075e-02      
      1218      1.141e-02      
      1219      5.603e-03      
      1221      9.159e-04      
      1222      2.931e-04      
      1986      3.378e-03      
      1987      5.635e-03      
      1996      6.882e-04      
      1997      2.114e-04      
      2098      3.942e-03      
      2099      5.570e-03      
      2104      1.329e-03      
      2105      5.147e-04      
      2197      4.118e-03      
      2198      8.621e-03      
      2199      1.540e-02      
      2200      2.344e-02      
      2201      2.999e-02      
      2203      2.745e-02      
      2204      1.912e-02      
      2205      1.066e-02      
      2206      4.736e-03      
      2412      8.471e-03      
      2413      1.267e-02      
      2414      1.686e-02      
      2415      1.933e-02      
      2417      1.665e-02      
      2418      1.263e-02      
      2419      8.261e-03      
      2420      4.563e-03      
      2568      5.630e-03      
      2569      1.156e-02      
      2570      1.936e-02      
      2571      2.639e-02      
      2573      2.622e-02      
      2574      1.905e-02      
      2575      1.119e-02      
      2576      5.316e-03      
      2578      6.328e-04      
      2579      1.583e-04      
      2946      2.100e-03      
      2947      6.313e-03      
      2948      1.489e-02      
      2949      2.753e-02      
      2950      3.990e-02      
      2951      4.529e-02      
      2952      4.029e-02      
      2953      2.809e-02      
      2954      1.536e-02      
      2955      6.593e-03      
      2956      2.224e-03      
      2957      5.901e-04      
      3140      2.584e-03      
      3141      7.367e-03      
      3142      1.676e-02      
      3143      3.052e-02      
      3144      4.462e-02      
      3145      5.277e-02      
      3146      5.126e-02      
      3147      4.242e-02      
      3148      3.213e-02      
      3149      2.437e-02      
      3150      1.897e-02      
      3151      1.402e-02      
      3152      8.935e-03      
      3153      4.636e-03      
      3154      1.907e-03      
      3344      3.510e-03      
      3345      8.706e-03      
      3346      1.696e-02      
      3347      2.601e-02      
      3348      3.147e-02      
      3349      3.010e-02      
      3350      2.283e-02      
      3351      1.377e-02      
      3352      6.624e-03      
      3353      2.547e-03      
      3354      7.842e-04      
      3395      5.730e-03      
      3396      6.983e-03      
      3401      2.393e-03      
      3402      1.114e-03      
      3551      5.814e-03      
      3552      1.078e-02      
      3553      1.692e-02      
      3554      2.304e-02      
      3555      2.774e-02      
      3556      2.957e-02      
      3557      2.748e-02      
      3558      2.178e-02      
      3559      1.448e-02      
      3560      7.980e-03      
      3561      3.631e-03      
      3562      1.361e-03
3624   1.361e-03