0      0.0      
      1      0.000e+00      
      36      4.400e-03      
      37      5.663e-03      
      41      1.478e-03      
      42      5.838e-04      
      366      2.091e-03      
      367      5.562e-03      
      368      1.170e-02      
      369      1.947e-02      
      370      2.561e-02      
      372      2.186e-02      
      373      1.414e-02      
      374      7.204e-03      
      375      2.884e-03      
      376      9.062e-04      
      402      4.866e-03      
      403      5.602e-03      
      407      9.745e-03      
      408      1.065e-02      
      409      1.250e-02      
      410      1.675e-02      
      411      2.477e-02      
      412      3.622e-02      
      413      4.766e-02      
      414      5.401e-02      
      415      5.243e-02      
      416      4.474e-02      
      417      3.558e-02      
      418      2.869e-02      
      421      2.767e-02      
      422      3.398e-02      
      423      4.521e-02      
      424      6.095e-02      
      425      7.712e-02      
      426      8.728e-02      
      427      8.700e-02      
      428      7.732e-02      
      429      6.357e-02      
      430      5.107e-02      
      431      4.233e-02      
      432      3.717e-02      
      434      3.298e-02      
      435      3.247e-02      
      441      3.632e-02      
      442      3.698e-02      
      450      3.334e-02      
      451      3.147e-02      
      458      3.488e-02      
      459      3.738e-02      
      461      4.143e-02      
      462      4.219e-02      
      466      3.790e-02      
      467      3.594e-02      
      469      3.217e-02      
      470      3.043e-02      
      472      2.685e-02      
      473      2.487e-02      
      475      2.069e-02      
      476      1.866e-02      
      478      1.528e-02      
      479      1.420e-02      
      493      1.044e-02      
      494      9.671e-03      
      508      5.323e-03      
      509      4.797e-03      
      523      9.749e-04      
      524      4.489e-04      
      1066      2.705e-03      
      1067      6.546e-03      
      1068      1.327e-02      
      1069      2.250e-02      
      1070      3.173e-02      
      1071      3.681e-02      
      1072      3.477e-02      
      1073      2.649e-02      
      1074      1.617e-02      
      1075      7.860e-03      
      1076      3.031e-03      
      1205      2.648e-03      
      1206      7.721e-03      
      1207      1.829e-02      
      1208      3.552e-02      
      1209      5.729e-02      
      1210      7.791e-02      
      1211      9.095e-02      
      1212      9.275e-02      
      1213      8.374e-02      
      1214      6.737e-02      
      1215      4.834e-02      
      1216      3.091e-02      
      1217      1.763e-02      
      1218      9.024e-03      
      1219      4.179e-03      
      1226      7.125e-03      
      1227      9.473e-03      
      1229      1.376e-02      
      1230      1.560e-02      
      1232      1.880e-02      
      1233      2.027e-02      
      1236      2.418e-02      
      1237      2.505e-02      
      1244      2.179e-02      
      1245      2.062e-02      
      1260      2.494e-02      
      1261      2.518e-02      
      1265      2.174e-02      
      1266      2.045e-02      
      1272      1.643e-02      
      1273      1.564e-02      
      1278      1.135e-02      
      1279      1.045e-02      
      1290      6.955e-03      
      1291      6.088e-03      
      1313      2.608e-03      
      1314      1.740e-03      
      1986      4.952e-03      
      1987      8.380e-03      
      1988      1.179e-02      
      1989      1.421e-02      
      1992      1.223e-02      
      1993      9.049e-03      
      1994      5.690e-03      
      1995      2.980e-03      
      2097      7.011e-03      
      2098      1.145e-02      
      2099      1.503e-02      
      2100      1.592e-02      
      2101      1.366e-02      
      2102      9.517e-03      
      2103      5.376e-03      
      2104      2.455e-03      
      2196      5.945e-03      
      2197      1.190e-02      
      2198      2.022e-02      
      2199      2.987e-02      
      2200      3.890e-02      
      2201      4.450e-02      
      2202      4.387e-02      
      2203      3.635e-02      
      2204      2.478e-02      
      2205      1.369e-02      
      2206      6.071e-03      
      2207      2.150e-03      
      2208      6.060e-04      
      2406      4.402e-03      
      2407      8.591e-03      
      2408      1.342e-02      
      2409      1.702e-02      
      2410      1.826e-02      
      2412      1.988e-02      
      2413      2.421e-02      
      2414      2.952e-02      
      2417      2.652e-02      
      2418      1.980e-02      
      2419      1.318e-02      
      2420      8.088e-03      
      2425      3.754e-03      
      2426      3.327e-03      
      2439      6.944e-03      
      2440      7.719e-03      
      2450      1.130e-02      
      2451      1.207e-02      
      2466      7.771e-03      
      2467      6.969e-03      
      2493      3.423e-03      
      2494      2.619e-03      
      2567      3.671e-03      
      2568      9.081e-03      
      2569      1.831e-02      
      2570      3.007e-02      
      2571      4.020e-02      
      2573      3.841e-02      
      2574      2.735e-02      
      2575      1.575e-02      
      2576      7.415e-03      
      2577      3.044e-03      
      2946      3.483e-03      
      2947      1.033e-02      
      2948      2.403e-02      
      2949      4.381e-02      
      2950      6.250e-02      
      2951      6.974e-02      
      2952      6.080e-02      
      2953      4.139e-02      
      2954      2.199e-02      
      2955      9.111e-03      
      2956      2.944e-03      
      3140      3.592e-03      
      3141      1.027e-02      
      3142      2.338e-02      
      3143      4.249e-02      
      3144      6.181e-02      
      3145      7.242e-02      
      3146      6.918e-02      
      3147      5.535e-02      
      3148      3.924e-02      
      3149      2.688e-02      
      3150      1.885e-02      
      3151      1.299e-02      
      3152      7.994e-03      
      3153      4.082e-03      
      3154      1.667e-03      
      3343      3.189e-03      
      3344      1.006e-02      
      3345      2.498e-02      
      3346      4.881e-02      
      3347      7.520e-02      
      3348      9.143e-02      
      3349      8.782e-02      
      3350      6.671e-02      
      3351      4.010e-02      
      3352      1.907e-02      
      3353      7.175e-03      
      3354      2.134e-03      
      3392      4.386e-03      
      3393      7.186e-03      
      3394      1.142e-02      
      3395      1.573e-02      
      3399      1.364e-02      
      3400      9.305e-03      
      3401      5.385e-03      
      3402      2.603e-03      
      3419      6.612e-03      
      3420      7.709e-03      
      3431      1.173e-02      
      3432      1.242e-02      
      3447      8.247e-03      
      3448      7.721e-03      
      3467      3.899e-03      
      3468      3.373e-03      
      3550      5.735e-03      
      3551      1.299e-02      
      3552      2.390e-02      
      3553      3.628e-02      
      3554      4.647e-02      
      3555      5.148e-02      
      3556      5.018e-02      
      3557      4.309e-02      
      3558      3.214e-02      
      3559      2.041e-02      
      3560      1.085e-02      
      3561      4.777e-03      
      3563      5.144e-04      
      3564      1.254e-04
3624   1.254e-04