0      0.0      
      1      0.000e+00      
      412      8.003e-02      
      413      9.592e-02      
      425      1.354e-01      
      426      1.494e-01      
      433      1.023e-01      
      434      9.893e-02      
      440      4.934e-02      
      441      4.085e-02      
      1069      6.519e-02      
      1070      1.088e-01      
      1071      1.485e-01      
      1072      1.665e-01      
      1074      1.206e-01      
      1075      8.135e-02      
      1076      4.944e-02      
      1077      2.862e-02      
      1207      5.851e-02      
      1208      1.250e-01      
      1209      2.235e-01      
      1210      3.394e-01      
      1211      4.444e-01      
      1212      5.089e-01      
      1214      4.662e-01      
      1215      3.798e-01      
      1216      2.834e-01      
      1217      1.992e-01      
      1218      1.387e-01      
      1219      1.028e-01      
      1220      8.625e-02      
      1225      1.256e-01      
      1226      1.376e-01      
      1232      9.947e-02      
      1233      8.392e-02      
      1239      3.505e-02      
      1240      3.240e-02      
      2199      6.351e-02      
      2200      9.794e-02      
      2206      5.235e-02      
      2207      3.109e-02      
      2413      7.726e-02      
      2414      9.037e-02      
      2420      4.079e-02      
      2421      2.693e-02      
      2571      7.103e-02      
      2572      8.758e-02      
      2576      4.077e-02      
      2577      2.626e-02      
      2948      5.480e-02      
      2949      1.081e-01      
      2950      1.696e-01      
      2954      1.257e-01      
      2955      7.688e-02      
      2956      4.357e-02      
      2957      2.459e-02      
      3142      3.887e-02      
      3143      7.888e-02      
      3144      1.296e-01      
      3145      1.744e-01      
      3146      1.953e-01      
      3148      1.603e-01      
      3149      1.294e-01      
      3151      8.033e-02      
      3152      6.010e-02      
      3156      1.186e-02      
      3157      8.238e-03      
      3345      5.662e-02      
      3346      1.197e-01      
      3347      2.027e-01      
      3348      2.761e-01      
      3350      2.762e-01      
      3351      2.082e-01      
      3352      1.341e-01      
      3353      7.690e-02      
      3354      4.162e-02      
      3355      2.284e-02      
      3553      7.097e-02      
      3554      9.931e-02      
      3560      5.742e-02      
      3561      3.714e-02
3624   3.714e-02