0      0.0      
      1      0.000e+00      
      425      4.672e-02      
      426      7.638e-02      
      427      1.052e-01      
      428      1.216e-01      
      430      9.835e-02      
      431      7.172e-02      
      432      4.781e-02      
      433      3.069e-02      
      1069      3.399e-02      
      1070      6.742e-02      
      1071      1.067e-01      
      1072      1.358e-01      
      1073      1.411e-01      
      1074      1.221e-01      
      1075      9.087e-02      
      1076      6.089e-02      
      1077      3.892e-02      
      1082      6.678e-03      
      1083      5.203e-03      
      1208      2.966e-02      
      1209      6.030e-02      
      1210      9.952e-02      
      1211      1.351e-01      
      1215      1.018e-01      
      1216      7.492e-02      
      1217      5.277e-02      
      1218      3.627e-02      
      1228      3.029e-03      
      1229      2.595e-03      
      1606      3.553e-02      
      1607      5.676e-02      
      1613      2.477e-02      
      1614      1.696e-02      
      2196      1.935e-02      
      2197      5.950e-02      
      2198      1.564e-01      
      2199      3.472e-01      
      2200      6.443e-01      
      2201      9.906e-01      
      2202      1.259e+00      
      2203      1.325e+00      
      2204      1.166e+00      
      2205      8.695e-01      
      2206      5.627e-01      
      2207      3.262e-01      
      2208      1.767e-01      
      2209      9.400e-02      
      2210      5.167e-02      
      2212      1.926e-02      
      2213      1.303e-02      
      2407      2.166e-02      
      2408      4.915e-02      
      2409      9.269e-02      
      2410      1.492e-01      
      2411      2.121e-01      
      2412      2.752e-01      
      2413      3.306e-01      
      2414      3.649e-01      
      2415      3.638e-01      
      2416      3.247e-01      
      2417      2.614e-01      
      2418      1.939e-01      
      2419      1.363e-01      
      2420      9.266e-02      
      2421      6.158e-02      
      2422      4.037e-02      
      2426      8.983e-03      
      2427      6.720e-03      
      2567      2.801e-02      
      2568      6.209e-02      
      2569      1.114e-01      
      2570      1.623e-01      
      2573      1.609e-01      
      2574      1.174e-01      
      2575      7.777e-02      
      2576      4.956e-02      
      2577      3.238e-02      
      2950      6.491e-02      
      2951      1.003e-01      
      2955      8.102e-02      
      2956      5.443e-02      
      2958      2.299e-02      
      2959      1.569e-02      
      3141      2.736e-02      
      3142      6.118e-02      
      3143      1.189e-01      
      3144      1.989e-01      
      3145      2.826e-01      
      3146      3.368e-01      
      3147      3.363e-01      
      3148      2.843e-01      
      3149      2.090e-01      
      3150      1.394e-01      
      3151      8.873e-02      
      3152      5.627e-02      
      3153      3.638e-02      
      3162      3.344e-03      
      3163      3.029e-03      
      3346      3.183e-02      
      3347      6.343e-02      
      3348      1.006e-01      
      3352      8.598e-02      
      3353      5.774e-02      
      3354      3.713e-02      
      3355      2.423e-02      
      3394      3.373e-02      
      3395      6.607e-02      
      3396      1.062e-01      
      3397      1.415e-01      
      3401      1.204e-01      
      3402      9.601e-02      
      3403      7.186e-02      
      3404      5.060e-02      
      3406      2.292e-02      
      3407      1.574e-02      
      3549      1.540e-02      
      3550      5.770e-02      
      3551      1.725e-01      
      3552      4.129e-01      
      3553      7.937e-01      
      3554      1.232e+00      
      3555      1.558e+00      
      3556      1.624e+00      
      3557      1.420e+00      
      3558      1.066e+00      
      3559      7.059e-01      
      3560      4.245e-01      
      3561      2.386e-01      
      3562      1.294e-01      
      3563      7.035e-02      
      3564      4.011e-02      
      3565      2.479e-02
3624   2.479e-02