0      0.0      
      1      0.000e+00      
      366      9.279e-04      
      367      2.893e-03      
      368      7.115e-03      
      369      1.385e-02      
      370      2.145e-02      
      371      2.667e-02      
      372      2.707e-02      
      373      2.305e-02      
      374      1.711e-02      
      375      1.155e-02      
      376      7.255e-03      
      377      4.248e-03      
      378      2.334e-03      
      379      1.257e-03      
      399      2.612e-03      
      400      4.689e-03      
      401      6.681e-03      
      402      7.609e-03      
      404      5.366e-03      
      405      3.502e-03      
      406      2.004e-03      
      407      1.014e-03      
      411      1.322e-03      
      412      3.556e-03      
      413      7.675e-03      
      414      1.323e-02      
      415      1.824e-02      
      417      1.808e-02      
      418      1.341e-02      
      419      8.844e-03      
      420      6.155e-03      
      421      5.909e-03      
      422      8.949e-03      
      423      1.752e-02      
      424      3.388e-02      
      425      5.668e-02      
      426      7.881e-02      
      427      9.036e-02      
      428      8.553e-02      
      429      6.699e-02      
      430      4.348e-02      
      431      2.340e-02      
      432      1.044e-02      
      433      3.866e-03      
      434      1.189e-03      
      850      3.460e-03      
      851      5.045e-03      
      855      2.714e-03      
      856      2.029e-03      
      1067      3.121e-03      
      1068      9.041e-03      
      1069      2.078e-02      
      1070      3.789e-02      
      1071      5.485e-02      
      1072      6.307e-02      
      1073      5.767e-02      
      1074      4.202e-02      
      1075      2.447e-02      
      1076      1.142e-02      
      1077      4.299e-03      
      1078      1.313e-03      
      1205      1.894e-03      
      1206      6.506e-03      
      1207      1.795e-02      
      1208      4.013e-02      
      1209      7.349e-02      
      1210      1.116e-01      
      1211      1.427e-01      
      1212      1.560e-01      
      1213      1.482e-01      
      1214      1.242e-01      
      1215      9.328e-02      
      1216      6.385e-02      
      1217      4.058e-02      
      1218      2.461e-02      
      1219      1.483e-02      
      1220      9.304e-03      
      1221      6.176e-03      
      1222      4.191e-03      
      1223      2.726e-03      
      1225      8.106e-04      
      1226      3.443e-04      
      1574      2.276e-03      
      1575      3.690e-03      
      1580      1.380e-03      
      1581      5.799e-04      
      1987      2.857e-03      
      1988      6.233e-03      
      1989      1.102e-02      
      1990      1.590e-02      
      1991      1.902e-02      
      1997      1.940e-02      
      1998      1.542e-02      
      1999      9.995e-03      
      2000      5.202e-03      
      2001      2.165e-03      
      2096      4.188e-03      
      2097      9.288e-03      
      2098      1.642e-02      
      2099      2.321e-02      
      2100      2.636e-02      
      2101      2.423e-02      
      2102      1.823e-02      
      2103      1.138e-02      
      2104      5.984e-03      
      2105      2.680e-03      
      2107      3.326e-04      
      2108      9.021e-05      
      2194      8.692e-04      
      2195      2.747e-03      
      2196      7.424e-03      
      2197      1.786e-02      
      2198      3.909e-02      
      2199      7.723e-02      
      2200      1.339e-01      
      2201      1.973e-01      
      2202      2.414e-01      
      2203      2.417e-01      
      2204      1.964e-01      
      2205      1.291e-01      
      2206      6.871e-02      
      2207      2.970e-02      
      2208      1.051e-02      
      2209      3.085e-03      
      2210      7.675e-04      
      2211      1.641e-04      
      2404      2.021e-03      
      2405      4.334e-03      
      2406      1.083e-02      
      2407      2.399e-02      
      2408      4.417e-02      
      2409      6.738e-02      
      2410      8.707e-02      
      2411      9.999e-02      
      2412      1.091e-01      
      2413      1.184e-01      
      2414      1.255e-01      
      2415      1.240e-01      
      2416      1.106e-01      
      2417      8.887e-02      
      2418      6.504e-02      
      2419      4.354e-02      
      2420      2.627e-02      
      2421      1.392e-02      
      2422      6.318e-03      
      2423      2.411e-03      
      2426      4.605e-05      
      2427      8.360e-06      
      2542      1.324e-03      
      2543      2.490e-03      
      2550      2.452e-04      
      2551      7.451e-05      
      2565      8.941e-04      
      2566      2.943e-03      
      2567      7.686e-03      
      2568      1.600e-02      
      2569      2.669e-02      
      2570      3.588e-02      
      2571      3.910e-02      
      2572      3.472e-02      
      2573      2.525e-02      
      2574      1.511e-02      
      2575      7.494e-03      
      2576      3.107e-03      
      2577      1.093e-03      
      2578      3.330e-04      
      2946      9.313e-04      
      2947      2.829e-03      
      2948      7.168e-03      
      2949      1.441e-02      
      2950      2.291e-02      
      2951      2.883e-02      
      2952      2.875e-02      
      2953      2.275e-02      
      2954      1.430e-02      
      2955      7.158e-03      
      2956      2.860e-03      
      2957      9.170e-04      
      2958      2.385e-04      
      3139      1.057e-03      
      3140      2.935e-03      
      3141      6.964e-03      
      3142      1.455e-02      
      3143      2.701e-02      
      3144      4.387e-02      
      3145      6.066e-02      
      3146      6.986e-02      
      3147      6.648e-02      
      3148      5.277e-02      
      3149      3.597e-02      
      3150      2.209e-02      
      3151      1.285e-02      
      3152      7.240e-03      
      3153      3.890e-03      
      3154      1.937e-03      
      3155      8.687e-04      
      3343      1.950e-03      
      3344      7.551e-03      
      3345      2.293e-02      
      3346      5.458e-02      
      3347      1.018e-01      
      3348      1.489e-01      
      3349      1.708e-01      
      3350      1.538e-01      
      3351      1.090e-01      
      3352      6.085e-02      
      3353      2.691e-02      
      3354      9.489e-03      
      3355      2.702e-03      
      3356      6.366e-04      
      3357      1.297e-04      
      3369      1.810e-03      
      3370      3.143e-03      
      3375      1.362e-03      
      3376      5.559e-04      
      3392      1.579e-03      
      3393      4.079e-03      
      3394      8.939e-03      
      3395      1.642e-02      
      3396      2.509e-02      
      3397      3.192e-02      
      3399      3.060e-02      
      3400      2.360e-02      
      3401      1.583e-02      
      3402      9.366e-03      
      3403      4.946e-03      
      3404      2.346e-03      
      3429      3.439e-03      
      3430      5.573e-03      
      3434      4.248e-03      
      3435      2.319e-03      
      3548      2.023e-03      
      3549      8.092e-03      
      3550      2.576e-02      
      3551      6.530e-02      
      3552      1.321e-01      
      3553      2.139e-01      
      3554      2.791e-01      
      3555      2.963e-01      
      3556      2.603e-01      
      3557      1.940e-01      
      3558      1.273e-01      
      3559      7.626e-02      
      3560      4.253e-02      
      3561      2.191e-02      
      3562      1.019e-02      
      3563      4.215e-03      
      3564      1.549e-03
3624   1.549e-03