0      0.0      
      1      0.000e+00      
      367      3.080e-03      
      368      7.682e-03      
      369      1.514e-02      
      370      2.373e-02      
      371      2.995e-02      
      373      2.759e-02      
      374      2.200e-02      
      375      1.663e-02      
      376      1.227e-02      
      377      8.856e-03      
      378      6.279e-03      
      379      4.484e-03      
      384      1.389e-03      
      385      1.149e-03      
      411      2.846e-03      
      412      6.553e-03      
      413      1.215e-02      
      414      1.822e-02      
      415      2.220e-02      
      416      2.227e-02      
      417      1.890e-02      
      418      1.452e-02      
      419      1.138e-02      
      420      1.017e-02      
      421      1.073e-02      
      422      1.397e-02      
      423      2.295e-02      
      424      4.098e-02      
      425      6.747e-02      
      426      9.511e-02      
      427      1.127e-01      
      428      1.127e-01      
      429      9.634e-02      
      430      7.191e-02      
      431      4.839e-02      
      432      3.062e-02      
      433      1.909e-02      
      434      1.218e-02      
      435      8.143e-03      
      436      5.743e-03      
      437      4.257e-03      
      443      1.191e-03      
      444      1.018e-03      
      1067      2.284e-03      
      1068      6.848e-03      
      1069      1.634e-02      
      1070      3.108e-02      
      1071      4.738e-02      
      1072      5.834e-02      
      1073      5.876e-02      
      1074      4.945e-02      
      1075      3.592e-02      
      1076      2.362e-02      
      1077      1.495e-02      
      1078      9.663e-03      
      1079      6.594e-03      
      1080      4.763e-03      
      1084      1.812e-03      
      1085      1.502e-03      
      1205      1.469e-03      
      1206      5.145e-03      
      1207      1.457e-02      
      1208      3.377e-02      
      1209      6.487e-02      
      1210      1.048e-01      
      1211      1.447e-01      
      1212      1.731e-01      
      1213      1.823e-01      
      1214      1.715e-01      
      1215      1.462e-01      
      1216      1.148e-01      
      1217      8.446e-02      
      1218      5.935e-02      
      1219      4.070e-02      
      1220      2.779e-02      
      1221      1.912e-02      
      1222      1.329e-02      
      1223      9.271e-03      
      1224      6.454e-03      
      1225      4.513e-03      
      1229      1.519e-03      
      1230      1.270e-03      
      1987      2.141e-03      
      1988      4.575e-03      
      1989      7.801e-03      
      1990      1.069e-02      
      1991      1.199e-02      
      1999      9.937e-03      
      2000      6.911e-03      
      2001      4.679e-03      
      2002      3.317e-03      
      2027      1.291e-04      
      2028      7.233e-05      
      2096      2.427e-03      
      2097      5.568e-03      
      2098      1.015e-02      
      2099      1.477e-02      
      2102      1.299e-02      
      2103      9.021e-03      
      2104      5.912e-03      
      2105      3.982e-03      
      2113      8.001e-04      
      2114      6.977e-04      
      2196      2.863e-03      
      2197      8.687e-03      
      2198      2.261e-02      
      2199      5.002e-02      
      2200      9.330e-02      
      2201      1.460e-01      
      2202      1.911e-01      
      2203      2.095e-01      
      2204      1.936e-01      
      2205      1.531e-01      
      2206      1.067e-01      
      2207      6.823e-02      
      2208      4.218e-02      
      2209      2.631e-02      
      2210      1.696e-02      
      2211      1.138e-02      
      2212      7.938e-03      
      2213      5.743e-03      
      2214      4.294e-03      
      2220      1.191e-03      
      2221      1.018e-03      
      2406      2.799e-03      
      2407      6.975e-03      
      2408      1.403e-02      
      2409      2.331e-02      
      2410      3.356e-02      
      2411      4.493e-02      
      2412      5.944e-02      
      2413      7.775e-02      
      2414      9.566e-02      
      2415      1.060e-01      
      2416      1.045e-01      
      2417      9.231e-02      
      2418      7.445e-02      
      2419      5.556e-02      
      2420      3.865e-02      
      2421      2.528e-02      
      2422      1.587e-02      
      2423      9.924e-03      
      2424      6.464e-03      
      2426      3.360e-03      
      2427      2.623e-03      
      2567      3.785e-03      
      2568      8.037e-03      
      2569      1.384e-02      
      2570      1.954e-02      
      2571      2.295e-02      
      2572      2.277e-02      
      2573      1.953e-02      
      2574      1.493e-02      
      2575      1.064e-02      
      2576      7.426e-03      
      2577      5.302e-03      
      2580      2.468e-03      
      2581      2.027e-03      
      2946      2.270e-03      
      2947      5.546e-03      
      2948      1.305e-02      
      2949      2.543e-02      
      2950      3.980e-02      
      2951      5.003e-02      
      2952      5.102e-02      
      2953      4.306e-02      
      2954      3.112e-02      
      2955      2.032e-02      
      2956      1.287e-02      
      2957      8.421e-03      
      2958      5.864e-03      
      2959      4.320e-03      
      2965      1.256e-03      
      2966      1.075e-03      
      3139      2.550e-03      
      3140      6.840e-03      
      3141      1.523e-02      
      3142      2.891e-02      
      3143      4.791e-02      
      3144      7.001e-02      
      3145      8.971e-02      
      3146      9.971e-02      
      3147      9.589e-02      
      3148      8.104e-02      
      3149      6.241e-02      
      3150      4.583e-02      
      3151      3.314e-02      
      3152      2.376e-02      
      3153      1.684e-02      
      3154      1.186e-02      
      3155      8.410e-03      
      3156      6.087e-03      
      3157      4.523e-03      
      3162      1.480e-03      
      3163      1.256e-03      
      3343      1.524e-03      
      3344      6.112e-03      
      3345      1.924e-02      
      3346      4.765e-02      
      3347      9.316e-02      
      3348      1.446e-01      
      3349      1.799e-01      
      3350      1.819e-01      
      3351      1.531e-01      
      3352      1.114e-01      
      3353      7.375e-02      
      3354      4.714e-02      
      3355      3.039e-02      
      3356      2.012e-02      
      3357      1.367e-02      
      3358      9.533e-03      
      3359      6.843e-03      
      3360      5.061e-03      
      3364      1.959e-03      
      3365      1.619e-03      
      3393      4.268e-03      
      3394      9.953e-03      
      3395      1.943e-02      
      3396      3.131e-02      
      3397      4.171e-02      
      3398      4.634e-02      
      3399      4.351e-02      
      3400      3.517e-02      
      3401      2.517e-02      
      3402      1.664e-02      
      3403      1.075e-02      
      3404      7.174e-03      
      3405      5.074e-03      
      3406      3.780e-03      
      3416      6.100e-04      
      3417      5.294e-04      
      3548      1.094e-03      
      3549      4.559e-03      
      3550      1.501e-02      
      3551      3.923e-02      
      3552      8.199e-02      
      3553      1.382e-01      
      3554      1.905e-01      
      3555      2.187e-01      
      3556      2.147e-01      
      3557      1.861e-01      
      3558      1.471e-01      
      3559      1.085e-01      
      3560      7.530e-02      
      3561      4.920e-02      
      3562      3.057e-02      
      3563      1.857e-02      
      3564      1.150e-02      
      3565      7.537e-03      
      3566      5.290e-03      
      3567      3.939e-03      
      3576      7.790e-04      
      3577      6.890e-04
3624   6.890e-04