0      0.0      
      1      0.000e+00      
      369      3.852e-03      
      370      5.924e-03      
      373      5.507e-03      
      374      3.481e-03      
      375      1.788e-03      
      376      7.486e-04      
      414      2.853e-03      
      415      4.404e-03      
      419      2.649e-03      
      420      1.423e-03      
      422      1.949e-03      
      423      4.886e-03      
      424      1.057e-02      
      425      1.870e-02      
      426      2.711e-02      
      427      3.250e-02      
      428      3.255e-02      
      429      2.754e-02      
      430      1.998e-02      
      431      1.271e-02      
      432      7.365e-03      
      433      4.079e-03      
      434      2.242e-03      
      435      1.208e-03      
      1067      1.276e-03      
      1068      3.915e-03      
      1069      9.463e-03      
      1070      1.805e-02      
      1071      2.723e-02      
      1072      3.265e-02      
      1073      3.136e-02      
      1074      2.446e-02      
      1075      1.587e-02      
      1076      8.933e-03      
      1077      4.661e-03      
      1078      2.406e-03      
      1079      1.245e-03      
      1206      2.758e-03      
      1207      7.864e-03      
      1208      1.834e-02      
      1209      3.545e-02      
      1210      5.767e-02      
      1211      8.023e-02      
      1212      9.709e-02      
      1213      1.038e-01      
      1214      9.971e-02      
      1215      8.740e-02      
      1216      7.121e-02      
      1217      5.512e-02      
      1218      4.149e-02      
      1219      3.099e-02      
      1220      2.317e-02      
      1221      1.723e-02      
      1222      1.249e-02      
      1223      8.613e-03      
      1224      5.533e-03      
      1225      3.250e-03      
      1226      1.717e-03      
      1607      3.864e-03      
      1608      4.379e-03      
      1610      2.656e-03      
      1611      1.422e-03      
      2097      2.539e-03      
      2098      4.961e-03      
      2099      7.665e-03      
      2102      7.308e-03      
      2103      4.680e-03      
      2104      2.439e-03      
      2105      1.036e-03      
      2195      1.321e-03      
      2196      4.057e-03      
      2197      1.078e-02      
      2198      2.518e-02      
      2199      5.169e-02      
      2200      9.193e-02      
      2201      1.394e-01      
      2202      1.780e-01      
      2203      1.909e-01      
      2204      1.729e-01      
      2205      1.341e-01      
      2206      9.116e-02      
      2207      5.606e-02      
      2208      3.227e-02      
      2209      1.790e-02      
      2210      9.681e-03      
      2211      5.056e-03      
      2212      2.477e-03      
      2215      1.386e-04      
      2216      3.742e-05      
      2406      1.234e-03      
      2407      3.408e-03      
      2408      7.650e-03      
      2409      1.430e-02      
      2410      2.307e-02      
      2411      3.366e-02      
      2412      4.602e-02      
      2413      5.921e-02      
      2414      7.007e-02      
      2415      7.462e-02      
      2416      7.124e-02      
      2417      6.195e-02      
      2418      5.025e-02      
      2419      3.866e-02      
      2420      2.826e-02      
      2421      1.954e-02      
      2422      1.279e-02      
      2423      8.053e-03      
      2424      4.999e-03      
      2425      3.114e-03      
      2426      1.923e-03      
      2568      3.072e-03      
      2569      5.554e-03      
      2570      8.037e-03      
      2573      6.943e-03      
      2574      4.619e-03      
      2575      2.697e-03      
      2576      1.419e-03      
      2949      2.867e-03      
      2950      5.148e-03      
      2951      7.279e-03      
      2952      8.099e-03      
      2953      7.088e-03      
      2954      4.877e-03      
      2955      2.638e-03      
      2956      1.123e-03      
      3141      1.958e-03      
      3142      5.242e-03      
      3143      1.151e-02      
      3144      2.060e-02      
      3145      2.989e-02      
      3146      3.526e-02      
      3147      3.422e-02      
      3148      2.813e-02      
      3149      2.055e-02      
      3150      1.412e-02      
      3151      9.416e-03      
      3152      6.002e-03      
      3153      3.523e-03      
      3154      1.846e-03      
      3155      8.469e-04      
      3344      1.887e-03      
      3345      5.924e-03      
      3346      1.458e-02      
      3347      2.818e-02      
      3348      4.295e-02      
      3349      5.189e-02      
      3350      5.008e-02      
      3351      3.904e-02      
      3352      2.496e-02      
      3353      1.333e-02      
      3354      6.057e-03      
      3355      2.374e-03      
      3394      4.076e-03      
      3395      8.079e-03      
      3396      1.295e-02      
      3397      1.708e-02      
      3400      1.659e-02      
      3401      1.375e-02      
      3402      1.055e-02      
      3403      7.322e-03      
      3404      4.495e-03      
      3405      2.401e-03      
      3406      1.103e-03      
      3549      2.865e-03      
      3550      9.966e-03      
      3551      2.775e-02      
      3552      6.224e-02      
      3553      1.133e-01      
      3554      1.691e-01      
      3555      2.099e-01      
      3556      2.207e-01      
      3557      2.015e-01      
      3558      1.641e-01      
      3559      1.219e-01      
      3560      8.396e-02      
      3561      5.380e-02      
      3562      3.205e-02      
      3563      1.769e-02      
      3564      8.979e-03      
      3565      4.142e-03      
      3566      1.702e-03
3624   1.702e-03