0      0.0      
      1      0.000e+00      
      369      6.608e-03      
      370      9.883e-03      
      376      2.130e-03      
      377      1.192e-03      
      424      8.375e-03      
      425      1.608e-02      
      426      2.504e-02      
      430      2.036e-02      
      431      1.242e-02      
      432      6.515e-03      
      433      2.962e-03      
      1069      7.151e-03      
      1070      1.372e-02      
      1071      2.063e-02      
      1072      2.435e-02      
      1074      1.650e-02      
      1075      9.501e-03      
      1077      1.551e-03      
      1078      4.407e-04      
      1206      3.588e-03      
      1207      9.737e-03      
      1208      2.153e-02      
      1209      3.947e-02      
      1210      6.136e-02      
      1211      8.295e-02      
      1212      9.999e-02      
      1213      1.097e-01      
      1215      1.059e-01      
      1216      9.588e-02      
      1217      8.416e-02      
      1218      7.310e-02      
      1219      6.371e-02      
      1220      5.574e-02      
      1221      4.837e-02      
      1222      4.096e-02      
      1223      3.337e-02      
      1224      2.589e-02      
      1225      1.896e-02      
      1226      1.297e-02      
      1227      8.170e-03      
      2198      1.631e-02      
      2199      3.428e-02      
      2200      6.253e-02      
      2201      9.772e-02      
      2202      1.296e-01      
      2203      1.454e-01      
      2204      1.387e-01      
      2205      1.146e-01      
      2206      8.438e-02      
      2207      5.776e-02      
      2208      3.841e-02      
      2209      2.564e-02      
      2210      1.733e-02      
      2211      1.163e-02      
      2213      4.347e-03      
      2214      2.221e-03      
      2409      1.054e-02      
      2410      1.555e-02      
      2411      2.126e-02      
      2412      2.874e-02      
      2413      3.874e-02      
      2414      4.980e-02      
      2415      5.860e-02      
      2418      5.438e-02      
      2419      4.520e-02      
      2420      3.470e-02      
      2421      2.448e-02      
      2422      1.585e-02      
      2423      9.406e-03      
      2424      5.071e-03      
      3143      1.159e-02      
      3144      2.016e-02      
      3145      2.893e-02      
      3148      2.548e-02      
      3149      1.723e-02      
      3150      1.041e-02      
      3151      5.803e-03      
      3345      9.629e-03      
      3346      2.342e-02      
      3347      4.456e-02      
      3348      6.649e-02      
      3349      7.804e-02      
      3350      7.240e-02      
      3351      5.346e-02      
      3352      3.176e-02      
      3353      1.541e-02      
      3354      6.207e-03      
      3396      1.313e-02      
      3397      1.693e-02      
      3400      1.086e-02      
      3401      6.452e-03      
      3550      9.910e-03      
      3551      2.609e-02      
      3552      5.505e-02      
      3553      9.396e-02      
      3554      1.316e-01      
      3555      1.544e-01      
      3556      1.563e-01      
      3557      1.418e-01      
      3558      1.200e-01      
      3559      9.750e-02      
      3560      7.681e-02      
      3561      5.849e-02      
      3562      4.295e-02      
      3563      3.054e-02      
      3564      2.123e-02      
      3565      1.454e-02      
      3566      9.787e-03      
      3569      1.992e-03      
      3570      8.877e-04
3624   8.877e-04