0      0.0      
      1      0.000e+00      
      368      8.450e-03      
      369      1.628e-02      
      370      2.469e-02      
      371      2.971e-02      
      373      2.317e-02      
      374      1.640e-02      
      376      7.332e-03      
      377      4.796e-03      
      412      7.696e-03      
      413      1.606e-02      
      414      2.667e-02      
      415      3.540e-02      
      418      2.501e-02      
      419      1.815e-02      
      422      2.044e-02      
      423      3.439e-02      
      424      6.077e-02      
      425      9.621e-02      
      426      1.277e-01      
      427      1.398e-01      
      428      1.261e-01      
      429      9.419e-02      
      430      5.864e-02      
      431      3.081e-02      
      432      1.401e-02      
      433      5.819e-03      
      434      2.426e-03      
      1069      1.256e-02      
      1070      2.442e-02      
      1071      3.742e-02      
      1074      3.401e-02      
      1075      2.155e-02      
      1076      1.146e-02      
      1077      5.386e-03      
      1207      1.236e-02      
      1208      3.019e-02      
      1209      6.049e-02      
      1210      1.002e-01      
      1211      1.387e-01      
      1212      1.617e-01      
      1213      1.608e-01      
      1214      1.380e-01      
      1215      1.035e-01      
      1216      6.890e-02      
      1217      4.138e-02      
      1218      2.307e-02      
      1219      1.256e-02      
      1220      7.090e-03      
      1988      1.177e-02      
      1989      2.071e-02      
      1990      2.934e-02      
      1991      3.405e-02      
      1999      2.335e-02      
      2000      1.362e-02      
      2002      3.319e-03      
      2003      1.676e-03      
      2098      9.530e-03      
      2099      1.499e-02      
      2105      4.815e-03      
      2106      2.566e-03      
      2197      8.104e-03      
      2198      2.628e-02      
      2199      6.893e-02      
      2200      1.460e-01      
      2201      2.488e-01      
      2202      3.407e-01      
      2203      3.741e-01      
      2204      3.296e-01      
      2205      2.336e-01      
      2206      1.341e-01      
      2207      6.329e-02      
      2208      2.539e-02      
      2209      9.268e-03      
      2406      9.389e-03      
      2407      2.216e-02      
      2408      4.363e-02      
      2409      7.077e-02      
      2410      9.624e-02      
      2411      1.144e-01      
      2412      1.262e-01      
      2413      1.358e-01      
      2414      1.431e-01      
      2415      1.425e-01      
      2416      1.303e-01      
      2417      1.086e-01      
      2418      8.284e-02      
      2419      5.759e-02      
      2420      3.602e-02      
      2421      2.002e-02      
      2422      9.945e-03      
      2423      4.590e-03      
      2567      7.774e-03      
      2568      1.778e-02      
      2569      3.295e-02      
      2570      4.968e-02      
      2571      6.112e-02      
      2573      5.086e-02      
      2574      3.479e-02      
      2575      2.000e-02      
      2576      9.961e-03      
      2577      4.568e-03      
      3141      7.626e-03      
      3142      1.756e-02      
      3143      3.466e-02      
      3144      5.782e-02      
      3145      8.043e-02      
      3146      9.273e-02      
      3147      8.934e-02      
      3148      7.410e-02      
      3149      5.589e-02      
      3150      4.073e-02      
      3151      2.927e-02      
      3152      2.011e-02      
      3153      1.269e-02      
      3156      1.998e-03      
      3157      1.051e-03      
      3343      4.132e-03      
      3344      1.639e-02      
      3345      5.082e-02      
      3346      1.232e-01      
      3347      2.339e-01      
      3348      3.481e-01      
      3349      4.067e-01      
      3350      3.743e-01      
      3351      2.728e-01      
      3352      1.586e-01      
      3353      7.480e-02      
      3354      2.954e-02      
      3355      1.049e-02      
      3394      1.222e-02      
      3395      2.422e-02      
      3396      3.883e-02      
      3397      5.068e-02      
      3399      4.790e-02      
      3400      3.529e-02      
      3401      2.193e-02      
      3402      1.171e-02      
      3403      5.583e-03      
      3548      4.758e-03      
      3549      1.885e-02      
      3550      5.875e-02      
      3551      1.444e-01      
      3552      2.804e-01      
      3553      4.321e-01      
      3554      5.321e-01      
      3555      5.297e-01      
      3556      4.346e-01      
      3557      3.036e-01      
      3558      1.892e-01      
      3559      1.105e-01      
      3560      6.196e-02      
      3561      3.294e-02      
      3562      1.624e-02      
      3563      7.479e-03      
      3564      3.428e-03
3624   3.428e-03