0      0.0      
      1      0.000e+00      
      2      0.000e+00      
      35      2.160e-03      
      36      4.238e-03      
      48      9.513e-05      
      49      4.325e-05      
      366      2.911e-03      
      367      6.658e-03      
      368      1.470e-02      
      369      2.723e-02      
      370      4.074e-02      
      371      4.904e-02      
      372      4.812e-02      
      373      3.972e-02      
      374      2.922e-02      
      375      2.078e-02      
      376      1.541e-02      
      377      1.244e-02      
      378      1.115e-02      
      398      1.367e-02      
      399      1.536e-02      
      400      1.774e-02      
      401      2.031e-02      
      410      1.621e-02      
      411      1.592e-02      
      412      1.755e-02      
      413      2.198e-02      
      414      2.887e-02      
      415      3.609e-02      
      416      4.074e-02      
      422      4.299e-02      
      423      5.161e-02      
      424      6.645e-02      
      425      8.637e-02      
      426      1.054e-01      
      427      1.156e-01      
      428      1.125e-01      
      429      9.880e-02      
      430      8.157e-02      
      431      6.728e-02      
      432      5.849e-02      
      433      5.444e-02      
      434      5.336e-02      
      436      5.564e-02      
      437      5.787e-02      
      438      6.024e-02      
      439      6.247e-02      
      441      6.656e-02      
      442      6.873e-02      
      443      7.097e-02      
      444      7.304e-02      
      447      7.684e-02      
      448      7.730e-02      
      464      7.325e-02      
      465      7.143e-02      
      466      6.926e-02      
      467      6.697e-02      
      468      6.476e-02      
      469      6.263e-02      
      470      6.037e-02      
      471      5.769e-02      
      472      5.441e-02      
      473      5.062e-02      
      474      4.664e-02      
      475      4.295e-02      
      476      3.992e-02      
      477      3.776e-02      
      483      3.379e-02      
      484      3.309e-02      
      490      2.933e-02      
      491      2.828e-02      
      499      2.471e-02      
      500      2.377e-02      
      519      2.001e-02      
      520      1.918e-02      
      538      1.516e-02      
      539      1.436e-02      
      543      1.030e-02      
      544      9.589e-03      
      560      5.713e-03      
      561      4.768e-03      
      669      6.114e-04      
      670      5.405e-04      
      1067      3.726e-03      
      1068      1.082e-02      
      1069      2.490e-02      
      1070      4.540e-02      
      1071      6.559e-02      
      1072      7.515e-02      
      1073      6.840e-02      
      1074      4.964e-02      
      1075      2.893e-02      
      1076      1.375e-02      
      1077      5.530e-03      
      1078      2.062e-03      
      1079      8.506e-04      
      1205      2.315e-03      
      1206      7.778e-03      
      1207      2.084e-02      
      1208      4.481e-02      
      1209      7.799e-02      
      1210      1.111e-01      
      1211      1.312e-01      
      1212      1.310e-01      
      1213      1.132e-01      
      1214      8.715e-02      
      1215      6.236e-02      
      1216      4.387e-02      
      1217      3.279e-02      
      1218      2.806e-02      
      1220      3.020e-02      
      1221      3.356e-02      
      1222      3.694e-02      
      1223      3.993e-02      
      1224      4.251e-02      
      1225      4.486e-02      
      1227      4.860e-02      
      1228      4.923e-02      
      1236      5.292e-02      
      1237      5.557e-02      
      1239      5.933e-02      
      1240      6.004e-02      
      1248      6.281e-02      
      1249      6.426e-02      
      1252      6.803e-02      
      1253      6.888e-02      
      1259      6.544e-02      
      1260      6.344e-02      
      1261      6.131e-02      
      1262      5.896e-02      
      1263      5.628e-02      
      1264      5.326e-02      
      1265      5.008e-02      
      1266      4.695e-02      
      1267      4.406e-02      
      1268      4.152e-02      
      1270      3.795e-02      
      1271      3.712e-02      
      1282      3.394e-02      
      1283      3.264e-02      
      1285      2.951e-02      
      1286      2.765e-02      
      1288      2.365e-02      
      1289      2.181e-02      
      1293      1.769e-02      
      1294      1.744e-02      
      1301      2.145e-02      
      1302      2.195e-02      
      1310      1.839e-02      
      1311      1.723e-02      
      1313      1.432e-02      
      1314      1.270e-02      
      1333      8.835e-03      
      1334      8.474e-03      
      1351      4.539e-03      
      1352      3.735e-03      
      1576      7.700e-03      
      1577      8.190e-03      
      1579      5.518e-03      
      1580      3.833e-03      
      1604      3.496e-03      
      1605      8.440e-03      
      1606      1.591e-02      
      1607      2.343e-02      
      1609      2.461e-02      
      1610      1.786e-02      
      1611      1.071e-02      
      1612      5.850e-03      
      1626      2.163e-03      
      1627      1.595e-03      
      1987      2.830e-03      
      1988      5.972e-03      
      1989      1.024e-02      
      1990      1.431e-02      
      1991      1.648e-02      
      1998      1.337e-02      
      1999      9.086e-03      
      2000      5.071e-03      
      2001      2.414e-03      
      2096      6.181e-03      
      2097      1.338e-02      
      2098      2.324e-02      
      2099      3.262e-02      
      2100      3.730e-02      
      2101      3.513e-02      
      2102      2.761e-02      
      2103      1.839e-02      
      2104      1.054e-02      
      2105      5.286e-03      
      2106      2.392e-03      
      2107      1.036e-03      
      2195      5.049e-03      
      2196      1.280e-02      
      2197      2.800e-02      
      2198      5.461e-02      
      2199      9.650e-02      
      2200      1.530e-01      
      2201      2.114e-01      
      2202      2.473e-01      
      2203      2.396e-01      
      2204      1.903e-01      
      2205      1.245e-01      
      2206      6.967e-02      
      2207      3.793e-02      
      2208      2.599e-02      
      2210      2.870e-02      
      2211      3.309e-02      
      2212      3.699e-02      
      2213      3.995e-02      
      2220      4.236e-02      
      2221      4.434e-02      
      2222      4.675e-02      
      2223      4.923e-02      
      2233      5.272e-02      
      2234      5.407e-02      
      2237      5.778e-02      
      2238      5.865e-02      
      2248      5.542e-02      
      2249      5.142e-02      
      2250      4.726e-02      
      2251      4.336e-02      
      2252      3.991e-02      
      2253      3.696e-02      
      2254      3.454e-02      
      2255      3.266e-02      
      2269      2.920e-02      
      2270      2.714e-02      
      2271      2.479e-02      
      2272      2.220e-02      
      2273      1.960e-02      
      2274      1.734e-02      
      2294      1.367e-02      
      2295      1.237e-02      
      2316      8.662e-03      
      2317      8.078e-03      
      2320      4.644e-03      
      2321      3.438e-03      
      2405      4.034e-03      
      2406      8.459e-03      
      2407      1.783e-02      
      2408      3.255e-02      
      2409      4.999e-02      
      2410      6.539e-02      
      2411      7.557e-02      
      2412      8.137e-02      
      2413      8.502e-02      
      2414      8.603e-02      
      2415      8.178e-02      
      2416      7.184e-02      
      2417      5.933e-02      
      2418      4.801e-02      
      2419      3.971e-02      
      2420      3.454e-02      
      2425      3.868e-02      
      2426      4.096e-02      
      2431      3.881e-02      
      2432      3.662e-02      
      2456      4.072e-02      
      2457      4.132e-02      
      2463      3.837e-02      
      2464      3.618e-02      
      2465      3.354e-02      
      2466      3.077e-02      
      2467      2.823e-02      
      2468      2.615e-02      
      2471      2.223e-02      
      2472      2.129e-02      
      2489      1.784e-02      
      2490      1.613e-02      
      2504      2.022e-02      
      2505      2.096e-02      
      2511      1.721e-02      
      2512      1.530e-02      
      2514      1.195e-02      
      2515      1.068e-02      
      2519      6.517e-03      
      2520      5.992e-03      
      2537      1.979e-03      
      2538      1.636e-03      
      2543      5.523e-03      
      2544      7.744e-03      
      2548      4.290e-03      
      2549      2.842e-03      
      2566      4.638e-03      
      2567      9.901e-03      
      2568      1.922e-02      
      2569      3.129e-02      
      2570      4.173e-02      
      2572      4.081e-02      
      2573      3.055e-02      
      2574      1.978e-02      
      2575      1.207e-02      
      2576      8.189e-03      
      2577      7.126e-03      
      2581      1.082e-02      
      2582      1.145e-02      
      2588      7.708e-03      
      2589      7.169e-03      
      2618      3.259e-03      
      2619      2.787e-03      
      2948      5.829e-03      
      2949      1.149e-02      
      2950      1.787e-02      
      2953      1.644e-02      
      2954      1.009e-02      
      2955      4.978e-03      
      2956      2.013e-03      
      2957      6.942e-04      
      3139      2.902e-03      
      3140      6.879e-03      
      3141      1.386e-02      
      3142      2.413e-02      
      3143      3.700e-02      
      3144      5.033e-02      
      3145      6.010e-02      
      3146      6.178e-02      
      3147      5.393e-02      
      3148      4.033e-02      
      3149      2.689e-02      
      3150      1.702e-02      
      3151      1.063e-02      
      3152      6.398e-03      
      3153      3.531e-03      
      3154      1.727e-03      
      3343      2.059e-03      
      3344      7.783e-03      
      3345      2.315e-02      
      3346      5.411e-02      
      3347      9.934e-02      
      3348      1.432e-01      
      3349      1.619e-01      
      3350      1.439e-01      
      3351      1.007e-01      
      3352      5.578e-02      
      3353      2.471e-02      
      3354      9.010e-03      
      3355      2.924e-03      
      3369      4.584e-03      
      3370      8.212e-03      
      3371      1.161e-02      
      3372      1.297e-02      
      3373      1.149e-02      
      3374      8.128e-03      
      3375      4.680e-03      
      3376      2.295e-03      
      3391      3.476e-03      
      3392      6.628e-03      
      3393      1.235e-02      
      3394      2.121e-02      
      3395      3.219e-02      
      3396      4.222e-02      
      3397      4.749e-02      
      3398      4.622e-02      
      3399      4.007e-02      
      3400      3.251e-02      
      3401      2.624e-02      
      3402      2.208e-02      
      3403      1.958e-02      
      3412      1.569e-02      
      3413      1.429e-02      
      3418      1.629e-02      
      3419      2.124e-02      
      3420      2.715e-02      
      3421      3.247e-02      
      3422      3.587e-02      
      3423      3.723e-02      
      3427      3.855e-02      
      3428      4.254e-02      
      3429      5.006e-02      
      3430      5.993e-02      
      3431      6.845e-02      
      3433      6.836e-02      
      3434      6.123e-02      
      3435      5.413e-02      
      3436      4.956e-02      
      3442      5.371e-02      
      3443      5.443e-02      
      3447      5.034e-02      
      3448      4.778e-02      
      3449      4.478e-02      
      3450      4.162e-02      
      3451      3.869e-02      
      3452      3.634e-02      
      3469      3.276e-02      
      3470      3.091e-02      
      3471      2.884e-02      
      3472      2.652e-02      
      3473      2.398e-02      
      3474      2.142e-02      
      3475      1.907e-02      
      3476      1.706e-02      
      3479      1.328e-02      
      3480      1.286e-02      
      3488      1.627e-02      
      3489      1.716e-02      
      3495      1.398e-02      
      3496      1.217e-02      
      3501      8.081e-03      
      3502      7.978e-03      
      3521      4.000e-03      
      3522      3.092e-03      
      3548      4.269e-03      
      3549      1.322e-02      
      3550      3.775e-02      
      3551      8.960e-02      
      3552      1.723e-01      
      3553      2.670e-01      
      3554      3.344e-01      
      3555      3.416e-01      
      3556      2.903e-01      
      3557      2.132e-01      
      3558      1.447e-01      
      3559      9.976e-02      
      3560      7.657e-02      
      3561      6.804e-02      
      3562      6.828e-02      
      3563      7.293e-02      
      3564      7.871e-02      
      3565      8.349e-02      
      3570      8.128e-02      
      3571      7.848e-02      
      3572      7.599e-02      
      3573      7.417e-02      
      3577      7.729e-02      
      3578      7.935e-02      
      3588      8.324e-02      
      3589      8.365e-02      
      3592      8.081e-02      
      3593      7.797e-02      
      3594      7.437e-02      
      3595      7.030e-02      
      3596      6.615e-02      
      3597      6.225e-02      
      3598      5.879e-02      
      3599      5.574e-02      
      3600      5.291e-02      
      3601      5.023e-02      
      3602      4.783e-02      
      3603      4.597e-02      
      3611      4.300e-02      
      3612      4.106e-02      
      3613      3.884e-02      
      3614      3.631e-02      
      3615      3.335e-02      
      3616      2.999e-02      
      3617      2.654e-02      
      3618      2.340e-02      
      3619      2.091e-02      
      3620      1.913e-02
3624   1.913e-02