0      0.0      
      1      0.000e+00      
      369      4.166e-03      
      370      6.079e-03      
      373      4.537e-03      
      374      2.776e-03      
      423      5.195e-03      
      424      9.585e-03      
      425      1.533e-02      
      426      2.013e-02      
      428      1.836e-02      
      429      1.273e-02      
      430      7.123e-03      
      431      3.211e-03      
      433      3.365e-04      
      434      7.763e-05      
      1067      1.978e-03      
      1068      5.409e-03      
      1069      1.170e-02      
      1070      2.004e-02      
      1071      2.711e-02      
      1073      2.441e-02      
      1074      1.621e-02      
      1075      8.474e-03      
      1076      3.484e-03      
      1077      1.126e-03      
      1078      2.861e-04      
      1206      2.924e-03      
      1207      7.857e-03      
      1208      1.705e-02      
      1209      3.021e-02      
      1210      4.428e-02      
      1211      5.443e-02      
      1212      5.685e-02      
      1213      5.102e-02      
      1214      3.971e-02      
      1215      2.697e-02      
      1216      1.602e-02      
      1217      8.308e-03      
      1218      3.724e-03      
      1219      1.421e-03      
      1220      4.540e-04      
      1988      2.405e-03      
      1989      3.974e-03      
      1999      1.614e-03      
      2000      7.126e-04      
      2096      2.530e-03      
      2097      4.995e-03      
      2098      7.770e-03      
      2099      9.534e-03      
      2101      7.082e-03      
      2102      4.292e-03      
      2103      2.058e-03      
      2104      7.801e-04      
      2196      2.788e-03      
      2197      5.564e-03      
      2198      1.009e-02      
      2199      1.680e-02      
      2200      2.521e-02      
      2201      3.300e-02      
      2202      3.660e-02      
      2203      3.373e-02      
      2204      2.548e-02      
      2205      1.563e-02      
      2206      7.717e-03      
      2207      3.051e-03      
      2408      5.793e-03      
      2409      8.666e-03      
      2410      1.086e-02      
      2411      1.236e-02      
      2412      1.416e-02      
      2413      1.674e-02      
      2416      1.660e-02      
      2417      1.252e-02      
      2418      8.410e-03      
      2419      5.121e-03      
      2420      2.811e-03      
      2421      1.355e-03      
      2568      3.591e-03      
      2569      5.795e-03      
      2574      2.710e-03      
      2575      1.254e-03      
      2947      3.484e-03      
      2948      8.355e-03      
      2949      1.573e-02      
      2950      2.314e-02      
      2951      2.658e-02      
      2952      2.387e-02      
      2953      1.677e-02      
      2954      9.229e-03      
      2955      3.982e-03      
      2956      1.349e-03      
      2957      3.592e-04      
      3140      2.066e-03      
      3141      4.688e-03      
      3142      8.959e-03      
      3143      1.457e-02      
      3144      2.019e-02      
      3145      2.373e-02      
      3146      2.355e-02      
      3147      1.986e-02      
      3148      1.471e-02      
      3149      1.035e-02      
      3150      7.625e-03      
      3151      6.018e-03      
      3153      3.282e-03      
      3154      1.946e-03      
      3344      2.711e-03      
      3345      8.255e-03      
      3346      1.966e-02      
      3347      3.658e-02      
      3348      5.319e-02      
      3349      6.048e-02      
      3350      5.379e-02      
      3351      3.746e-02      
      3352      2.047e-02      
      3353      8.801e-03      
      3354      2.989e-03      
      3395      5.010e-03      
      3396      6.968e-03      
      3400      4.688e-03      
      3401      2.667e-03      
      3550      3.381e-03      
      3551      8.332e-03      
      3552      1.616e-02      
      3553      2.482e-02      
      3554      3.045e-02      
      3555      3.030e-02      
      3556      2.504e-02      
      3557      1.778e-02      
      3558      1.125e-02      
      3559      6.486e-03      
      3560      3.391e-03      
      3561      1.565e-03
3624   1.565e-03