0      0.0      
      1      0.000e+00      
      34      9.545e-03      
      35      1.694e-02      
      36      2.651e-02      
      37      3.502e-02      
      41      2.409e-02      
      42      1.936e-02      
      70      5.306e-03      
      71      4.916e-03      
      366      1.681e-02      
      367      2.908e-02      
      368      4.917e-02      
      369      7.411e-02      
      370      9.549e-02      
      373      8.205e-02      
      374      6.622e-02      
      375      5.532e-02      
      376      4.982e-02      
      381      6.382e-02      
      382      7.329e-02      
      383      8.504e-02      
      384      9.918e-02      
      385      1.154e-01      
      386      1.322e-01      
      387      1.470e-01      
      388      1.573e-01      
      389      1.627e-01      
      394      1.738e-01      
      395      1.781e-01      
      397      1.904e-01      
      398      1.968e-01      
      410      1.974e-01      
      411      2.143e-01      
      412      2.425e-01      
      413      2.738e-01      
      414      2.953e-01      
      416      2.869e-01      
      417      2.707e-01      
      420      2.740e-01      
      421      2.931e-01      
      422      3.193e-01      
      423      3.552e-01      
      424      4.017e-01      
      425      4.508e-01      
      426      4.871e-01      
      428      4.820e-01      
      429      4.517e-01      
      430      4.207e-01      
      431      3.973e-01      
      432      3.821e-01      
      433      3.723e-01      
      434      3.651e-01      
      436      3.531e-01      
      437      3.472e-01      
      438      3.402e-01      
      439      3.317e-01      
      440      3.220e-01      
      441      3.119e-01      
      442      3.024e-01      
      443      2.942e-01      
      445      2.815e-01      
      446      2.758e-01      
      448      2.626e-01      
      449      2.540e-01      
      450      2.439e-01      
      451      2.329e-01      
      452      2.224e-01      
      453      2.134e-01      
      455      2.019e-01      
      456      1.985e-01      
      459      1.885e-01      
      460      1.829e-01      
      461      1.758e-01      
      462      1.678e-01      
      463      1.598e-01      
      464      1.523e-01      
      470      1.393e-01      
      471      1.357e-01      
      472      1.286e-01      
      473      1.191e-01      
      474      1.087e-01      
      475      9.882e-02      
      476      9.030e-02      
      477      8.343e-02      
      481      6.978e-02      
      482      6.714e-02      
      486      5.349e-02      
      487      5.191e-02      
      497      3.963e-02      
      498      3.492e-02      
      501      2.260e-02      
      502      1.988e-02      
      524      5.893e-03      
      525      5.051e-03      
      1067      1.108e-02      
      1068      2.661e-02      
      1069      5.137e-02      
      1070      7.975e-02      
      1071      9.960e-02      
      1072      1.002e-01      
      1073      8.157e-02      
      1074      5.399e-02      
      1075      2.946e-02      
      1076      1.368e-02      
      1206      2.429e-02      
      1207      5.664e-02      
      1208      1.103e-01      
      1209      1.800e-01      
      1210      2.492e-01      
      1211      2.982e-01      
      1212      3.153e-01      
      1213      3.007e-01      
      1214      2.638e-01      
      1215      2.179e-01      
      1216      1.755e-01      
      1217      1.455e-01      
      1220      1.503e-01      
      1221      1.763e-01      
      1222      2.083e-01      
      1223      2.425e-01      
      1224      2.755e-01      
      1225      3.052e-01      
      1226      3.304e-01      
      1227      3.511e-01      
      1228      3.675e-01      
      1229      3.795e-01      
      1230      3.866e-01      
      1233      3.774e-01      
      1234      3.656e-01      
      1235      3.509e-01      
      1236      3.344e-01      
      1237      3.169e-01      
      1238      2.992e-01      
      1239      2.819e-01      
      1240      2.657e-01      
      1241      2.514e-01      
      1242      2.391e-01      
      1243      2.288e-01      
      1244      2.200e-01      
      1245      2.131e-01      
      1252      1.999e-01      
      1253      1.944e-01      
      1255      1.827e-01      
      1256      1.773e-01      
      1259      1.644e-01      
      1260      1.617e-01      
      1263      1.496e-01      
      1264      1.420e-01      
      1265      1.325e-01      
      1266      1.217e-01      
      1267      1.103e-01      
      1268      9.949e-02      
      1269      9.052e-02      
      1270      8.420e-02      
      1276      7.213e-02      
      1277      6.976e-02      
      1282      5.661e-02      
      1283      5.477e-02      
      1290      4.279e-02      
      1291      3.776e-02      
      1295      2.412e-02      
      1296      2.299e-02      
      1338      8.941e-03      
      1339      8.000e-03      
      2196      1.536e-02      
      2197      2.970e-02      
      2198      4.979e-02      
      2199      7.395e-02      
      2200      9.780e-02      
      2201      1.136e-01      
      2202      1.134e-01      
      2203      9.538e-02      
      2204      6.677e-02      
      2205      3.892e-02      
      2206      1.920e-02      
      2207      8.412e-03      
      2208      3.639e-03      
      2217      1.417e-02      
      2218      1.871e-02      
      2222      3.195e-02      
      2223      3.403e-02      
      2229      1.983e-02      
      2230      1.717e-02      
      2242      3.092e-02      
      2243      3.185e-02      
      2250      1.890e-02      
      2251      1.552e-02      
      2307      1.281e-03      
      2308      1.109e-03      
      2406      7.147e-03      
      2407      1.597e-02      
      2408      2.863e-02      
      2409      4.187e-02      
      2410      5.209e-02      
      2411      6.009e-02      
      2412      7.147e-02      
      2413      8.977e-02      
      2414      1.099e-01      
      2417      9.924e-02      
      2418      7.779e-02      
      2419      6.024e-02      
      2423      6.897e-02      
      2424      8.269e-02      
      2425      9.681e-02      
      2426      1.106e-01      
      2427      1.241e-01      
      2428      1.376e-01      
      2429      1.511e-01      
      2430      1.640e-01      
      2431      1.752e-01      
      2432      1.838e-01      
      2435      1.979e-01      
      2436      2.009e-01      
      2442      1.868e-01      
      2443      1.755e-01      
      2444      1.635e-01      
      2445      1.527e-01      
      2447      1.393e-01      
      2448      1.358e-01      
      2457      1.221e-01      
      2458      1.213e-01      
      2462      1.098e-01      
      2463      1.037e-01      
      2464      9.640e-02      
      2465      8.821e-02      
      2466      7.978e-02      
      2467      7.171e-02      
      2469      5.824e-02      
      2470      5.344e-02      
      2482      4.159e-02      
      2483      3.851e-02      
      2488      2.539e-02      
      2489      2.155e-02      
      2493      8.498e-03      
      2494      6.582e-03      
      2567      9.152e-03      
      2568      2.193e-02      
      2569      4.456e-02      
      2570      7.463e-02      
      2571      1.025e-01      
      2573      1.074e-01      
      2574      8.358e-02      
      2575      5.676e-02      
      2576      3.728e-02      
      2583      5.133e-02      
      2584      5.513e-02      
      2611      4.419e-02      
      2612      3.729e-02      
      2633      2.564e-02      
      2634      2.086e-02      
      2637      8.153e-03      
      2638      5.958e-03      
      2947      1.533e-02      
      2948      3.747e-02      
      2949      7.175e-02      
      2950      1.078e-01      
      2951      1.274e-01      
      2952      1.189e-01      
      2953      8.808e-02      
      2954      5.236e-02      
      2955      2.549e-02      
      2956      1.066e-02      
      3141      1.073e-02      
      3142      2.714e-02      
      3143      5.480e-02      
      3144      8.872e-02      
      3145      1.157e-01      
      3147      1.054e-01      
      3148      7.521e-02      
      3149      4.541e-02      
      3150      2.408e-02      
      3151      1.181e-02      
      3152      5.608e-03      
      3163      1.645e-02      
      3164      2.079e-02      
      3169      3.422e-02      
      3170      3.525e-02      
      3181      2.154e-02      
      3182      2.051e-02      
      3216      6.237e-03      
      3217      5.980e-03      
      3344      8.092e-03      
      3345      2.143e-02      
      3346      4.506e-02      
      3347      7.546e-02      
      3348      1.009e-01      
      3350      9.327e-02      
      3351      6.521e-02      
      3352      3.744e-02      
      3353      1.813e-02      
      3354      7.856e-03      
      3355      3.424e-03      
      3392      1.423e-02      
      3393      1.985e-02      
      3394      3.066e-02      
      3395      4.478e-02      
      3396      5.889e-02      
      3397      6.966e-02      
      3401      5.927e-02      
      3402      5.492e-02      
      3405      6.406e-02      
      3406      7.092e-02      
      3408      8.413e-02      
      3409      8.931e-02      
      3413      1.023e-01      
      3414      1.040e-01      
      3423      9.632e-02      
      3424      8.831e-02      
      3425      7.981e-02      
      3426      7.255e-02      
      3443      5.905e-02      
      3444      5.664e-02      
      3448      4.458e-02      
      3449      4.039e-02      
      3452      2.758e-02      
      3453      2.384e-02      
      3471      1.011e-02      
      3472      7.757e-03      
      3550      1.067e-02      
      3551      2.707e-02      
      3552      5.490e-02      
      3553      9.004e-02      
      3554      1.213e-01      
      3555      1.369e-01      
      3556      1.321e-01      
      3557      1.105e-01      
      3558      8.072e-02      
      3559      5.152e-02      
      3560      2.910e-02      
      3561      1.559e-02      
      3562      9.852e-03      
      3582      2.372e-02      
      3583      2.472e-02      
      3595      1.095e-02      
      3596      7.980e-03
3624   7.980e-03