0      0.0      
      1      0.000e+00      
      368      4.941e-03      
      369      9.768e-03      
      370      1.533e-02      
      374      1.252e-02      
      375      8.575e-03      
      376      5.611e-03      
      377      3.547e-03      
      412      4.933e-03      
      413      9.999e-03      
      414      1.631e-02      
      415      2.136e-02      
      417      1.974e-02      
      418      1.497e-02      
      419      1.107e-02      
      420      9.318e-03      
      422      1.282e-02      
      423      2.159e-02      
      424      3.924e-02      
      425      6.521e-02      
      426      9.207e-02      
      427      1.082e-01      
      428      1.057e-01      
      429      8.610e-02      
      430      5.882e-02      
      431      3.397e-02      
      432      1.681e-02      
      433      7.309e-03      
      434      2.928e-03      
      435      1.177e-03      
      1067      2.410e-03      
      1068      7.227e-03      
      1069      1.717e-02      
      1070      3.236e-02      
      1071      4.842e-02      
      1072      5.768e-02      
      1073      5.494e-02      
      1074      4.212e-02      
      1075      2.628e-02      
      1076      1.360e-02      
      1077      6.049e-03      
      1078      2.476e-03      
      1079      1.038e-03      
      1205      1.803e-03      
      1206      6.242e-03      
      1207      1.742e-02      
      1208      3.957e-02      
      1209      7.411e-02      
      1210      1.159e-01      
      1211      1.538e-01      
      1212      1.754e-01      
      1213      1.746e-01      
      1214      1.541e-01      
      1215      1.225e-01      
      1216      8.927e-02      
      1217      6.096e-02      
      1218      4.001e-02      
      1219      2.599e-02      
      1220      1.712e-02      
      1221      1.149e-02      
      1222      7.712e-03      
      1223      5.018e-03      
      1231      2.088e-05      
      1232      6.027e-06      
      1990      4.978e-03      
      1991      5.993e-03      
      1995      9.092e-03      
      1996      1.120e-02      
      1999      7.750e-03      
      2000      4.778e-03      
      2097      8.753e-03      
      2098      1.546e-02      
      2099      2.168e-02      
      2101      2.154e-02      
      2102      1.546e-02      
      2103      9.101e-03      
      2104      4.552e-03      
      2105      2.070e-03      
      2196      3.780e-03      
      2197      1.067e-02      
      2198      2.670e-02      
      2199      5.821e-02      
      2200      1.083e-01      
      2201      1.691e-01      
      2202      2.186e-01      
      2203      2.320e-01      
      2204      2.013e-01      
      2205      1.428e-01      
      2206      8.328e-02      
      2207      4.052e-02      
      2208      1.696e-02      
      2209      6.514e-03      
      2210      2.572e-03      
      2211      1.184e-03      
      2406      3.874e-03      
      2407      9.644e-03      
      2408      1.923e-02      
      2409      3.126e-02      
      2410      4.309e-02      
      2411      5.392e-02      
      2412      6.629e-02      
      2413      8.239e-02      
      2414      9.901e-02      
      2415      1.087e-01      
      2416      1.060e-01      
      2417      9.202e-02      
      2418      7.192e-02      
      2419      5.096e-02      
      2420      3.262e-02      
      2421      1.870e-02      
      2422      9.568e-03      
      2423      4.447e-03      
      2567      5.054e-03      
      2568      1.048e-02      
      2569      1.746e-02      
      2570      2.354e-02      
      2572      2.340e-02      
      2573      1.754e-02      
      2574      1.103e-02      
      2575      5.965e-03      
      2577      1.347e-03      
      2578      6.404e-04      
      2948      4.501e-03      
      2949      8.964e-03      
      2950      1.418e-02      
      2954      9.597e-03      
      2955      5.290e-03      
      2958      5.351e-04      
      2959      2.622e-04      
      3139      2.105e-03      
      3140      5.569e-03      
      3141      1.219e-02      
      3142      2.274e-02      
      3143      3.719e-02      
      3144      5.396e-02      
      3145      6.883e-02      
      3146      7.572e-02      
      3147      7.087e-02      
      3148      5.663e-02      
      3149      3.966e-02      
      3150      2.552e-02      
      3151      1.585e-02      
      3152      9.700e-03      
      3153      5.767e-03      
      3154      3.262e-03      
      3343      2.350e-03      
      3344      9.234e-03      
      3345      2.845e-02      
      3346      6.875e-02      
      3347      1.304e-01      
      3348      1.944e-01      
      3349      2.283e-01      
      3350      2.120e-01      
      3351      1.563e-01      
      3352      9.229e-02      
      3353      4.424e-02      
      3354      1.766e-02      
      3355      6.207e-03      
      3356      2.151e-03      
      3357      8.672e-04      
      3393      3.370e-03      
      3394      8.312e-03      
      3395      1.650e-02      
      3396      2.648e-02      
      3397      3.462e-02      
      3399      3.313e-02      
      3400      2.475e-02      
      3401      1.569e-02      
      3402      8.587e-03      
      3403      4.182e-03      
      3404      1.920e-03      
      3549      6.294e-03      
      3550      2.038e-02      
      3551      5.228e-02      
      3552      1.067e-01      
      3553      1.743e-01      
      3554      2.299e-01      
      3555      2.479e-01      
      3556      2.229e-01      
      3557      1.715e-01      
      3558      1.169e-01      
      3559      7.305e-02      
      3560      4.267e-02      
      3561      2.328e-02      
      3562      1.177e-02      
      3563      5.578e-03      
      3566      6.925e-04      
      3567      4.034e-04
3624   4.034e-04