0      0.0      
      1      0.000e+00      
      423      6.763e-03      
      424      1.384e-02      
      425      2.380e-02      
      426      3.417e-02      
      430      2.652e-02      
      431      1.643e-02      
      432      8.775e-03      
      433      4.205e-03      
      1068      8.126e-03      
      1069      1.944e-02      
      1070      3.650e-02      
      1071      5.386e-02      
      1073      5.746e-02      
      1074      4.196e-02      
      1075      2.468e-02      
      1076      1.201e-02      
      1077      5.102e-03      
      1078      2.099e-03      
      1207      7.133e-03      
      1208      1.797e-02      
      1209      3.590e-02      
      1210      5.728e-02      
      1211      7.376e-02      
      1213      6.836e-02      
      1214      5.114e-02      
      1215      3.320e-02      
      1216      1.901e-02      
      1217      9.756e-03      
      1220      9.851e-04      
      1221      4.819e-04      
      1604      6.696e-03      
      1605      1.380e-02      
      1606      2.256e-02      
      1607      2.935e-02      
      1609      2.544e-02      
      1610      1.720e-02      
      1611      9.622e-03      
      1612      4.641e-03      
      1993      1.303e-02      
      1994      1.475e-02      
      1999      7.394e-03      
      2000      4.396e-03      
      2097      1.346e-02      
      2098      2.599e-02      
      2099      3.961e-02      
      2102      3.781e-02      
      2103      2.601e-02      
      2104      1.601e-02      
      2105      9.201e-03      
      2106      5.048e-03      
      2195      6.813e-03      
      2196      1.891e-02      
      2197      4.591e-02      
      2198      9.987e-02      
      2199      1.951e-01      
      2200      3.351e-01      
      2201      4.909e-01      
      2202      5.977e-01      
      2203      5.955e-01      
      2204      4.817e-01      
      2205      3.158e-01      
      2206      1.685e-01      
      2207      7.402e-02      
      2208      2.741e-02      
      2209      9.030e-03      
      2407      1.165e-02      
      2408      2.504e-02      
      2409      4.476e-02      
      2410      6.634e-02      
      2411      8.274e-02      
      2414      7.815e-02      
      2415      6.658e-02      
      2416      5.387e-02      
      2417      4.177e-02      
      2418      3.140e-02      
      2419      2.273e-02      
      2420      1.538e-02      
      2421      9.422e-03      
      2422      5.184e-03      
      2568      1.221e-02      
      2569      2.280e-02      
      2570      3.411e-02      
      2573      3.141e-02      
      2574      2.040e-02      
      2575      1.112e-02      
      2577      2.332e-03      
      2578      1.046e-03      
      3139      3.827e-03      
      3140      1.023e-02      
      3141      2.210e-02      
      3142      3.909e-02      
      3143      5.772e-02      
      3144      7.249e-02      
      3146      7.358e-02      
      3147      5.983e-02      
      3148      4.289e-02      
      3149      2.866e-02      
      3150      1.953e-02      
      3151      1.415e-02      
      3152      1.023e-02      
      3155      2.102e-03      
      3156      1.054e-03      
      3344      9.757e-03      
      3345      2.487e-02      
      3346      5.023e-02      
      3347      8.072e-02      
      3348      1.038e-01      
      3349      1.074e-01      
      3350      9.016e-02      
      3351      6.200e-02      
      3352      3.540e-02      
      3353      1.718e-02      
      3354      7.405e-03      
      3394      1.622e-02      
      3395      2.526e-02      
      3396      3.372e-02      
      3397      3.876e-02      
      3400      3.323e-02      
      3401      2.832e-02      
      3402      2.188e-02      
      3403      1.467e-02      
      3404      8.384e-03      
      3405      4.131e-03      
      3430      1.306e-02      
      3431      1.826e-02      
      3434      1.398e-02      
      3435      8.621e-03      
      3548      6.493e-03      
      3549      2.338e-02      
      3550      6.865e-02      
      3551      1.638e-01      
      3552      3.169e-01      
      3553      4.978e-01      
      3554      6.367e-01      
      3555      6.675e-01      
      3556      5.789e-01      
      3557      4.204e-01      
      3558      2.598e-01      
      3559      1.391e-01      
      3560      6.593e-02      
      3561      2.822e-02      
      3562      1.119e-02      
      3563      4.251e-03      
      3564      1.643e-03
3624   1.643e-03