0      0.0      
      1      0.000e+00      
      422      5.382e-03      
      423      1.163e-02      
      424      2.297e-02      
      425      3.827e-02      
      426      5.294e-02      
      427      6.111e-02      
      428      5.951e-02      
      429      4.954e-02      
      430      3.587e-02      
      431      2.316e-02      
      432      1.387e-02      
      433      8.123e-03      
      434      4.915e-03      
      1069      1.024e-02      
      1070      2.074e-02      
      1071      3.356e-02      
      1072      4.369e-02      
      1074      4.040e-02      
      1075      2.986e-02      
      1076      1.937e-02      
      1077      1.165e-02      
      1079      4.344e-03      
      1080      2.919e-03      
      1207      1.059e-02      
      1208      2.651e-02      
      1209      5.338e-02      
      1210      8.710e-02      
      1211      1.165e-01      
      1212      1.295e-01      
      1213      1.215e-01      
      1214      9.819e-02      
      1215      6.957e-02      
      1216      4.422e-02      
      1217      2.595e-02      
      1218      1.462e-02      
      1219      8.309e-03      
      1220      4.965e-03      
      1990      1.029e-02      
      1991      1.309e-02      
      1994      1.681e-02      
      1995      2.197e-02      
      1996      2.838e-02      
      1997      3.200e-02      
      1998      2.999e-02      
      1999      2.333e-02      
      2000      1.547e-02      
      2001      9.248e-03      
      2002      5.416e-03      
      2098      8.612e-03      
      2099      1.481e-02      
      2100      2.080e-02      
      2101      2.417e-02      
      2103      1.994e-02      
      2104      1.491e-02      
      2105      1.029e-02      
      2106      6.826e-03      
      2196      7.669e-03      
      2197      2.562e-02      
      2198      7.362e-02      
      2199      1.771e-01      
      2200      3.499e-01      
      2201      5.630e-01      
      2202      7.357e-01      
      2203      7.837e-01      
      2204      6.860e-01      
      2205      4.999e-01      
      2206      3.095e-01      
      2207      1.675e-01      
      2208      8.245e-02      
      2209      3.876e-02      
      2210      1.842e-02      
      2211      9.331e-03      
      2214      2.201e-03      
      2215      1.589e-03      
      2405      4.488e-03      
      2406      9.959e-03      
      2407      2.074e-02      
      2408      3.805e-02      
      2409      6.031e-02      
      2410      8.250e-02      
      2411      9.861e-02      
      2415      9.142e-02      
      2416      7.984e-02      
      2417      6.667e-02      
      2418      5.320e-02      
      2419      4.021e-02      
      2420      2.836e-02      
      2421      1.854e-02      
      2422      1.144e-02      
      2423      6.941e-03      
      2544      1.444e-02      
      2545      1.700e-02      
      2547      1.266e-02      
      2548      8.508e-03      
      2556      8.512e-04      
      2557      7.993e-04      
      2566      3.380e-03      
      2567      8.781e-03      
      2568      2.046e-02      
      2569      3.960e-02      
      2570      6.238e-02      
      2571      7.974e-02      
      2572      8.303e-02      
      2573      7.111e-02      
      2574      5.097e-02      
      2575      3.154e-02      
      2576      1.774e-02      
      2577      9.765e-03      
      2580      2.568e-03      
      2581      1.917e-03      
      3140      4.904e-03      
      3141      1.270e-02      
      3142      2.725e-02      
      3143      4.886e-02      
      3144      7.375e-02      
      3145      9.393e-02      
      3147      9.262e-02      
      3148      7.373e-02      
      3149      5.317e-02      
      3150      3.661e-02      
      3151      2.492e-02      
      3152      1.672e-02      
      3153      1.092e-02      
      3154      6.995e-03      
      3344      1.195e-02      
      3345      3.440e-02      
      3346      7.876e-02      
      3347      1.436e-01      
      3348      2.091e-01      
      3349      2.441e-01      
      3350      2.300e-01      
      3351      1.771e-01      
      3352      1.137e-01      
      3353      6.291e-02      
      3354      3.166e-02      
      3355      1.563e-02      
      3356      8.196e-03      
      3357      4.784e-03      
      3393      6.274e-03      
      3394      1.498e-02      
      3395      2.896e-02      
      3396      4.557e-02      
      3397      5.874e-02      
      3399      5.576e-02      
      3400      4.229e-02      
      3401      2.802e-02      
      3402      1.688e-02      
      3403      9.779e-03      
      3404      5.772e-03      
      3430      1.225e-02      
      3431      1.799e-02      
      3435      1.392e-02      
      3436      9.300e-03      
      3440      1.955e-03      
      3441      1.493e-03      
      3548      6.984e-03      
      3549      2.708e-02      
      3550      8.424e-02      
      3551      2.099e-01      
      3552      4.197e-01      
      3553      6.761e-01      
      3554      8.853e-01      
      3555      9.553e-01      
      3556      8.681e-01      
      3557      6.847e-01      
      3558      4.864e-01      
      3559      3.220e-01      
      3560      2.021e-01      
      3561      1.202e-01      
      3562      6.740e-02      
      3563      3.602e-02      
      3564      1.896e-02      
      3565      1.031e-02      
      3568      2.654e-03      
      3569      1.949e-03      
      3601      9.237e-03      
      3602      1.027e-02      
      3608      1.699e-02      
      3609      1.809e-02
3624   1.809e-02