0      0.0      
      1      0.000e+00      
      368      5.763e-03      
      369      1.160e-02      
      370      1.866e-02      
      371      2.438e-02      
      372      2.653e-02      
      374      2.194e-02      
      375      1.857e-02      
      376      1.549e-02      
      377      1.261e-02      
      379      7.904e-03      
      380      6.318e-03      
      406      4.563e-04      
      407      3.544e-04      
      412      3.472e-03      
      413      7.750e-03      
      414      1.399e-02      
      415      2.055e-02      
      422      2.012e-02      
      423      3.175e-02      
      424      5.583e-02      
      425      9.274e-02      
      426      1.344e-01      
      427      1.659e-01      
      428      1.750e-01      
      429      1.597e-01      
      430      1.289e-01      
      431      9.460e-02      
      432      6.539e-02      
      433      4.417e-02      
      434      3.009e-02      
      435      2.109e-02      
      436      1.531e-02      
      437      1.150e-02      
      440      5.703e-03      
      441      4.655e-03      
      1068      6.507e-03      
      1069      1.653e-02      
      1070      3.338e-02      
      1071      5.397e-02      
      1072      7.063e-02      
      1074      6.879e-02      
      1075      5.424e-02      
      1076      3.903e-02      
      1077      2.707e-02      
      1078      1.898e-02      
      1079      1.380e-02      
      1080      1.043e-02      
      1083      5.319e-03      
      1084      4.411e-03      
      1206      6.365e-03      
      1207      1.854e-02      
      1208      4.416e-02      
      1209      8.701e-02      
      1210      1.437e-01      
      1211      2.018e-01      
      1212      2.450e-01      
      1213      2.619e-01      
      1214      2.517e-01      
      1215      2.223e-01      
      1216      1.847e-01      
      1217      1.471e-01      
      1218      1.139e-01      
      1219      8.630e-02      
      1220      6.423e-02      
      1221      4.714e-02      
      1222      3.420e-02      
      1223      2.455e-02      
      1224      1.745e-02      
      1225      1.242e-02      
      1226      9.037e-03      
      1230      3.707e-03      
      1231      3.137e-03      
      1988      7.230e-03      
      1989      1.420e-02      
      1990      2.275e-02      
      1991      3.033e-02      
      1992      3.490e-02      
      1993      3.686e-02      
      1995      4.183e-02      
      1996      4.543e-02      
      1998      4.261e-02      
      1999      3.514e-02      
      2000      2.669e-02      
      2001      1.951e-02      
      2002      1.429e-02      
      2003      1.073e-02      
      2006      5.342e-03      
      2007      4.418e-03      
      2097      8.702e-03      
      2098      1.625e-02      
      2099      2.443e-02      
      2100      2.992e-02      
      2101      3.046e-02      
      2102      2.665e-02      
      2103      2.102e-02      
      2104      1.580e-02      
      2105      1.188e-02      
      2107      7.192e-03      
      2108      5.775e-03      
      2197      9.408e-03      
      2198      2.782e-02      
      2199      6.836e-02      
      2200      1.396e-01      
      2201      2.367e-01      
      2202      3.343e-01      
      2203      3.956e-01      
      2204      3.970e-01      
      2205      3.454e-01      
      2206      2.691e-01      
      2207      1.949e-01      
      2208      1.359e-01      
      2209      9.310e-02      
      2210      6.334e-02      
      2211      4.314e-02      
      2212      2.976e-02      
      2213      2.106e-02      
      2214      1.539e-02      
      2215      1.162e-02      
      2218      5.742e-03      
      2219      4.671e-03      
      2405      3.801e-03      
      2406      1.185e-02      
      2407      2.965e-02      
      2408      5.987e-02      
      2409      9.893e-02      
      2410      1.372e-01      
      2411      1.669e-01      
      2412      1.888e-01      
      2413      2.082e-01      
      2414      2.254e-01      
      2415      2.335e-01      
      2416      2.259e-01      
      2417      2.032e-01      
      2418      1.709e-01      
      2419      1.351e-01      
      2420      1.007e-01      
      2421      7.119e-02      
      2422      4.850e-02      
      2423      3.268e-02      
      2424      2.244e-02      
      2425      1.599e-02      
      2426      1.188e-02      
      2427      9.129e-03      
      2432      3.303e-03      
      2433      2.823e-03      
      2566      3.646e-03      
      2567      9.049e-03      
      2568      1.954e-02      
      2569      3.526e-02      
      2570      5.294e-02      
      2571      6.656e-02      
      2573      6.544e-02      
      2574      5.355e-02      
      2575      4.029e-02      
      2576      2.906e-02      
      2577      2.086e-02      
      2578      1.527e-02      
      2579      1.150e-02      
      2582      5.719e-03      
      2583      4.693e-03      
      2948      9.256e-03      
      2949      1.897e-02      
      2950      3.110e-02      
      2951      4.115e-02      
      2953      4.031e-02      
      2954      3.161e-02      
      2955      2.261e-02      
      2956      1.574e-02      
      2957      1.124e-02      
      2958      8.435e-03      
      2964      2.683e-03      
      2965      2.321e-03      
      3139      3.575e-03      
      3140      9.928e-03      
      3141      2.301e-02      
      3142      4.559e-02      
      3143      7.862e-02      
      3144      1.187e-01      
      3145      1.561e-01      
      3146      1.774e-01      
      3147      1.745e-01      
      3148      1.516e-01      
      3149      1.210e-01      
      3150      9.324e-02      
      3151      7.139e-02      
      3152      5.417e-02      
      3153      4.014e-02      
      3154      2.903e-02      
      3155      2.083e-02      
      3156      1.516e-02      
      3157      1.135e-02      
      3160      5.594e-03      
      3161      4.582e-03      
      3343      3.511e-03      
      3344      1.416e-02      
      3345      4.497e-02      
      3346      1.129e-01      
      3347      2.250e-01      
      3348      3.587e-01      
      3349      4.627e-01      
      3350      4.910e-01      
      3351      4.400e-01      
      3352      3.456e-01      
      3353      2.490e-01      
      3354      1.722e-01      
      3355      1.177e-01      
      3356      8.029e-02      
      3357      5.482e-02      
      3358      3.763e-02      
      3359      2.624e-02      
      3360      1.875e-02      
      3361      1.380e-02      
      3362      1.046e-02      
      3365      5.331e-03      
      3366      4.464e-03      
      3393      6.243e-03      
      3394      1.511e-02      
      3395      3.070e-02      
      3396      5.138e-02      
      3397      7.100e-02      
      3398      8.194e-02      
      3399      8.027e-02      
      3400      6.822e-02      
      3401      5.178e-02      
      3402      3.644e-02      
      3403      2.489e-02      
      3404      1.724e-02      
      3405      1.245e-02      
      3406      9.402e-03      
      3410      3.930e-03      
      3411      3.308e-03      
      3549      8.729e-03      
      3550      2.863e-02      
      3551      7.463e-02      
      3552      1.556e-01      
      3553      2.623e-01      
      3554      3.626e-01      
      3555      4.197e-01      
      3556      4.193e-01      
      3557      3.755e-01      
      3558      3.139e-01      
      3559      2.521e-01      
      3560      1.962e-01      
      3561      1.470e-01      
      3562      1.056e-01      
      3563      7.302e-02      
      3564      4.945e-02      
      3565      3.357e-02      
      3566      2.335e-02      
      3567      1.681e-02      
      3568      1.252e-02      
      3569      9.598e-03      
      3573      4.056e-03      
      3574      3.419e-03
3624   3.419e-03