0      0.0      
      1      0.000e+00      
      413      2.889e-03      
      414      5.722e-03      
      415      9.555e-03      
      416      1.307e-02      
      419      1.049e-02      
      420      7.331e-03      
      423      9.586e-03      
      424      1.812e-02      
      425      3.133e-02      
      426      4.678e-02      
      427      5.989e-02      
      428      6.593e-02      
      429      6.265e-02      
      430      5.167e-02      
      431      3.736e-02      
      432      2.411e-02      
      433      1.427e-02      
      434      8.067e-03      
      435      4.579e-03      
      436      2.745e-03      
      1068      3.751e-03      
      1069      9.342e-03      
      1070      1.834e-02      
      1071      2.851e-02      
      1072      3.534e-02      
      1073      3.527e-02      
      1074      2.882e-02      
      1075      1.981e-02      
      1076      1.198e-02      
      1077      6.800e-03      
      1078      3.926e-03      
      1079      2.445e-03      
      1206      2.646e-03      
      1207      8.294e-03      
      1208      2.091e-02      
      1209      4.268e-02      
      1210      7.114e-02      
      1211      9.807e-02      
      1212      1.137e-01      
      1213      1.131e-01      
      1214      9.887e-02      
      1215      7.805e-02      
      1216      5.713e-02      
      1217      3.986e-02      
      1218      2.724e-02      
      1219      1.868e-02      
      1220      1.297e-02      
      1221      9.012e-03      
      1222      6.114e-03      
      1224      2.480e-03      
      1225      1.539e-03      
      1575      4.226e-03      
      1576      7.068e-03      
      1581      4.440e-03      
      1582      2.453e-03      
      2098      5.681e-03      
      2099      9.106e-03      
      2105      5.026e-03      
      2106      3.204e-03      
      2195      2.638e-03      
      2196      8.283e-03      
      2197      2.266e-02      
      2198      5.440e-02      
      2199      1.139e-01      
      2200      2.049e-01      
      2201      3.120e-01      
      2202      3.979e-01      
      2203      4.230e-01      
      2204      3.763e-01      
      2205      2.832e-01      
      2206      1.838e-01      
      2207      1.058e-01      
      2208      5.593e-02      
      2209      2.824e-02      
      2210      1.420e-02      
      2211      7.414e-03      
      2212      4.172e-03      
      2213      2.580e-03      
      2407      4.325e-03      
      2408      1.077e-02      
      2409      2.215e-02      
      2410      3.846e-02      
      2411      5.799e-02      
      2412      7.806e-02      
      2413      9.557e-02      
      2414      1.066e-01      
      2415      1.077e-01      
      2416      9.793e-02      
      2417      8.079e-02      
      2418      6.147e-02      
      2419      4.388e-02      
      2420      2.961e-02      
      2421      1.886e-02      
      2422      1.135e-02      
      2423      6.588e-03      
      2425      2.394e-03      
      2426      1.614e-03      
      2567      2.721e-03      
      2568      6.628e-03      
      2569      1.295e-02      
      2570      2.036e-02      
      2571      2.594e-02      
      2573      2.358e-02      
      2574      1.754e-02      
      2575      1.160e-02      
      2576      7.234e-03      
      2578      3.150e-03      
      2579      2.377e-03      
      2948      4.586e-03      
      2949      9.911e-03      
      2950      1.702e-02      
      2951      2.328e-02      
      2953      2.241e-02      
      2954      1.616e-02      
      2955      9.886e-03      
      2956      5.477e-03      
      2959      1.284e-03      
      2960      9.695e-04      
      3140      2.991e-03      
      3141      7.092e-03      
      3142      1.444e-02      
      3143      2.571e-02      
      3144      4.013e-02      
      3145      5.432e-02      
      3146      6.297e-02      
      3147      6.236e-02      
      3148      5.357e-02      
      3149      4.140e-02      
      3150      3.029e-02      
      3151      2.183e-02      
      3152      1.558e-02      
      3153      1.080e-02      
      3154      7.142e-03      
      3155      4.541e-03      
      3167      2.610e-04      
      3168      1.741e-04      
      3344      2.126e-03      
      3345      6.495e-03      
      3346      1.568e-02      
      3347      2.998e-02      
      3348      4.552e-02      
      3349      5.521e-02      
      3350      5.393e-02      
      3351      4.305e-02      
      3352      2.876e-02      
      3353      1.674e-02      
      3354      9.051e-03      
      3355      4.958e-03      
      3356      2.963e-03      
      3370      5.305e-03      
      3371      7.670e-03      
      3374      5.261e-03      
      3375      2.816e-03      
      3394      5.156e-03      
      3395      9.768e-03      
      3396      1.547e-02      
      3397      2.118e-02      
      3398      2.623e-02      
      3399      3.057e-02      
      3400      3.375e-02      
      3402      3.101e-02      
      3403      2.450e-02      
      3404      1.702e-02      
      3405      1.071e-02      
      3406      6.428e-03      
      3407      3.903e-03      
      3549      5.838e-03      
      3550      2.079e-02      
      3551      5.948e-02      
      3552      1.373e-01      
      3553      2.570e-01      
      3554      3.931e-01      
      3555      4.955e-01      
      3556      5.216e-01      
      3557      4.662e-01      
      3558      3.612e-01      
      3559      2.482e-01      
      3560      1.547e-01      
      3561      8.912e-02      
      3562      4.837e-02      
      3563      2.526e-02      
      3564      1.307e-02      
      3565      6.938e-03      
      3566      3.916e-03      
      3567      2.410e-03
3624   2.410e-03