0      0.0      
      1      0.000e+00      
      370      1.444e-02      
      371      1.816e-02      
      375      5.121e-03      
      376      2.197e-03      
      423      1.035e-02      
      424      2.096e-02      
      425      3.587e-02      
      426      5.133e-02      
      430      4.077e-02      
      431      2.568e-02      
      432      1.402e-02      
      433      6.890e-03      
      1069      1.109e-02      
      1070      2.130e-02      
      1071      3.210e-02      
      1072      3.810e-02      
      1074      2.675e-02      
      1075      1.615e-02      
      1077      3.489e-03      
      1078      1.383e-03      
      1208      9.758e-03      
      1209      2.055e-02      
      1210      3.479e-02      
      1211      4.769e-02      
      1214      3.875e-02      
      1215      2.586e-02      
      1216      1.507e-02      
      1217      7.871e-03      
      1604      1.100e-02      
      1605      2.289e-02      
      1606      3.785e-02      
      1607      4.984e-02      
      1608      5.246e-02      
      1609      4.441e-02      
      1610      3.057e-02      
      1611      1.751e-02      
      1612      8.714e-03      
      2097      1.890e-02      
      2098      3.641e-02      
      2099      5.540e-02      
      2102      5.316e-02      
      2103      3.704e-02      
      2104      2.330e-02      
      2105      1.377e-02      
      2196      2.587e-02      
      2197      6.126e-02      
      2198      1.308e-01      
      2199      2.537e-01      
      2200      4.381e-01      
      2201      6.507e-01      
      2202      8.067e-01      
      2203      8.192e-01      
      2204      6.752e-01      
      2205      4.507e-01      
      2206      2.449e-01      
      2207      1.099e-01      
      2208      4.206e-02      
      2209      1.470e-02      
      2213      6.660e-04      
      2214      3.437e-04      
      2406      7.280e-03      
      2407      1.869e-02      
      2408      4.083e-02      
      2409      7.385e-02      
      2410      1.104e-01      
      2411      1.381e-01      
      2413      1.411e-01      
      2414      1.233e-01      
      2415      1.012e-01      
      2416      7.881e-02      
      2417      5.908e-02      
      2418      4.330e-02      
      2419      3.087e-02      
      2420      2.073e-02      
      2422      6.927e-03      
      2423      3.489e-03      
      2568      1.517e-02      
      2569      2.884e-02      
      2570      4.373e-02      
      2573      4.070e-02      
      2574      2.632e-02      
      2575      1.432e-02      
      2576      6.864e-03      
      3141      1.876e-02      
      3142      3.298e-02      
      3143      4.842e-02      
      3144      6.064e-02      
      3145      6.583e-02      
      3147      5.215e-02      
      3148      3.945e-02      
      3149      2.904e-02      
      3150      2.256e-02      
      3153      1.007e-02      
      3154      6.201e-03      
      3347      1.910e-02      
      3348      2.569e-02      
      3351      1.785e-02      
      3352      1.089e-02      
      3396      2.021e-02      
      3397      2.565e-02      
      3403      1.527e-02      
      3404      8.996e-03      
      3548      1.051e-02      
      3549      3.729e-02      
      3550      1.079e-01      
      3551      2.540e-01      
      3552      4.856e-01      
      3553      7.545e-01      
      3554      9.555e-01      
      3555      9.929e-01      
      3556      8.551e-01      
      3557      6.190e-01      
      3558      3.838e-01      
      3559      2.082e-01      
      3560      1.010e-01      
      3561      4.460e-02      
      3562      1.832e-02      
      3563      7.275e-03      
      3564      3.020e-03
3624   3.020e-03