0      0.0      
      1      0.000e+00      
      370      4.833e-03      
      371      6.282e-03      
      385      6.488e-05      
      386      2.409e-05      
      413      4.682e-03      
      414      8.069e-03      
      422      7.496e-03      
      423      1.443e-02      
      424      2.761e-02      
      425      4.588e-02      
      426      6.340e-02      
      427      7.220e-02      
      428      6.784e-02      
      429      5.289e-02      
      430      3.456e-02      
      431      1.930e-02      
      432      9.573e-03      
      433      4.530e-03      
      434      2.262e-03      
      1071      7.882e-03      
      1072      1.001e-02      
      1076      4.039e-03      
      1077      2.400e-03      
      1207      6.199e-03      
      1208      1.513e-02      
      1209      3.010e-02      
      1210      4.917e-02      
      1211      6.663e-02      
      1212      7.576e-02      
      1213      7.331e-02      
      1214      6.131e-02      
      1215      4.501e-02      
      1216      2.944e-02      
      1217      1.744e-02      
      1218      9.609e-03      
      1219      5.176e-03      
      1220      2.931e-03      
      1990      8.102e-03      
      1991      9.608e-03      
      2001      3.765e-03      
      2002      2.126e-03      
      2097      7.019e-03      
      2098      1.257e-02      
      2099      1.808e-02      
      2100      2.103e-02      
      2102      1.592e-02      
      2103      1.092e-02      
      2104      6.755e-03      
      2105      3.992e-03      
      2197      9.338e-03      
      2198      2.497e-02      
      2199      5.781e-02      
      2200      1.130e-01      
      2201      1.827e-01      
      2202      2.417e-01      
      2203      2.595e-01      
      2204      2.257e-01      
      2205      1.594e-01      
      2206      9.211e-02      
      2207      4.439e-02      
      2208      1.855e-02      
      2209      7.259e-03      
      2211      1.480e-03      
      2212      8.841e-04      
      2407      5.823e-03      
      2408      1.201e-02      
      2409      2.040e-02      
      2410      2.927e-02      
      2411      3.705e-02      
      2412      4.369e-02      
      2413      4.963e-02      
      2414      5.386e-02      
      2416      4.938e-02      
      2417      4.093e-02      
      2418      3.115e-02      
      2419      2.188e-02      
      2420      1.417e-02      
      2421      8.477e-03      
      2422      4.795e-03      
      2568      9.789e-03      
      2569      1.707e-02      
      2570      2.426e-02      
      2573      2.198e-02      
      2574      1.499e-02      
      2575      8.889e-03      
      2576      4.802e-03      
      2948      8.294e-03      
      2949      1.604e-02      
      2950      2.446e-02      
      2953      2.222e-02      
      2954      1.438e-02      
      2955      8.049e-03      
      2957      2.213e-03      
      2958      1.292e-03      
      3139      3.236e-03      
      3140      8.499e-03      
      3141      1.819e-02      
      3142      3.244e-02      
      3143      4.946e-02      
      3144      6.576e-02      
      3145      7.673e-02      
      3146      7.795e-02      
      3147      6.837e-02      
      3148      5.210e-02      
      3149      3.566e-02      
      3150      2.318e-02      
      3151      1.495e-02      
      3152      9.548e-03      
      3153      5.896e-03      
      3343      3.554e-03      
      3344      1.390e-02      
      3345      4.267e-02      
      3346      1.028e-01      
      3347      1.944e-01      
      3348      2.892e-01      
      3349      3.391e-01      
      3350      3.148e-01      
      3351      2.329e-01      
      3352      1.388e-01      
      3353      6.802e-02      
      3354      2.842e-02      
      3355      1.087e-02      
      3356      4.283e-03      
      3393      4.555e-03      
      3394      1.097e-02      
      3395      2.126e-02      
      3396      3.326e-02      
      3397      4.219e-02      
      3399      3.744e-02      
      3400      2.686e-02      
      3401      1.653e-02      
      3402      9.053e-03      
      3403      4.665e-03      
      3404      2.435e-03      
      3548      2.227e-03      
      3549      9.020e-03      
      3550      2.866e-02      
      3551      7.161e-02      
      3552      1.411e-01      
      3553      2.203e-01      
      3554      2.742e-01      
      3555      2.747e-01      
      3556      2.250e-01      
      3557      1.546e-01      
      3558      9.268e-02      
      3559      5.108e-02      
      3560      2.709e-02      
      3561      1.411e-02      
      3562      7.209e-03      
      3565      1.178e-03      
      3566      7.956e-04
3624   7.956e-04