0      0.0      
      1      0.000e+00      
      35      2.671e-03      
      36      4.338e-03      
      41      2.192e-03      
      42      1.188e-03      
      366      1.944e-03      
      367      4.725e-03      
      368      9.326e-03      
      369      1.484e-02      
      370      1.899e-02      
      371      1.951e-02      
      372      1.617e-02      
      373      1.089e-02      
      374      6.085e-03      
      375      2.941e-03      
      377      7.230e-04      
      378      5.773e-04      
      382      2.471e-03      
      383      3.870e-03      
      384      5.984e-03      
      385      8.847e-03      
      386      1.201e-02      
      387      1.455e-02      
      391      1.262e-02      
      392      1.198e-02      
      398      1.382e-02      
      399      1.426e-02      
      409      1.454e-02      
      410      1.756e-02      
      411      2.361e-02      
      412      3.224e-02      
      413      4.053e-02      
      414      4.444e-02      
      415      4.204e-02      
      416      3.525e-02      
      417      2.803e-02      
      418      2.326e-02      
      421      2.503e-02      
      422      3.045e-02      
      423      3.890e-02      
      424      4.918e-02      
      425      5.788e-02      
      426      6.116e-02      
      427      5.768e-02      
      428      4.965e-02      
      429      4.100e-02      
      430      3.458e-02      
      431      3.115e-02      
      436      3.288e-02      
      437      3.354e-02      
      443      3.220e-02      
      444      3.119e-02      
      446      2.908e-02      
      447      2.798e-02      
      448      2.680e-02      
      449      2.552e-02      
      450      2.420e-02      
      451      2.295e-02      
      453      2.087e-02      
      454      2.008e-02      
      458      1.789e-02      
      459      1.739e-02      
      462      1.544e-02      
      463      1.457e-02      
      465      1.287e-02      
      466      1.224e-02      
      470      1.033e-02      
      471      9.662e-03      
      474      7.599e-03      
      475      7.097e-03      
      509      4.890e-03      
      510      4.615e-03      
      526      2.397e-03      
      527      2.356e-03      
      551      2.294e-04      
      552      8.551e-05      
      848      1.866e-03      
      849      2.672e-03      
      860      4.986e-04      
      861      2.294e-04      
      1065      1.672e-03      
      1066      4.656e-03      
      1067      1.070e-02      
      1068      2.052e-02      
      1069      3.314e-02      
      1070      4.515e-02      
      1071      5.170e-02      
      1072      4.944e-02      
      1073      3.928e-02      
      1074      2.589e-02      
      1075      1.424e-02      
      1076      6.631e-03      
      1077      2.715e-03      
      1078      1.060e-03      
      1079      4.565e-04      
      1204      8.764e-04      
      1205      3.107e-03      
      1206      8.893e-03      
      1207      2.076e-02      
      1208      4.004e-02      
      1209      6.471e-02      
      1210      8.930e-02      
      1211      1.073e-01      
      1212      1.146e-01      
      1213      1.101e-01      
      1214      9.628e-02      
      1215      7.717e-02      
      1216      5.763e-02      
      1217      4.132e-02      
      1218      2.975e-02      
      1219      2.268e-02      
      1220      1.907e-02      
      1223      2.031e-02      
      1224      2.279e-02      
      1225      2.557e-02      
      1226      2.832e-02      
      1227      3.086e-02      
      1228      3.319e-02      
      1229      3.544e-02      
      1230      3.773e-02      
      1231      3.996e-02      
      1232      4.185e-02      
      1233      4.311e-02      
      1238      4.121e-02      
      1239      4.013e-02      
      1240      3.891e-02      
      1241      3.752e-02      
      1242      3.593e-02      
      1243      3.416e-02      
      1244      3.233e-02      
      1245      3.054e-02      
      1246      2.888e-02      
      1247      2.735e-02      
      1248      2.595e-02      
      1249      2.466e-02      
      1251      2.249e-02      
      1252      2.166e-02      
      1255      1.954e-02      
      1256      1.874e-02      
      1259      1.669e-02      
      1260      1.640e-02      
      1266      1.445e-02      
      1267      1.385e-02      
      1287      1.186e-02      
      1288      1.098e-02      
      1290      8.939e-03      
      1291      7.850e-03      
      1293      6.030e-03      
      1294      5.536e-03      
      1315      3.341e-03      
      1316      2.807e-03      
      1389      8.966e-04      
      1390      5.239e-04      
      1506      2.671e-03      
      1507      3.138e-03      
      1532      4.531e-03      
      1533      5.487e-03      
      1541      3.305e-03      
      1542      2.887e-03      
      1554      8.895e-04      
      1555      4.983e-04      
      1680      1.889e-03      
      1681      2.977e-03      
      1682      4.297e-03      
      1683      5.620e-03      
      1688      3.860e-03      
      1689      2.858e-03      
      1692      9.231e-04      
      1693      5.057e-04      
      1985      2.531e-03      
      1986      5.145e-03      
      1987      8.461e-03      
      1988      1.153e-02      
      1989      1.347e-02      
      1990      1.406e-02      
      1991      1.341e-02      
      1992      1.160e-02      
      1993      8.829e-03      
      1994      5.766e-03      
      1995      3.216e-03      
      1996      1.579e-03      
      1997      7.411e-04      
      2095      1.366e-03      
      2096      3.569e-03      
      2097      7.465e-03      
      2098      1.259e-02      
      2099      1.726e-02      
      2101      1.794e-02      
      2102      1.378e-02      
      2103      8.830e-03      
      2104      4.783e-03      
      2105      2.256e-03      
      2111      5.070e-05      
      2112      2.308e-05      
      2195      2.220e-03      
      2196      6.069e-03      
      2197      1.353e-02      
      2198      2.502e-02      
      2199      3.906e-02      
      2200      5.222e-02      
      2201      6.002e-02      
      2202      5.890e-02      
      2203      4.870e-02      
      2204      3.352e-02      
      2205      1.913e-02      
      2206      9.134e-03      
      2207      3.796e-03      
      2208      1.532e-03      
      2214      2.941e-03      
      2215      3.821e-03      
      2217      5.439e-03      
      2218      6.073e-03      
      2227      4.470e-03      
      2228      3.844e-03      
      2241      1.647e-03      
      2242      1.535e-03      
      2405      2.566e-03      
      2406      6.233e-03      
      2407      1.210e-02      
      2408      1.892e-02      
      2409      2.419e-02      
      2410      2.630e-02      
      2411      2.647e-02      
      2412      2.779e-02      
      2413      3.201e-02      
      2414      3.762e-02      
      2415      4.128e-02      
      2416      4.064e-02      
      2417      3.575e-02      
      2418      2.829e-02      
      2419      2.044e-02      
      2420      1.402e-02      
      2421      9.982e-03      
      2426      1.100e-02      
      2427      1.221e-02      
      2428      1.353e-02      
      2429      1.489e-02      
      2430      1.617e-02      
      2431      1.731e-02      
      2433      1.914e-02      
      2434      1.987e-02      
      2451      1.803e-02      
      2452      1.756e-02      
      2456      1.580e-02      
      2457      1.533e-02      
      2460      1.346e-02      
      2461      1.263e-02      
      2463      1.046e-02      
      2464      9.091e-03      
      2465      7.587e-03      
      2466      6.066e-03      
      2467      4.722e-03      
      2468      3.750e-03      
      2474      5.638e-03      
      2475      6.133e-03      
      2489      4.444e-03      
      2490      3.784e-03      
      2513      1.953e-03      
      2514      1.418e-03      
      2567      2.999e-03      
      2568      7.495e-03      
      2569      1.537e-02      
      2570      2.598e-02      
      2571      3.633e-02      
      2572      4.224e-02      
      2573      4.116e-02      
      2574      3.409e-02      
      2575      2.466e-02      
      2576      1.632e-02      
      2577      1.064e-02      
      2578      7.445e-03      
      2579      5.869e-03      
      2580      5.120e-03      
      2583      3.522e-03      
      2584      2.838e-03      
      2604      4.671e-03      
      2605      5.569e-03      
      2616      3.388e-03      
      2617      3.336e-03      
      2635      1.600e-03      
      2636      1.057e-03      
      2647      3.106e-03      
      2648      3.553e-03      
      2657      1.562e-03      
      2658      9.750e-04      
      2946      2.606e-03      
      2947      7.709e-03      
      2948      1.797e-02      
      2949      3.297e-02      
      2950      4.763e-02      
      2951      5.421e-02      
      2952      4.870e-02      
      2953      3.468e-02      
      2954      1.975e-02      
      2955      9.174e-03      
      2956      3.635e-03      
      2957      1.360e-03      
      3140      3.276e-03      
      3141      9.104e-03      
      3142      2.028e-02      
      3143      3.634e-02      
      3144      5.272e-02      
      3145      6.244e-02      
      3146      6.135e-02      
      3147      5.162e-02      
      3148      3.943e-02      
      3149      2.944e-02      
      3150      2.225e-02      
      3151      1.630e-02      
      3152      1.079e-02      
      3153      6.214e-03      
      3154      3.118e-03      
      3155      1.433e-03      
      3156      6.686e-04      
      3171      2.578e-03      
      3172      3.090e-03      
      3187      9.316e-04      
      3188      7.252e-04      
      3343      2.725e-03      
      3344      8.236e-03      
      3345      1.982e-02      
      3346      3.791e-02      
      3347      5.763e-02      
      3348      6.972e-02      
      3349      6.728e-02      
      3350      5.202e-02      
      3351      3.247e-02      
      3352      1.658e-02      
      3353      7.101e-03      
      3354      2.694e-03      
      3355      1.010e-03      
      3356      4.398e-04      
      3386      1.750e-03      
      3387      3.255e-03      
      3388      4.833e-03      
      3389      5.761e-03      
      3393      6.841e-03      
      3394      1.003e-02      
      3395      1.376e-02      
      3396      1.666e-02      
      3399      1.466e-02      
      3400      1.167e-02      
      3401      8.967e-03      
      3402      7.218e-03      
      3403      6.524e-03      
      3407      8.635e-03      
      3408      9.481e-03      
      3411      1.161e-02      
      3412      1.189e-02      
      3417      9.750e-03      
      3418      9.364e-03      
      3424      7.334e-03      
      3425      6.511e-03      
      3437      4.343e-03      
      3438      3.839e-03      
      3448      2.016e-03      
      3449      1.533e-03      
      3549      1.464e-03      
      3550      3.824e-03      
      3551      8.209e-03      
      3552      1.483e-02      
      3553      2.328e-02      
      3554      3.270e-02      
      3555      4.168e-02      
      3556      4.767e-02      
      3557      4.773e-02      
      3558      4.085e-02      
      3559      2.950e-02      
      3560      1.791e-02      
      3561      9.229e-03      
      3562      4.127e-03      
      3563      1.690e-03
3624   1.690e-03