0      0.0      
      1      2.000e-02      
      36      9.303e-02      
      37      1.263e-01      
      155      2.776e-02      
      156      2.603e-02      
      366      8.914e-02      
      367      1.671e-01      
      368      3.010e-01      
      369      4.773e-01      
      370      6.425e-01      
      373      5.981e-01      
      374      4.589e-01      
      375      3.362e-01      
      376      2.494e-01      
      377      1.967e-01      
      384      2.943e-01      
      385      3.722e-01      
      386      4.618e-01      
      387      5.449e-01      
      396      6.350e-01      
      397      6.871e-01      
      398      7.409e-01      
      399      7.878e-01      
      402      8.695e-01      
      403      8.943e-01      
      406      9.934e-01      
      407      1.014e+00      
      409      1.053e+00      
      410      1.127e+00      
      411      1.289e+00      
      412      1.549e+00      
      413      1.861e+00      
      414      2.129e+00      
      415      2.259e+00      
      416      2.230e+00      
      417      2.099e+00      
      418      1.957e+00      
      421      1.948e+00      
      422      2.120e+00      
      423      2.401e+00      
      424      2.793e+00      
      425      3.242e+00      
      426      3.636e+00      
      427      3.861e+00      
      428      3.873e+00      
      429      3.720e+00      
      430      3.500e+00      
      431      3.297e+00      
      432      3.152e+00      
      433      3.068e+00      
      434      3.030e+00      
      440      2.946e+00      
      441      2.918e+00      
      451      2.863e+00      
      452      2.815e+00      
      453      2.764e+00      
      454      2.713e+00      
      456      2.620e+00      
      457      2.585e+00      
      462      2.504e+00      
      463      2.482e+00      
      465      2.406e+00      
      466      2.359e+00      
      468      2.266e+00      
      469      2.221e+00      
      470      2.173e+00      
      471      2.116e+00      
      472      2.043e+00      
      473      1.950e+00      
      474      1.842e+00      
      475      1.728e+00      
      476      1.617e+00      
      477      1.516e+00      
      478      1.427e+00      
      479      1.354e+00      
      481      1.256e+00      
      482      1.231e+00      
      492      1.133e+00      
      493      1.119e+00      
      497      1.038e+00      
      498      1.012e+00      
      501      9.162e-01      
      502      8.778e-01      
      505      7.824e-01      
      506      7.670e-01      
      524      6.769e-01      
      525      6.547e-01      
      530      5.642e-01      
      531      5.526e-01      
      543      4.557e-01      
      544      4.495e-01      
      585      3.580e-01      
      586      3.446e-01      
      595      2.505e-01      
      596      2.382e-01      
      620      1.400e-01      
      621      1.344e-01      
      742      3.703e-02      
      743      3.439e-02      
      1066      1.073e-01      
      1067      2.323e-01      
      1068      4.499e-01      
      1069      7.500e-01      
      1070      1.064e+00      
      1071      1.282e+00      
      1072      1.313e+00      
      1073      1.150e+00      
      1074      8.728e-01      
      1075      5.887e-01      
      1076      3.668e-01      
      1077      2.228e-01      
      1078      1.396e-01      
      1079      9.381e-02      
      1205      1.077e-01      
      1206      2.359e-01      
      1207      5.014e-01      
      1208      9.388e-01      
      1209      1.515e+00      
      1210      2.121e+00      
      1211      2.625e+00      
      1212      2.930e+00      
      1214      2.868e+00      
      1215      2.583e+00      
      1216      2.234e+00      
      1217      1.907e+00      
      1218      1.666e+00      
      1219      1.539e+00      
      1221      1.616e+00      
      1222      1.778e+00      
      1223      1.988e+00      
      1224      2.222e+00      
      1225      2.462e+00      
      1226      2.694e+00      
      1227      2.908e+00      
      1228      3.101e+00      
      1229      3.277e+00      
      1230      3.435e+00      
      1231      3.569e+00      
      1232      3.670e+00      
      1239      3.630e+00      
      1240      3.548e+00      
      1241      3.447e+00      
      1242      3.336e+00      
      1243      3.223e+00      
      1244      3.115e+00      
      1245      3.018e+00      
      1246      2.932e+00      
      1247      2.861e+00      
      1248      2.806e+00      
      1250      2.731e+00      
      1251      2.702e+00      
      1253      2.630e+00      
      1254      2.579e+00      
      1255      2.513e+00      
      1256      2.433e+00      
      1257      2.343e+00      
      1258      2.253e+00      
      1259      2.173e+00      
      1260      2.108e+00      
      1261      2.052e+00      
      1262      1.995e+00      
      1263      1.925e+00      
      1264      1.837e+00      
      1265      1.736e+00      
      1266      1.631e+00      
      1267      1.533e+00      
      1268      1.450e+00      
      1269      1.386e+00      
      1270      1.344e+00      
      1276      1.268e+00      
      1277      1.243e+00      
      1279      1.178e+00      
      1280      1.142e+00      
      1283      1.045e+00      
      1284      1.024e+00      
      1288      9.442e-01      
      1289      9.061e-01      
      1291      8.220e-01      
      1292      7.896e-01      
      1313      7.158e-01      
      1314      6.850e-01      
      1316      6.163e-01      
      1317      5.844e-01      
      1333      4.921e-01      
      1334      4.671e-01      
      1340      3.739e-01      
      1341      3.649e-01      
      1351      2.687e-01      
      1352      2.607e-01      
      1395      1.607e-01      
      1396      1.603e-01      
      1441      6.044e-02      
      1442      6.024e-02      
      1530      1.590e-01      
      1531      1.671e-01      
      1581      6.989e-02      
      1582      6.233e-02      
      1987      1.431e-01      
      1988      1.988e-01      
      1995      1.069e-01      
      1996      8.303e-02      
      2097      1.194e-01      
      2098      2.062e-01      
      2099      3.094e-01      
      2100      3.968e-01      
      2101      4.354e-01      
      2103      3.446e-01      
      2104      2.603e-01      
      2105      1.849e-01      
      2106      1.294e-01      
      2114      3.015e-02      
      2115      2.818e-02      
      2196      1.181e-01      
      2197      2.591e-01      
      2198      5.077e-01      
      2199      8.617e-01      
      2200      1.260e+00      
      2201      1.588e+00      
      2202      1.722e+00      
      2203      1.610e+00      
      2204      1.301e+00      
      2205      9.227e-01      
      2206      5.903e-01      
      2207      3.588e-01      
      2208      2.244e-01      
      2214      2.619e-01      
      2215      3.271e-01      
      2216      3.963e-01      
      2217      4.630e-01      
      2218      5.214e-01      
      2219      5.672e-01      
      2230      4.754e-01      
      2231      4.547e-01      
      2246      3.570e-01      
      2247      3.520e-01      
      2274      2.583e-01      
      2275      2.516e-01      
      2305      1.517e-01      
      2306      1.488e-01      
      2351      4.939e-02      
      2352      4.545e-02      
      2406      8.908e-02      
      2407      1.527e-01      
      2408      2.405e-01      
      2409      3.333e-01      
      2410      4.108e-01      
      2411      4.763e-01      
      2412      5.628e-01      
      2413      7.024e-01      
      2414      8.836e-01      
      2415      1.044e+00      
      2418      9.699e-01      
      2419      8.416e-01      
      2420      7.452e-01      
      2421      7.065e-01      
      2423      7.921e-01      
      2424      8.766e-01      
      2425      9.608e-01      
      2426      1.036e+00      
      2427      1.101e+00      
      2428      1.161e+00      
      2429      1.219e+00      
      2430      1.275e+00      
      2431      1.330e+00      
      2432      1.384e+00      
      2433      1.438e+00      
      2434      1.489e+00      
      2436      1.588e+00      
      2437      1.631e+00      
      2442      1.726e+00      
      2443      1.740e+00      
      2454      1.651e+00      
      2455      1.620e+00      
      2459      1.523e+00      
      2460      1.501e+00      
      2462      1.435e+00      
      2463      1.378e+00      
      2464      1.300e+00      
      2465      1.206e+00      
      2466      1.103e+00      
      2467      1.004e+00      
      2468      9.194e-01      
      2469      8.539e-01      
      2470      8.093e-01      
      2492      7.162e-01      
      2493      6.932e-01      
      2509      5.970e-01      
      2510      5.836e-01      
      2515      4.889e-01      
      2516      4.719e-01      
      2537      3.888e-01      
      2538      3.613e-01      
      2541      2.773e-01      
      2542      2.577e-01      
      2561      1.624e-01      
      2562      1.490e-01      
      2568      1.920e-01      
      2569      3.342e-01      
      2570      5.632e-01      
      2571      8.413e-01      
      2572      1.079e+00      
      2573      1.185e+00      
      2574      1.126e+00      
      2575      9.508e-01      
      2576      7.481e-01      
      2577      5.864e-01      
      2578      4.907e-01      
      2579      4.525e-01      
      2587      5.518e-01      
      2588      5.670e-01      
      2595      6.451e-01      
      2596      6.739e-01      
      2599      7.609e-01      
      2600      7.744e-01      
      2609      6.828e-01      
      2610      6.449e-01      
      2612      5.618e-01      
      2613      5.258e-01      
      2633      4.452e-01      
      2634      4.222e-01      
      2658      3.291e-01      
      2659      3.005e-01      
      2662      2.220e-01      
      2663      2.002e-01      
      2707      1.022e-01      
      2708      9.439e-02      
      2947      1.195e-01      
      2948      2.752e-01      
      2949      5.407e-01      
      2950      8.697e-01      
      2951      1.137e+00      
      2953      1.080e+00      
      2954      8.141e-01      
      2955      5.391e-01      
      2956      3.303e-01      
      2957      1.997e-01      
      2958      1.268e-01      
      2959      8.749e-02      
      3141      1.265e-01      
      3142      2.970e-01      
      3143      6.010e-01      
      3144      1.008e+00      
      3145      1.394e+00      
      3146      1.600e+00      
      3147      1.544e+00      
      3148      1.284e+00      
      3149      9.549e-01      
      3150      6.667e-01      
      3151      4.576e-01      
      3152      3.160e-01      
      3153      2.194e-01      
      3154      1.530e-01      
      3157      6.266e-02      
      3158      5.236e-02      
      3178      1.387e-01      
      3179      1.528e-01      
      3237      5.318e-02      
      3238      4.873e-02      
      3344      1.042e-01      
      3345      2.249e-01      
      3346      4.384e-01      
      3347      7.171e-01      
      3348      9.657e-01      
      3349      1.072e+00      
      3350      9.935e-01      
      3351      7.838e-01      
      3352      5.433e-01      
      3353      3.463e-01      
      3354      2.151e-01      
      3355      1.380e-01      
      3356      9.507e-02      
      3390      1.945e-01      
      3391      1.995e-01      
      3394      2.672e-01      
      3395      3.415e-01      
      3396      4.258e-01      
      3397      4.998e-01      
      3402      4.006e-01      
      3403      3.525e-01      
      3411      4.457e-01      
      3412      4.772e-01      
      3415      5.772e-01      
      3416      6.094e-01      
      3419      6.990e-01      
      3420      7.238e-01      
      3425      6.524e-01      
      3426      6.024e-01      
      3428      5.148e-01      
      3429      4.944e-01      
      3448      3.961e-01      
      3449      3.762e-01      
      3453      2.783e-01      
      3454      2.611e-01      
      3487      1.652e-01      
      3488      1.602e-01      
      3506      6.018e-02      
      3507      5.912e-02      
      3551      1.016e-01      
      3552      1.841e-01      
      3553      3.145e-01      
      3554      4.890e-01      
      3555      6.830e-01      
      3556      8.481e-01      
      3558      8.854e-01      
      3559      7.428e-01      
      3560      5.576e-01      
      3561      3.898e-01      
      3562      2.702e-01      
      3563      2.003e-01      
      3564      1.675e-01      
      3618      6.868e-02      
      3619      6.224e-02
3624   6.224e-02