0      0.0      
      1      0.000e+00      
      35      8.082e-02      
      36      1.309e-01      
      64      3.286e-02      
      65      2.961e-02      
      367      9.529e-02      
      368      1.788e-01      
      369      2.745e-01      
      370      3.462e-01      
      373      2.702e-01      
      374      2.251e-01      
      384      2.844e-01      
      385      3.434e-01      
      386      4.168e-01      
      387      4.829e-01      
      396      5.662e-01      
      397      5.922e-01      
      400      6.859e-01      
      401      7.139e-01      
      404      7.942e-01      
      405      8.207e-01      
      409      8.884e-01      
      410      9.400e-01      
      411      1.043e+00      
      412      1.192e+00      
      413      1.343e+00      
      417      1.246e+00      
      418      1.192e+00      
      420      1.240e+00      
      421      1.320e+00      
      422      1.437e+00      
      423      1.596e+00      
      424      1.776e+00      
      425      1.924e+00      
      428      1.838e+00      
      429      1.728e+00      
      430      1.650e+00      
      431      1.610e+00      
      435      1.527e+00      
      436      1.496e+00      
      440      1.405e+00      
      441      1.385e+00      
      443      1.320e+00      
      444      1.277e+00      
      446      1.192e+00      
      447      1.149e+00      
      448      1.098e+00      
      449      1.037e+00      
      450      9.656e-01      
      451      8.887e-01      
      452      8.129e-01      
      453      7.438e-01      
      454      6.849e-01      
      455      6.369e-01      
      457      5.640e-01      
      458      5.305e-01      
      460      4.536e-01      
      461      4.119e-01      
      463      3.371e-01      
      464      3.070e-01      
      468      2.199e-01      
      469      2.036e-01      
      475      1.054e-01      
      476      8.745e-02      
      1067      1.833e-01      
      1068      3.281e-01      
      1069      4.868e-01      
      1070      6.041e-01      
      1072      5.541e-01      
      1073      4.119e-01      
      1074      2.610e-01      
      1075      1.436e-01      
      1076      7.148e-02      
      1077      3.463e-02      
      1206      1.277e-01      
      1207      2.791e-01      
      1208      5.012e-01      
      1209      7.536e-01      
      1210      9.727e-01      
      1211      1.111e+00      
      1214      1.063e+00      
      1215      9.819e-01      
      1219      1.059e+00      
      1220      1.187e+00      
      1221      1.327e+00      
      1222      1.460e+00      
      1223      1.573e+00      
      1224      1.662e+00      
      1225      1.726e+00      
      1234      1.626e+00      
      1235      1.602e+00      
      1237      1.534e+00      
      1238      1.493e+00      
      1240      1.403e+00      
      1241      1.349e+00      
      1242      1.286e+00      
      1243      1.211e+00      
      1244      1.125e+00      
      1245      1.029e+00      
      1246      9.281e-01      
      1247      8.272e-01      
      1248      7.308e-01      
      1249      6.430e-01      
      1250      5.674e-01      
      1251      5.061e-01      
      1253      4.234e-01      
      1254      3.954e-01      
      1258      3.084e-01      
      1259      2.883e-01      
      1264      1.891e-01      
      1265      1.663e-01      
      1269      8.061e-02      
      1270      6.549e-02      
      1987      1.371e-01      
      1988      1.737e-01      
      1993      7.926e-02      
      1994      6.046e-02      
      2097      1.032e-01      
      2098      1.778e-01      
      2099      2.507e-01      
      2100      2.924e-01      
      2102      2.337e-01      
      2103      1.641e-01      
      2104      1.007e-01      
      2105      5.604e-02      
      2196      8.914e-02      
      2197      2.000e-01      
      2198      3.705e-01      
      2199      5.767e-01      
      2200      7.653e-01      
      2201      8.730e-01      
      2202      8.558e-01      
      2203      7.179e-01      
      2204      5.176e-01      
      2205      3.346e-01      
      2206      2.229e-01      
      2209      3.015e-01      
      2210      3.949e-01      
      2211      4.910e-01      
      2212      5.775e-01      
      2213      6.479e-01      
      2214      7.013e-01      
      2229      6.178e-01      
      2230      5.972e-01      
      2235      5.082e-01      
      2236      4.698e-01      
      2238      3.760e-01      
      2239      3.314e-01      
      2242      2.365e-01      
      2243      2.155e-01      
      2248      1.301e-01      
      2249      1.086e-01      
      2256      9.866e-03      
      2257      6.705e-03      
      2406      5.947e-02      
      2407      1.155e-01      
      2408      1.804e-01      
      2409      2.305e-01      
      2413      3.084e-01      
      2414      3.678e-01      
      2421      4.095e-01      
      2422      5.049e-01      
      2423      6.243e-01      
      2424      7.496e-01      
      2425      8.665e-01      
      2426      9.664e-01      
      2427      1.046e+00      
      2428      1.109e+00      
      2429      1.162e+00      
      2430      1.213e+00      
      2431      1.269e+00      
      2432      1.327e+00      
      2433      1.380e+00      
      2444      1.289e+00      
      2445      1.257e+00      
      2447      1.188e+00      
      2448      1.154e+00      
      2450      1.086e+00      
      2451      1.049e+00      
      2453      9.513e-01      
      2454      8.859e-01      
      2455      8.096e-01      
      2456      7.268e-01      
      2457      6.445e-01      
      2458      5.695e-01      
      2459      5.059e-01      
      2460      4.539e-01      
      2462      3.733e-01      
      2463      3.381e-01      
      2465      2.671e-01      
      2466      2.307e-01      
      2469      1.350e-01      
      2470      1.123e-01      
      2492      1.477e-02      
      2493      1.162e-02      
      2569      1.115e-01      
      2570      2.067e-01      
      2571      3.111e-01      
      2575      2.287e-01      
      2576      1.453e-01      
      2583      2.314e-01      
      2584      2.455e-01      
      2600      3.445e-01      
      2601      3.473e-01      
      2610      2.549e-01      
      2611      2.327e-01      
      2615      1.401e-01      
      2616      1.191e-01      
      2635      2.251e-02      
      2636      1.701e-02      
      2947      6.185e-02      
      2948      1.493e-01      
      2949      2.851e-01      
      2950      4.312e-01      
      2953      3.863e-01      
      2954      2.457e-01      
      2955      1.321e-01      
      2956      6.340e-02      
      2957      2.976e-02      
      3140      5.494e-02      
      3141      1.495e-01      
      3142      3.258e-01      
      3143      5.718e-01      
      3144      8.129e-01      
      3145      9.442e-01      
      3146      9.090e-01      
      3147      7.454e-01      
      3148      5.470e-01      
      3149      3.845e-01      
      3150      2.717e-01      
      3151      1.908e-01      
      3152      1.273e-01      
      3159      2.123e-01      
      3160      2.924e-01      
      3161      3.760e-01      
      3162      4.545e-01      
      3163      5.198e-01      
      3164      5.661e-01      
      3180      4.956e-01      
      3181      4.646e-01      
      3183      3.833e-01      
      3184      3.345e-01      
      3185      2.831e-01      
      3186      2.328e-01      
      3188      1.482e-01      
      3189      1.170e-01      
      3208      1.999e-02      
      3209      1.700e-02      
      3344      7.594e-02      
      3345      1.859e-01      
      3346      3.607e-01      
      3347      5.558e-01      
      3348      6.826e-01      
      3349      6.717e-01      
      3350      5.338e-01      
      3351      3.470e-01      
      3352      1.888e-01      
      3353      8.975e-02      
      3354      4.040e-02      
      3370      1.265e-01      
      3371      1.516e-01      
      3387      2.081e-01      
      3388      2.619e-01      
      3392      3.150e-01      
      3393      3.667e-01      
      3394      4.563e-01      
      3395      5.586e-01      
      3396      6.437e-01      
      3397      6.944e-01      
      3401      6.111e-01      
      3402      5.752e-01      
      3424      4.942e-01      
      3425      4.610e-01      
      3432      3.663e-01      
      3433      3.458e-01      
      3436      2.673e-01      
      3437      2.445e-01      
      3442      1.537e-01      
      3443      1.430e-01      
      3450      5.377e-02      
      3451      3.919e-02      
      3553      8.098e-02      
      3554      1.518e-01      
      3555      2.503e-01      
      3556      3.491e-01      
      3559      2.929e-01      
      3560      1.892e-01      
      3561      1.053e-01      
      3562      5.390e-02
3624   5.390e-02