0      0.0      
      1      0.000e+00      
      34      3.524e-03      
      35      6.886e-03      
      36      1.066e-02      
      37      1.319e-02      
      40      7.877e-03      
      41      5.152e-03      
      367      1.075e-02      
      368      1.975e-02      
      369      2.969e-02      
      370      3.638e-02      
      372      3.023e-02      
      373      2.118e-02      
      374      1.305e-02      
      375      7.507e-03      
      376      4.344e-03      
      385      6.647e-03      
      386      1.071e-02      
      392      4.657e-03      
      393      2.978e-03      
      404      8.800e-03      
      405      1.032e-02      
      408      1.488e-02      
      409      1.794e-02      
      410      2.399e-02      
      411      3.439e-02      
      412      4.839e-02      
      413      6.190e-02      
      414      6.916e-02      
      415      6.703e-02      
      416      5.772e-02      
      417      4.681e-02      
      418      3.907e-02      
      421      4.341e-02      
      422      5.359e-02      
      423      6.849e-02      
      424      8.552e-02      
      425      9.906e-02      
      427      9.810e-02      
      428      8.609e-02      
      429      7.328e-02      
      430      6.362e-02      
      431      5.815e-02      
      432      5.598e-02      
      460      5.032e-02      
      461      4.963e-02      
      467      4.393e-02      
      468      4.333e-02      
      491      3.756e-02      
      492      3.648e-02      
      501      3.110e-02      
      502      2.988e-02      
      518      2.395e-02      
      519      2.362e-02      
      525      1.808e-02      
      526      1.674e-02      
      588      1.075e-02      
      589      9.956e-03      
      665      4.370e-03      
      666      3.120e-03      
      1066      8.229e-03      
      1067      1.773e-02      
      1068      3.149e-02      
      1069      4.671e-02      
      1070      5.847e-02      
      1072      5.632e-02      
      1073      4.369e-02      
      1074      2.939e-02      
      1075      1.761e-02      
      1076      9.856e-03      
      1077      5.483e-03      
      1078      3.205e-03      
      1205      5.552e-03      
      1206      1.497e-02      
      1207      3.275e-02      
      1208      5.891e-02      
      1209      8.885e-02      
      1210      1.150e-01      
      1211      1.309e-01      
      1213      1.258e-01      
      1214      1.082e-01      
      1215      8.536e-02      
      1216      6.210e-02      
      1217      4.228e-02      
      1218      2.779e-02      
      1219      1.862e-02      
      1220      1.382e-02      
      1221      1.236e-02      
      1223      1.629e-02      
      1224      2.051e-02      
      1225      2.557e-02      
      1226      3.091e-02      
      1227      3.604e-02      
      1228      4.071e-02      
      1229      4.510e-02      
      1230      4.944e-02      
      1231      5.357e-02      
      1232      5.688e-02      
      1236      5.363e-02      
      1237      5.002e-02      
      1239      4.402e-02      
      1240      4.254e-02      
      1257      3.710e-02      
      1258      3.551e-02      
      1266      2.926e-02      
      1267      2.883e-02      
      1289      2.331e-02      
      1290      2.241e-02      
      1296      1.635e-02      
      1297      1.601e-02      
      1379      9.998e-03      
      1380      8.752e-03      
      1523      3.175e-03      
      1524      2.278e-03      
      1681      5.923e-03      
      1682      8.821e-03      
      1684      1.461e-02      
      1685      1.520e-02      
      1687      1.045e-02      
      1688      7.157e-03      
      1693      9.906e-04      
      1694      8.000e-04      
      1985      4.830e-03      
      1986      9.362e-03      
      1987      1.445e-02      
      1988      1.812e-02      
      1992      1.408e-02      
      1993      1.158e-02      
      1995      6.048e-03      
      1996      3.978e-03      
      2097      9.442e-03      
      2098      1.579e-02      
      2099      2.161e-02      
      2100      2.452e-02      
      2102      1.913e-02      
      2103      1.368e-02      
      2104      8.865e-03      
      2105      5.476e-03      
      2196      1.171e-02      
      2197      2.602e-02      
      2198      4.795e-02      
      2199      7.481e-02      
      2200      1.005e-01      
      2201      1.173e-01      
      2202      1.186e-01      
      2203      1.031e-01      
      2204      7.673e-02      
      2205      4.926e-02      
      2206      2.798e-02      
      2207      1.476e-02      
      2208      7.745e-03      
      2211      1.818e-03      
      2212      1.368e-03      
      2224      7.349e-03      
      2225      8.289e-03      
      2236      1.425e-02      
      2237      1.538e-02      
      2254      9.245e-03      
      2255      8.988e-03      
      2343      3.748e-03      
      2344      2.502e-03      
      2404      7.517e-03      
      2405      1.010e-02      
      2406      1.547e-02      
      2407      2.389e-02      
      2408      3.347e-02      
      2409      4.073e-02      
      2411      4.462e-02      
      2412      4.768e-02      
      2413      5.476e-02      
      2414      6.280e-02      
      2416      6.391e-02      
      2417      5.544e-02      
      2418      4.445e-02      
      2419      3.392e-02      
      2420      2.578e-02      
      2421      2.080e-02      
      2422      1.861e-02      
      2431      2.296e-02      
      2432      2.579e-02      
      2434      3.163e-02      
      2435      3.435e-02      
      2437      3.984e-02      
      2438      4.280e-02      
      2441      4.900e-02      
      2442      4.929e-02      
      2446      4.443e-02      
      2447      4.247e-02      
      2452      3.674e-02      
      2453      3.589e-02      
      2458      2.975e-02      
      2459      2.893e-02      
      2466      2.287e-02      
      2467      2.148e-02      
      2507      1.544e-02      
      2508      1.521e-02      
      2561      9.998e-03      
      2562      8.753e-03      
      2567      1.027e-02      
      2568      1.638e-02      
      2569      2.736e-02      
      2570      4.262e-02      
      2571      5.824e-02      
      2572      6.815e-02      
      2573      6.801e-02      
      2574      5.842e-02      
      2575      4.425e-02      
      2576      3.089e-02      
      2577      2.128e-02      
      2578      1.564e-02      
      2579      1.285e-02      
      2600      1.894e-02      
      2601      1.933e-02      
      2632      1.385e-02      
      2633      1.212e-02      
      2792      6.010e-03      
      2793      5.605e-03      
      2947      9.650e-03      
      2948      2.237e-02      
      2949      4.123e-02      
      2950      6.055e-02      
      2951      7.116e-02      
      2952      6.743e-02      
      2953      5.224e-02      
      2954      3.390e-02      
      2955      1.922e-02      
      2956      1.017e-02      
      2957      5.448e-03      
      2958      3.151e-03      
      3140      4.931e-03      
      3141      1.313e-02      
      3142      2.795e-02      
      3143      4.792e-02      
      3144      6.680e-02      
      3145      7.677e-02      
      3146      7.451e-02      
      3147      6.364e-02      
      3148      5.074e-02      
      3149      3.981e-02      
      3150      3.091e-02      
      3151      2.290e-02      
      3152      1.565e-02      
      3153      9.871e-03      
      3154      5.980e-03      
      3344      9.787e-03      
      3345      2.350e-02      
      3346      4.483e-02      
      3347      6.820e-02      
      3348      8.312e-02      
      3349      8.183e-02      
      3350      6.594e-02      
      3351      4.446e-02      
      3352      2.598e-02      
      3353      1.392e-02      
      3354      7.387e-03      
      3358      1.288e-03      
      3359      9.850e-04      
      3388      7.009e-03      
      3389      8.298e-03      
      3394      1.356e-02      
      3395      1.751e-02      
      3400      1.146e-02      
      3401      7.809e-03      
      3405      1.667e-03      
      3406      1.496e-03      
      3415      7.056e-03      
      3416      8.090e-03      
      3420      1.427e-02      
      3421      1.472e-02      
      3447      9.702e-03      
      3448      8.182e-03      
      3474      2.074e-03      
      3475      1.446e-03      
      3550      7.181e-03      
      3551      8.429e-03      
      3552      1.092e-02      
      3553      1.573e-02      
      3554      2.419e-02      
      3555      3.625e-02      
      3556      4.873e-02      
      3557      5.605e-02      
      3558      5.435e-02      
      3559      4.487e-02      
      3560      3.260e-02      
      3561      2.215e-02      
      3562      1.524e-02      
      3564      9.319e-03      
      3565      8.231e-03      
      3619      2.502e-03      
      3620      1.401e-03
3624   1.401e-03