0      0.0      
      1      0.000e+00      
      369      5.904e-03      
      370      7.080e-03      
      372      4.987e-03      
      373      2.937e-03      
      410      3.574e-03      
      411      7.906e-03      
      412      1.382e-02      
      413      1.906e-02      
      415      1.775e-02      
      416      1.196e-02      
      417      6.345e-03      
      418      2.674e-03      
      422      4.295e-03      
      423      8.344e-03      
      424      1.308e-02      
      425      1.656e-02      
      427      1.398e-02      
      428      9.338e-03      
      429      5.036e-03      
      430      2.189e-03      
      431      7.655e-04      
      1066      2.531e-03      
      1067      5.577e-03      
      1068      1.017e-02      
      1069      1.548e-02      
      1070      1.971e-02      
      1072      1.831e-02      
      1073      1.310e-02      
      1074      7.587e-03      
      1075      3.529e-03      
      1077      3.873e-04      
      1078      9.042e-05      
      1205      2.340e-03      
      1206      6.369e-03      
      1207      1.402e-02      
      1208      2.527e-02      
      1209      3.784e-02      
      1210      4.807e-02      
      1211      5.307e-02      
      1212      5.209e-02      
      1213      4.613e-02      
      1214      3.682e-02      
      1215      2.613e-02      
      1216      1.622e-02      
      1217      8.667e-03      
      1218      3.938e-03      
      1219      1.505e-03      
      1220      4.781e-04      
      1985      3.119e-03      
      1986      5.899e-03      
      1987      8.764e-03      
      1988      1.035e-02      
      1990      8.249e-03      
      1991      6.359e-03      
      1993      3.433e-03      
      1994      2.149e-03      
      2097      5.033e-03      
      2098      8.189e-03      
      2102      7.077e-03      
      2103      4.093e-03      
      2104      1.918e-03      
      2105      7.233e-04      
      2195      1.555e-03      
      2196      4.268e-03      
      2197      9.560e-03      
      2198      1.776e-02      
      2199      2.784e-02      
      2200      3.721e-02      
      2201      4.242e-02      
      2202      4.078e-02      
      2203      3.251e-02      
      2204      2.114e-02      
      2205      1.106e-02      
      2206      4.617e-03      
      2207      1.530e-03      
      2208      4.013e-04      
      2406      3.544e-03      
      2407      6.497e-03      
      2408      9.520e-03      
      2409      1.134e-02      
      2412      1.250e-02      
      2413      1.552e-02      
      2414      1.882e-02      
      2415      2.024e-02      
      2416      1.882e-02      
      2417      1.518e-02      
      2418      1.069e-02      
      2419      6.539e-03      
      2420      3.422e-03      
      2421      1.501e-03      
      2568      4.526e-03      
      2569      9.453e-03      
      2570      1.614e-02      
      2571      2.254e-02      
      2573      2.396e-02      
      2574      1.820e-02      
      2575      1.126e-02      
      2576      5.669e-03      
      2577      2.315e-03      
      2946      2.458e-03      
      2947      7.095e-03      
      2948      1.614e-02      
      2949      2.892e-02      
      2950      4.075e-02      
      2951      4.510e-02      
      2952      3.918e-02      
      2953      2.669e-02      
      2954      1.426e-02      
      2955      5.975e-03      
      2956      1.963e-03      
      3140      3.540e-03      
      3141      9.453e-03      
      3142      2.015e-02      
      3143      3.448e-02      
      3144      4.766e-02      
      3145      5.371e-02      
      3146      5.026e-02      
      3147      4.047e-02      
      3148      2.984e-02      
      3149      2.163e-02      
      3150      1.567e-02      
      3151      1.068e-02      
      3152      6.321e-03      
      3153      3.084e-03      
      3154      1.207e-03      
      3343      2.366e-03      
      3344      6.839e-03      
      3345      1.575e-02      
      3346      2.875e-02      
      3347      4.150e-02      
      3348      4.726e-02      
      3349      4.243e-02      
      3350      3.003e-02      
      3351      1.675e-02      
      3352      7.376e-03      
      3353      2.565e-03      
      3394      4.618e-03      
      3395      5.949e-03      
      3400      2.799e-03      
      3401      1.579e-03      
      3551      3.097e-03      
      3552      5.435e-03      
      3553      8.558e-03      
      3554      1.261e-02      
      3555      1.730e-02      
      3556      2.106e-02      
      3558      1.821e-02      
      3559      1.231e-02      
      3560      6.634e-03      
      3561      2.842e-03
3624   2.842e-03