0      0.0      
      1      0.000e+00      
      370      5.569e-03      
      371      7.162e-03      
      375      3.099e-03      
      376      1.883e-03      
      424      6.641e-03      
      425      1.216e-02      
      426      1.879e-02      
      427      2.414e-02      
      429      2.298e-02      
      430      1.724e-02      
      431      1.106e-02      
      432      6.228e-03      
      433      3.223e-03      
      1069      6.455e-03      
      1070      1.224e-02      
      1071      1.865e-02      
      1074      1.877e-02      
      1075      1.287e-02      
      1076      7.602e-03      
      1077      4.071e-03      
      1078      2.123e-03      
      1206      3.264e-03      
      1207      8.612e-03      
      1208      1.826e-02      
      1209      3.147e-02      
      1210      4.471e-02      
      1211      5.333e-02      
      1213      4.880e-02      
      1214      3.904e-02      
      1215      2.837e-02      
      1216      1.894e-02      
      1217      1.173e-02      
      1218      6.832e-03      
      1219      3.864e-03      
      2097      5.445e-03      
      2098      9.848e-03      
      2099      1.430e-02      
      2100      1.677e-02      
      2102      1.266e-02      
      2103      8.478e-03      
      2104      4.984e-03      
      2105      2.714e-03      
      2198      7.274e-03      
      2199      1.539e-02      
      2200      2.756e-02      
      2201      4.151e-02      
      2202      5.229e-02      
      2204      4.818e-02      
      2205      3.543e-02      
      2206      2.211e-02      
      2207      1.198e-02      
      2208      5.867e-03      
      2211      7.372e-04      
      2212      4.265e-04      
      2407      3.309e-03      
      2408      6.837e-03      
      2409      1.157e-02      
      2410      1.659e-02      
      2411      2.131e-02      
      2412      2.608e-02      
      2413      3.125e-02      
      2414      3.573e-02      
      2416      3.430e-02      
      2417      2.777e-02      
      2418      1.997e-02      
      2419      1.302e-02      
      2420      7.882e-03      
      2421      4.520e-03      
      2569      8.865e-03      
      2570      1.172e-02      
      2573      8.465e-03      
      2574      5.544e-03      
      2580      3.464e-04      
      2581      2.188e-04      
      2949      5.452e-03      
      2950      9.445e-03      
      2951      1.314e-02      
      2952      1.478e-02      
      2954      1.031e-02      
      2955      6.666e-03      
      2957      2.092e-03      
      2958      1.164e-03      
      3141      6.273e-03      
      3142      1.102e-02      
      3143      1.680e-02      
      3144      2.276e-02      
      3145      2.746e-02      
      3146      2.904e-02      
      3147      2.639e-02      
      3148      2.046e-02      
      3149      1.370e-02      
      3150      8.232e-03      
      3151      4.707e-03      
      3152      2.719e-03      
      3345      5.580e-03      
      3346      1.365e-02      
      3347      2.635e-02      
      3348      4.027e-02      
      3349      4.894e-02      
      3350      4.764e-02      
      3351      3.755e-02      
      3352      2.437e-02      
      3353      1.338e-02      
      3354      6.494e-03      
      3356      1.426e-03      
      3357      7.522e-04      
      3394      3.844e-03      
      3395      7.363e-03      
      3396      1.136e-02      
      3397      1.423e-02      
      3400      9.268e-03      
      3401      6.010e-03      
      3405      7.587e-04      
      3406      5.121e-04      
      3550      4.035e-03      
      3551      1.116e-02      
      3552      2.468e-02      
      3553      4.389e-02      
      3554      6.310e-02      
      3555      7.391e-02      
      3556      7.133e-02      
      3557      5.761e-02      
      3558      3.978e-02      
      3559      2.409e-02      
      3560      1.316e-02      
      3561      6.694e-03      
      3563      1.648e-03      
      3564      9.004e-04
3624   9.004e-04