0      0.0      
      1      1.788e-04      
      368      6.598e-03      
      369      1.343e-02      
      370      2.191e-02      
      371      2.894e-02      
      373      2.863e-02      
      374      2.253e-02      
      375      1.588e-02      
      376      1.042e-02      
      377      6.606e-03      
      378      4.165e-03      
      414      6.366e-03      
      415      1.055e-02      
      416      1.440e-02      
      417      1.616e-02      
      419      1.191e-02      
      420      8.398e-03      
      423      1.186e-02      
      424      2.414e-02      
      425      4.431e-02      
      426      6.904e-02      
      427      9.046e-02      
      428      9.990e-02      
      429      9.348e-02      
      430      7.471e-02      
      431      5.163e-02      
      432      3.147e-02      
      433      1.746e-02      
      434      9.260e-03      
      435      5.036e-03      
      436      3.038e-03      
      1067      3.192e-03      
      1068      9.886e-03      
      1069      2.431e-02      
      1070      4.759e-02      
      1071      7.448e-02      
      1072      9.371e-02      
      1073      9.559e-02      
      1074      8.005e-02      
      1075      5.604e-02      
      1076      3.370e-02      
      1077      1.814e-02      
      1078      9.256e-03      
      1079      4.791e-03      
      1080      2.657e-03      
      1206      6.960e-03      
      1207      1.978e-02      
      1208      4.568e-02      
      1209      8.670e-02      
      1210      1.369e-01      
      1211      1.829e-01      
      1212      2.104e-01      
      1213      2.126e-01      
      1214      1.925e-01      
      1215      1.589e-01      
      1216      1.212e-01      
      1217      8.637e-02      
      1218      5.827e-02      
      1219      3.797e-02      
      1220      2.453e-02      
      1221      1.604e-02      
      1222      1.066e-02      
      1223      7.137e-03      
      1224      4.781e-03      
      1324      4.916e-05      
      1325      1.832e-05      
      1605      2.684e-03      
      1606      5.324e-03      
      1607      8.403e-03      
      1608      1.065e-02      
      1611      7.006e-03      
      1612      4.698e-03      
      1992      8.816e-03      
      1993      9.842e-03      
      1999      5.373e-03      
      2000      3.865e-03      
      2097      5.581e-03      
      2098      1.092e-02      
      2099      1.727e-02      
      2100      2.226e-02      
      2102      2.113e-02      
      2103      1.621e-02      
      2104      1.103e-02      
      2105      6.926e-03      
      2106      4.210e-03      
      2195      3.477e-03      
      2196      1.011e-02      
      2197      2.561e-02      
      2198      5.726e-02      
      2199      1.128e-01      
      2200      1.935e-01      
      2201      2.843e-01      
      2202      3.538e-01      
      2203      3.713e-01      
      2204      3.295e-01      
      2205      2.500e-01      
      2206      1.651e-01      
      2207      9.716e-02      
      2208      5.240e-02      
      2209      2.670e-02      
      2210      1.337e-02      
      2211      6.958e-03      
      2234      2.597e-03      
      2235      2.040e-03      
      2406      3.665e-03      
      2407      9.827e-03      
      2408      2.139e-02      
      2409      3.865e-02      
      2410      6.004e-02      
      2411      8.426e-02      
      2412      1.117e-01      
      2413      1.418e-01      
      2414      1.684e-01      
      2415      1.814e-01      
      2416      1.742e-01      
      2417      1.496e-01      
      2418      1.165e-01      
      2419      8.356e-02      
      2420      5.584e-02      
      2421      3.494e-02      
      2422      2.063e-02      
      2423      1.170e-02      
      2424      6.579e-03      
      2426      2.319e-03      
      2427      1.507e-03      
      2566      2.370e-03      
      2567      6.381e-03      
      2568      1.379e-02      
      2569      2.405e-02      
      2570      3.411e-02      
      2571      3.969e-02      
      2572      3.835e-02      
      2573      3.129e-02      
      2574      2.210e-02      
      2575      1.400e-02      
      2576      8.337e-03      
      2577      4.927e-03      
      2578      3.029e-03      
      2948      6.044e-03      
      2949      1.399e-02      
      2950      2.587e-02      
      2951      3.837e-02      
      2952      4.586e-02      
      2953      4.455e-02      
      2954      3.566e-02      
      2955      2.406e-02      
      2956      1.422e-02      
      2957      7.793e-03      
      2958      4.254e-03      
      2959      2.459e-03      
      3140      3.098e-03      
      3141      7.678e-03      
      3142      1.666e-02      
      3143      3.184e-02      
      3144      5.298e-02      
      3145      7.510e-02      
      3146      8.916e-02      
      3147      8.812e-02      
      3148      7.303e-02      
      3149      5.188e-02      
      3150      3.283e-02      
      3151      1.949e-02      
      3152      1.143e-02      
      3153      6.848e-03      
      3154      4.265e-03      
      3345      5.938e-03      
      3346      1.500e-02      
      3347      2.997e-02      
      3348      4.759e-02      
      3349      6.045e-02      
      3350      6.200e-02      
      3351      5.205e-02      
      3352      3.650e-02      
      3353      2.207e-02      
      3354      1.208e-02      
      3355      6.392e-03      
      3357      2.111e-03      
      3358      1.391e-03      
      3393      2.960e-03      
      3394      7.573e-03      
      3395      1.555e-02      
      3396      2.584e-02      
      3397      3.520e-02      
      3398      4.003e-02      
      3399      3.894e-02      
      3400      3.339e-02      
      3401      2.600e-02      
      3402      1.874e-02      
      3403      1.265e-02      
      3404      8.070e-03      
      3405      4.984e-03      
      3415      2.869e-04      
      3416      1.908e-04      
      3548      1.212e-03      
      3549      5.377e-03      
      3550      1.900e-02      
      3551      5.371e-02      
      3552      1.220e-01      
      3553      2.240e-01      
      3554      3.349e-01      
      3555      4.123e-01      
      3556      4.251e-01      
      3557      3.758e-01      
      3558      2.933e-01      
      3559      2.083e-01      
      3560      1.376e-01      
      3561      8.548e-02      
      3562      4.994e-02      
      3563      2.755e-02      
      3564      1.458e-02      
      3565      7.661e-03      
      3566      4.169e-03      
      3567      2.432e-03
3624   2.432e-03