0      0.0      
      1      0.000e+00      
      367      2.276e-03      
      368      5.618e-03      
      369      1.091e-02      
      370      1.677e-02      
      373      1.637e-02      
      374      1.120e-02      
      375      6.727e-03      
      376      3.651e-03      
      414      7.133e-03      
      415      9.971e-03      
      418      7.137e-03      
      419      4.113e-03      
      423      7.894e-03      
      424      1.737e-02      
      425      3.114e-02      
      426      4.557e-02      
      427      5.486e-02      
      428      5.473e-02      
      429      4.559e-02      
      430      3.192e-02      
      431      1.887e-02      
      432      9.455e-03      
      433      4.011e-03      
      1068      8.140e-03      
      1069      1.797e-02      
      1070      3.147e-02      
      1071      4.368e-02      
      1073      4.190e-02      
      1074      2.894e-02      
      1075      1.584e-02      
      1076      6.867e-03      
      1077      2.361e-03      
      1078      6.436e-04      
      1205      2.167e-03      
      1206      7.040e-03      
      1207      1.815e-02      
      1208      3.742e-02      
      1209      6.242e-02      
      1210      8.569e-02      
      1211      9.907e-02      
      1212      9.940e-02      
      1213      8.939e-02      
      1214      7.407e-02      
      1215      5.745e-02      
      1216      4.197e-02      
      1217      2.903e-02      
      1218      1.938e-02      
      1219      1.288e-02      
      1220      8.742e-03      
      1221      5.973e-03      
      1223      2.324e-03      
      1224      1.200e-03      
      1990      5.033e-03      
      1991      6.151e-03      
      1999      2.322e-03      
      2000      1.208e-03      
      2098      4.400e-03      
      2099      6.401e-03      
      2103      2.355e-03      
      2104      9.817e-04      
      2196      3.679e-03      
      2197      9.480e-03      
      2198      2.103e-02      
      2199      4.030e-02      
      2200      6.632e-02      
      2201      9.298e-02      
      2202      1.101e-01      
      2203      1.096e-01      
      2204      9.128e-02      
      2205      6.369e-02      
      2206      3.731e-02      
      2207      1.843e-02      
      2208      7.695e-03      
      2209      2.718e-03      
      2406      3.779e-03      
      2407      9.352e-03      
      2408      1.830e-02      
      2409      2.871e-02      
      2410      3.732e-02      
      2411      4.296e-02      
      2412      4.832e-02      
      2413      5.660e-02      
      2414      6.670e-02      
      2415      7.332e-02      
      2416      7.191e-02      
      2417      6.249e-02      
      2418      4.865e-02      
      2419      3.436e-02      
      2420      2.206e-02      
      2421      1.273e-02      
      2422      6.489e-03      
      2423      2.861e-03      
      2424      1.072e-03      
      2566      4.306e-03      
      2567      1.054e-02      
      2568      2.040e-02      
      2569      3.138e-02      
      2570      3.860e-02      
      2571      3.835e-02      
      2572      3.127e-02      
      2573      2.150e-02      
      2574      1.306e-02      
      2575      7.638e-03      
      2577      3.704e-03      
      2578      3.083e-03      
      2948      5.643e-03      
      2949      1.198e-02      
      2950      2.010e-02      
      2951      2.667e-02      
      2953      2.310e-02      
      2954      1.504e-02      
      2955      7.703e-03      
      2956      3.098e-03      
      3141      5.880e-03      
      3142      1.025e-02      
      3143      1.606e-02      
      3144      2.283e-02      
      3145      2.868e-02      
      3147      2.717e-02      
      3148      1.988e-02      
      3149      1.232e-02      
      3150      6.908e-03      
      3152      2.416e-03      
      3153      1.619e-03      
      3345      3.068e-03      
      3346      7.359e-03      
      3347      1.375e-02      
      3348      2.000e-02      
      3350      2.000e-02      
      3351      1.375e-02      
      3352      7.359e-03      
      3353      3.068e-03      
      3354      9.959e-04      
      3393      2.865e-03      
      3394      6.648e-03      
      3395      1.241e-02      
      3396      1.877e-02      
      3397      2.327e-02      
      3398      2.400e-02      
      3399      2.102e-02      
      3400      1.600e-02      
      3401      1.082e-02      
      3402      6.575e-03      
      3403      3.571e-03      
      3550      5.623e-03      
      3551      1.621e-02      
      3552      3.738e-02      
      3553      6.925e-02      
      3554      1.036e-01      
      3555      1.263e-01      
      3556      1.270e-01      
      3557      1.073e-01      
      3558      7.777e-02      
      3559      4.940e-02      
      3560      2.783e-02      
      3561      1.389e-02      
      3562      6.051e-03      
      3563      2.258e-03      
      3564      7.052e-04
3624   7.052e-04