0      0.0      
      1      0.000e+00      
      11      7.049e-03      
      12      1.073e-02      
      35      1.940e-02      
      36      2.870e-02      
      40      1.998e-02      
      41      1.360e-02      
      61      3.711e-03      
      62      3.559e-03      
      366      1.234e-02      
      367      2.343e-02      
      368      4.210e-02      
      369      6.529e-02      
      370      8.428e-02      
      372      8.003e-02      
      373      6.129e-02      
      374      4.282e-02      
      375      2.996e-02      
      384      3.945e-02      
      385      4.413e-02      
      387      5.253e-02      
      388      5.437e-02      
      410      5.813e-02      
      411      6.849e-02      
      412      8.510e-02      
      413      1.023e-01      
      416      9.839e-02      
      417      8.595e-02      
      421      9.493e-02      
      422      1.090e-01      
      423      1.304e-01      
      424      1.601e-01      
      425      1.922e-01      
      426      2.142e-01      
      427      2.155e-01      
      428      1.965e-01      
      429      1.679e-01      
      430      1.415e-01      
      431      1.235e-01      
      432      1.138e-01      
      433      1.095e-01      
      440      1.017e-01      
      441      9.908e-02      
      443      9.104e-02      
      444      8.632e-02      
      446      7.710e-02      
      447      7.231e-02      
      448      6.694e-02      
      449      6.099e-02      
      450      5.489e-02      
      451      4.937e-02      
      457      3.963e-02      
      458      3.883e-02      
      463      3.052e-02      
      464      2.853e-02      
      467      2.070e-02      
      468      1.802e-02      
      503      8.483e-03      
      504      8.016e-03      
      1067      1.378e-02      
      1068      2.966e-02      
      1069      5.204e-02      
      1070      7.423e-02      
      1071      8.599e-02      
      1072      8.097e-02      
      1073      6.226e-02      
      1074      3.952e-02      
      1075      2.121e-02      
      1076      1.010e-02      
      1104      1.060e-04      
      1105      3.898e-05      
      1205      6.885e-03      
      1206      1.978e-02      
      1207      4.600e-02      
      1208      8.748e-02      
      1209      1.380e-01      
      1210      1.840e-01      
      1211      2.124e-01      
      1212      2.175e-01      
      1213      2.022e-01      
      1214      1.735e-01      
      1215      1.399e-01      
      1216      1.090e-01      
      1217      8.588e-02      
      1218      7.203e-02      
      1222      7.931e-02      
      1223      8.800e-02      
      1224      9.701e-02      
      1225      1.054e-01      
      1226      1.122e-01      
      1227      1.167e-01      
      1230      1.234e-01      
      1231      1.275e-01      
      1232      1.330e-01      
      1233      1.380e-01      
      1237      1.298e-01      
      1238      1.232e-01      
      1239      1.164e-01      
      1240      1.092e-01      
      1241      1.014e-01      
      1242      9.258e-02      
      1243      8.299e-02      
      1244      7.354e-02      
      1245      6.551e-02      
      1246      5.975e-02      
      1252      5.062e-02      
      1253      4.940e-02      
      1257      4.158e-02      
      1258      3.938e-02      
      1262      3.070e-02      
      1263      2.859e-02      
      1267      2.038e-02      
      1268      1.840e-02      
      1295      8.664e-03      
      1296      7.939e-03      
      1990      1.503e-02      
      1991      1.907e-02      
      1998      1.002e-02      
      1999      6.029e-03      
      2096      8.768e-03      
      2097      1.750e-02      
      2098      2.797e-02      
      2099      3.616e-02      
      2100      3.831e-02      
      2101      3.375e-02      
      2102      2.512e-02      
      2103      1.608e-02      
      2104      9.115e-03      
      2195      1.262e-02      
      2196      2.720e-02      
      2197      4.908e-02      
      2198      7.620e-02      
      2199      1.041e-01      
      2200      1.256e-01      
      2202      1.196e-01      
      2203      9.101e-02      
      2204      5.806e-02      
      2205      3.157e-02      
      2206      1.563e-02      
      2233      6.761e-03      
      2234      5.538e-03      
      2407      8.326e-03      
      2408      1.616e-02      
      2409      2.554e-02      
      2410      3.473e-02      
      2411      4.470e-02      
      2412      5.913e-02      
      2413      7.884e-02      
      2414      9.669e-02      
      2416      8.924e-02      
      2417      6.573e-02      
      2418      4.218e-02      
      2419      2.579e-02      
      2420      1.750e-02      
      2421      1.502e-02      
      2424      2.271e-02      
      2425      2.718e-02      
      2427      3.669e-02      
      2428      4.139e-02      
      2430      4.974e-02      
      2431      5.291e-02      
      2443      4.396e-02      
      2444      4.075e-02      
      2448      3.101e-02      
      2449      2.903e-02      
      2453      1.969e-02      
      2454      1.837e-02      
      2467      8.615e-03      
      2468      7.092e-03      
      2568      1.521e-02      
      2569      3.033e-02      
      2570      4.913e-02      
      2571      6.485e-02      
      2573      6.264e-02      
      2574      4.712e-02      
      2575      3.108e-02      
      2576      1.965e-02      
      2612      1.029e-02      
      2613      9.335e-03      
      2947      1.885e-02      
      2948      4.586e-02      
      2949      8.725e-02      
      2950      1.300e-01      
      2951      1.521e-01      
      2952      1.402e-01      
      2953      1.023e-01      
      2954      5.968e-02      
      2955      2.841e-02      
      2956      1.152e-02      
      2958      1.800e-03      
      2959      8.833e-04      
      3139      3.818e-03      
      3140      1.136e-02      
      3141      2.872e-02      
      3142      6.099e-02      
      3143      1.073e-01      
      3144      1.544e-01      
      3145      1.807e-01      
      3146      1.717e-01      
      3147      1.341e-01      
      3148      8.869e-02      
      3149      5.316e-02      
      3150      3.184e-02      
      3151      2.015e-02      
      3152      1.296e-02      
      3153      8.004e-03      
      3170      1.782e-02      
      3171      1.840e-02      
      3180      8.839e-03      
      3181      7.545e-03      
      3344      8.358e-03      
      3345      2.137e-02      
      3346      4.318e-02      
      3347      6.911e-02      
      3348      8.790e-02      
      3349      8.916e-02      
      3350      7.251e-02      
      3351      4.768e-02      
      3352      2.575e-02      
      3353      1.180e-02      
      3355      2.062e-03      
      3356      9.691e-04      
      3388      9.212e-03      
      3389      1.122e-02      
      3394      1.494e-02      
      3395      2.137e-02      
      3396      2.864e-02      
      3397      3.508e-02      
      3401      2.519e-02      
      3402      1.922e-02      
      3426      1.034e-02      
      3427      7.797e-03      
      3550      7.980e-03      
      3551      1.999e-02      
      3552      3.980e-02      
      3553      6.352e-02      
      3554      8.246e-02      
      3556      8.045e-02      
      3557      6.285e-02      
      3558      4.280e-02      
      3559      2.560e-02      
      3560      1.363e-02      
      3561      6.727e-03      
      3562      3.443e-03
3624   3.443e-03