0      0.0      
      1      0.000e+00      
      425      5.703e-03      
      426      1.168e-02      
      427      1.916e-02      
      428      2.514e-02      
      431      1.573e-02      
      432      9.130e-03      
      496      2.019e-02      
      497      2.039e-02      
      529      1.075e-02      
      530      9.088e-03      
      1068      1.068e-02      
      1069      2.603e-02      
      1070      4.967e-02      
      1071      7.435e-02      
      1072      8.750e-02      
      1073      8.131e-02      
      1074      6.008e-02      
      1075      3.574e-02      
      1076      1.753e-02      
      1077      7.482e-03      
      1078      3.101e-03      
      1207      9.375e-03      
      1208      2.385e-02      
      1209      4.815e-02      
      1210      7.761e-02      
      1211      1.008e-01      
      1213      9.415e-02      
      1214      7.022e-02      
      1215      4.529e-02      
      1216      2.572e-02      
      1217      1.308e-02      
      1219      2.852e-03      
      1220      1.440e-03      
      1233      1.173e-02      
      1234      1.531e-02      
      1236      2.459e-02      
      1237      2.981e-02      
      1239      3.866e-02      
      1240      4.152e-02      
      1289      3.069e-02      
      1290      2.983e-02      
      1321      1.921e-02      
      1322      1.860e-02      
      1333      9.176e-03      
      1334      7.288e-03      
      1605      1.163e-02      
      1606      1.920e-02      
      1611      9.558e-03      
      1612      4.926e-03      
      1992      1.515e-02      
      1993      2.561e-02      
      1994      3.442e-02      
      1995      3.681e-02      
      1996      3.147e-02      
      1997      2.167e-02      
      1998      1.224e-02      
      1999      5.904e-03      
      2098      1.586e-02      
      2099      2.386e-02      
      2104      1.322e-02      
      2105      9.604e-03      
      2195      1.573e-02      
      2196      3.835e-02      
      2197      7.634e-02      
      2198      1.252e-01      
      2199      1.715e-01      
      2200      2.011e-01      
      2202      1.952e-01      
      2203      1.662e-01      
      2204      1.257e-01      
      2205      8.185e-02      
      2206      4.514e-02      
      2207      2.145e-02      
      2208      1.002e-02      
      2211      1.393e-02      
      2212      2.149e-02      
      2213      3.070e-02      
      2214      4.076e-02      
      2215      5.120e-02      
      2216      6.186e-02      
      2217      7.264e-02      
      2218      8.322e-02      
      2219      9.320e-02      
      2220      1.023e-01      
      2221      1.104e-01      
      2222      1.168e-01      
      2230      1.269e-01      
      2231      1.326e-01      
      2244      1.239e-01      
      2245      1.182e-01      
      2246      1.116e-01      
      2247      1.048e-01      
      2248      9.865e-02      
      2249      9.363e-02      
      2253      8.358e-02      
      2254      8.200e-02      
      2258      7.155e-02      
      2259      6.817e-02      
      2263      5.744e-02      
      2264      5.675e-02      
      2296      4.608e-02      
      2297      4.286e-02      
      2309      3.303e-02      
      2310      3.125e-02      
      2321      2.198e-02      
      2322      2.012e-02      
      2347      1.238e-02      
      2348      8.918e-03      
      2407      1.232e-02      
      2408      3.044e-02      
      2409      5.937e-02      
      2410      9.220e-02      
      2411      1.157e-01      
      2413      1.093e-01      
      2414      9.073e-02      
      2415      7.252e-02      
      2416      5.736e-02      
      2417      4.573e-02      
      2418      3.742e-02      
      2419      3.136e-02      
      2426      3.775e-02      
      2427      4.313e-02      
      2429      5.403e-02      
      2430      6.011e-02      
      2431      6.663e-02      
      2432      7.310e-02      
      2434      8.290e-02      
      2435      8.537e-02      
      2442      7.763e-02      
      2443      7.423e-02      
      2463      6.616e-02      
      2464      6.192e-02      
      2466      5.364e-02      
      2467      5.040e-02      
      2470      4.198e-02      
      2471      3.927e-02      
      2511      2.880e-02      
      2512      2.747e-02      
      2515      1.857e-02      
      2516      1.579e-02      
      2563      4.946e-03      
      2564      4.206e-03      
      2567      9.759e-03      
      2568      1.754e-02      
      2569      2.837e-02      
      2570      3.915e-02      
      2574      3.246e-02      
      2575      2.751e-02      
      2620      1.650e-02      
      2621      1.534e-02      
      2657      5.467e-03      
      2658      4.213e-03      
      3141      1.220e-02      
      3142      1.928e-02      
      3152      9.739e-03      
      3153      7.183e-03      
      3347      1.573e-02      
      3348      2.374e-02      
      3352      1.849e-02      
      3353      1.110e-02      
      3398      2.035e-02      
      3399      3.203e-02      
      3400      4.306e-02      
      3401      4.768e-02      
      3402      4.283e-02      
      3403      3.118e-02      
      3404      1.863e-02      
      3405      9.433e-03      
      3406      4.325e-03      
      3430      1.130e-02      
      3431      1.801e-02      
      3436      7.371e-03      
      3437      3.786e-03      
      3461      1.372e-02      
      3462      1.591e-02      
      3499      4.932e-03      
      3500      4.086e-03      
      3549      9.899e-03      
      3550      3.026e-02      
      3551      7.526e-02      
      3552      1.532e-01      
      3553      2.566e-01      
      3554      3.562e-01      
      3555      4.119e-01      
      3556      3.991e-01      
      3557      3.263e-01      
      3558      2.281e-01      
      3559      1.415e-01      
      3560      8.623e-02      
      3561      6.316e-02      
      3562      6.299e-02      
      3563      7.584e-02      
      3564      9.510e-02      
      3565      1.172e-01      
      3566      1.403e-01      
      3567      1.627e-01      
      3568      1.833e-01      
      3569      2.010e-01      
      3570      2.150e-01      
      3571      2.247e-01      
      3572      2.305e-01      
      3581      2.204e-01      
      3582      2.175e-01      
      3585      2.071e-01      
      3586      2.028e-01      
      3588      1.940e-01      
      3589      1.899e-01      
      3591      1.803e-01      
      3592      1.736e-01      
      3593      1.655e-01      
      3594      1.569e-01      
      3595      1.485e-01      
      3596      1.407e-01      
      3597      1.337e-01      
      3598      1.277e-01      
      3600      1.190e-01      
      3601      1.164e-01      
      3608      1.058e-01      
      3609      1.035e-01      
      3612      9.490e-02      
      3613      9.214e-02      
      3616      8.111e-02      
      3617      7.632e-02      
      3619      6.729e-02      
      3620      6.390e-02
3624   6.390e-02