0      0.0      
      1      0.000e+00      
      424      1.585e-02      
      425      3.351e-02      
      426      6.401e-02      
      427      1.028e-01      
      428      1.361e-01      
      429      1.483e-01      
      430      1.340e-01      
      431      1.022e-01      
      432      6.787e-02      
      433      4.115e-02      
      434      2.429e-02      
      1068      4.342e-02      
      1069      1.096e-01      
      1070      2.185e-01      
      1071      3.461e-01      
      1072      4.379e-01      
      1073      4.466e-01      
      1074      3.715e-01      
      1075      2.568e-01      
      1076      1.518e-01      
      1077      8.048e-02      
      1078      4.121e-02      
      1081      9.225e-03      
      1082      6.760e-03      
      1206      1.413e-02      
      1207      4.609e-02      
      1208      1.192e-01      
      1209      2.460e-01      
      1210      4.079e-01      
      1211      5.489e-01      
      1212      6.071e-01      
      1213      5.607e-01      
      1214      4.406e-01      
      1215      3.010e-01      
      1216      1.833e-01      
      1217      1.028e-01      
      1218      5.533e-02      
      1219      3.013e-02      
      1220      1.737e-02      
      1245      4.804e-02      
      1246      5.408e-02      
      1251      8.419e-02      
      1252      8.908e-02      
      1259      1.184e-01      
      1260      1.229e-01      
      1294      9.006e-02      
      1295      8.885e-02      
      1308      5.687e-02      
      1309      5.471e-02      
      1384      2.174e-02      
      1385      2.046e-02      
      1605      3.635e-02      
      1606      5.908e-02      
      1612      2.756e-02      
      1613      1.772e-02      
      1992      4.822e-02      
      1993      8.570e-02      
      1994      1.227e-01      
      1997      1.077e-01      
      1998      7.352e-02      
      1999      4.515e-02      
      2000      2.654e-02      
      2097      3.913e-02      
      2098      7.684e-02      
      2099      1.197e-01      
      2103      9.798e-02      
      2104      6.929e-02      
      2105      4.848e-02      
      2106      3.408e-02      
      2123      1.334e-03      
      2124      7.474e-04      
      2194      1.301e-02      
      2195      4.214e-02      
      2196      1.123e-01      
      2197      2.491e-01      
      2198      4.662e-01      
      2199      7.509e-01      
      2200      1.063e+00      
      2201      1.343e+00      
      2202      1.513e+00      
      2203      1.503e+00      
      2204      1.295e+00      
      2205      9.581e-01      
      2206      6.087e-01      
      2207      3.369e-01      
      2208      1.678e-01      
      2209      8.020e-02      
      2210      4.157e-02      
      2215      6.560e-02      
      2216      8.806e-02      
      2217      1.139e-01      
      2218      1.423e-01      
      2219      1.727e-01      
      2220      2.043e-01      
      2221      2.351e-01      
      2222      2.628e-01      
      2223      2.858e-01      
      2224      3.036e-01      
      2227      3.352e-01      
      2228      3.443e-01      
      2230      3.726e-01      
      2231      3.940e-01      
      2232      4.189e-01      
      2233      4.439e-01      
      2234      4.652e-01      
      2235      4.807e-01      
      2247      4.630e-01      
      2248      4.472e-01      
      2249      4.280e-01      
      2250      4.063e-01      
      2251      3.839e-01      
      2252      3.625e-01      
      2253      3.432e-01      
      2254      3.261e-01      
      2256      2.976e-01      
      2257      2.865e-01      
      2264      2.537e-01      
      2265      2.439e-01      
      2267      2.202e-01      
      2268      2.097e-01      
      2274      1.774e-01      
      2275      1.730e-01      
      2281      1.401e-01      
      2282      1.357e-01      
      2291      1.038e-01      
      2292      9.582e-02      
      2297      6.261e-02      
      2298      5.709e-02      
      2311      2.699e-02      
      2312      2.359e-02      
      2407      4.027e-02      
      2408      9.678e-02      
      2409      1.929e-01      
      2410      3.152e-01      
      2411      4.271e-01      
      2412      4.923e-01      
      2414      4.616e-01      
      2415      3.974e-01      
      2416      3.213e-01      
      2417      2.457e-01      
      2418      1.808e-01      
      2419      1.306e-01      
      2420      9.372e-02      
      2421      6.731e-02      
      2422      5.010e-02      
      2429      7.646e-02      
      2430      8.835e-02      
      2432      1.192e-01      
      2433      1.368e-01      
      2435      1.691e-01      
      2436      1.824e-01      
      2439      2.124e-01      
      2440      2.193e-01      
      2467      1.904e-01      
      2468      1.859e-01      
      2476      1.536e-01      
      2477      1.457e-01      
      2482      1.158e-01      
      2483      1.113e-01      
      2491      7.821e-02      
      2492      7.519e-02      
      2505      4.304e-02      
      2506      4.073e-02      
      2568      6.760e-02      
      2569      1.065e-01      
      2570      1.471e-01      
      2573      1.432e-01      
      2574      1.072e-01      
      2575      7.612e-02      
      2576      5.615e-02      
      2616      2.304e-02      
      2617      2.187e-02      
      3142      4.546e-02      
      3143      7.271e-02      
      3144      1.005e-01      
      3145      1.214e-01      
      3148      1.001e-01      
      3149      8.016e-02      
      3152      4.776e-02      
      3153      3.806e-02      
      3159      5.258e-03      
      3160      4.272e-03      
      3397      2.327e-02      
      3398      5.158e-02      
      3399      9.503e-02      
      3400      1.431e-01      
      3403      1.449e-01      
      3404      1.016e-01      
      3405      6.278e-02      
      3406      3.637e-02      
      3407      2.132e-02      
      3431      5.316e-02      
      3432      7.150e-02      
      3436      3.904e-02      
      3437      2.497e-02      
      3484      5.700e-02      
      3485      5.889e-02      
      3500      2.824e-02      
      3501      2.487e-02      
      3549      3.238e-02      
      3550      1.040e-01      
      3551      2.754e-01      
      3552      6.044e-01      
      3553      1.101e+00      
      3554      1.670e+00      
      3555      2.113e+00      
      3556      2.240e+00      
      3557      2.002e+00      
      3558      1.524e+00      
      3559      1.004e+00      
      3560      5.854e-01      
      3561      3.150e-01      
      3562      1.691e-01      
      3563      1.040e-01      
      3567      1.202e-01      
      3568      1.410e-01      
      3569      1.614e-01      
      3570      1.815e-01      
      3571      2.024e-01      
      3572      2.251e-01      
      3573      2.495e-01      
      3574      2.751e-01      
      3575      3.010e-01      
      3576      3.261e-01      
      3577      3.503e-01      
      3578      3.741e-01      
      3579      3.984e-01      
      3580      4.239e-01      
      3581      4.500e-01      
      3582      4.759e-01      
      3583      5.012e-01      
      3584      5.254e-01      
      3585      5.480e-01      
      3586      5.678e-01      
      3592      5.504e-01      
      3593      5.273e-01      
      3594      5.042e-01      
      3595      4.825e-01      
      3596      4.628e-01      
      3597      4.454e-01      
      3599      4.185e-01      
      3600      4.082e-01      
      3603      3.813e-01      
      3604      3.734e-01      
      3609      3.450e-01      
      3610      3.381e-01      
      3613      3.101e-01      
      3614      2.972e-01      
      3616      2.669e-01      
      3617      2.514e-01      
      3619      2.226e-01      
      3620      2.092e-01
3624   2.092e-01