0      0.0      
      1      0.000e+00      
      35      3.933e-02      
      36      6.452e-02      
      43      2.063e-02      
      44      1.425e-02      
      367      5.815e-02      
      368      1.250e-01      
      369      2.160e-01      
      370      3.011e-01      
      372      3.169e-01      
      373      2.466e-01      
      374      1.655e-01      
      375      1.004e-01      
      376      5.839e-02      
      377      3.486e-02      
      386      7.530e-02      
      387      9.430e-02      
      391      1.424e-01      
      392      1.514e-01      
      395      1.886e-01      
      396      2.026e-01      
      410      2.379e-01      
      411      2.662e-01      
      412      3.207e-01      
      413      3.869e-01      
      414      4.378e-01      
      417      3.951e-01      
      418      3.699e-01      
      420      3.916e-01      
      421      4.316e-01      
      422      4.890e-01      
      423      5.763e-01      
      424      7.045e-01      
      425      8.595e-01      
      426      9.934e-01      
      427      1.051e+00      
      428      1.012e+00      
      429      9.031e-01      
      430      7.745e-01      
      431      6.659e-01      
      432      5.907e-01      
      433      5.428e-01      
      434      5.109e-01      
      436      4.661e-01      
      437      4.478e-01      
      440      4.007e-01      
      441      3.860e-01      
      444      3.429e-01      
      445      3.304e-01      
      450      2.853e-01      
      451      2.762e-01      
      466      2.327e-01      
      467      2.242e-01      
      473      1.792e-01      
      474      1.710e-01      
      478      1.306e-01      
      479      1.199e-01      
      485      7.079e-02      
      486      6.423e-02      
      504      1.433e-02      
      505      1.258e-02      
      1067      3.178e-02      
      1068      7.716e-02      
      1069      1.507e-01      
      1070      2.372e-01      
      1071      3.023e-01      
      1073      2.686e-01      
      1074      1.931e-01      
      1075      1.206e-01      
      1076      6.883e-02      
      1078      2.287e-02      
      1079      1.482e-02      
      1205      2.177e-02      
      1206      6.644e-02      
      1207      1.643e-01      
      1208      3.323e-01      
      1209      5.573e-01      
      1210      7.895e-01      
      1211      9.659e-01      
      1212      1.044e+00      
      1213      1.019e+00      
      1214      9.109e-01      
      1215      7.569e-01      
      1216      5.959e-01      
      1217      4.588e-01      
      1218      3.608e-01      
      1219      3.029e-01      
      1223      3.297e-01      
      1224      3.733e-01      
      1225      4.218e-01      
      1226      4.683e-01      
      1227      5.051e-01      
      1228      5.274e-01      
      1233      5.620e-01      
      1234      5.842e-01      
      1240      5.583e-01      
      1241      5.307e-01      
      1242      5.003e-01      
      1243      4.678e-01      
      1244      4.348e-01      
      1245      4.037e-01      
      1247      3.561e-01      
      1248      3.414e-01      
      1266      2.925e-01      
      1267      2.785e-01      
      1270      2.380e-01      
      1271      2.274e-01      
      1285      1.798e-01      
      1286      1.716e-01      
      1290      1.259e-01      
      1291      1.130e-01      
      1383      6.422e-02      
      1384      6.163e-02      
      1432      1.281e-02      
      1433      1.149e-02      
      1989      4.716e-02      
      1990      6.661e-02      
      2001      2.075e-02      
      2002      1.430e-02      
      2098      6.427e-02      
      2099      8.535e-02      
      2103      5.086e-02      
      2104      3.468e-02      
      2195      4.884e-02      
      2196      1.038e-01      
      2197      1.841e-01      
      2198      2.808e-01      
      2199      3.800e-01      
      2200      4.632e-01      
      2202      4.817e-01      
      2203      3.965e-01      
      2204      2.806e-01      
      2205      1.733e-01      
      2206      9.688e-02      
      2207      5.212e-02      
      2208      2.906e-02      
      2408      6.642e-02      
      2409      1.089e-01      
      2410      1.542e-01      
      2411      2.051e-01      
      2412      2.752e-01      
      2413      3.684e-01      
      2414      4.577e-01      
      2416      4.611e-01      
      2417      3.666e-01      
      2418      2.550e-01      
      2419      1.608e-01      
      2420      9.677e-02      
      2421      6.021e-02      
      2422      4.315e-02      
      2428      9.197e-02      
      2429      1.105e-01      
      2431      1.484e-01      
      2432      1.652e-01      
      2451      1.157e-01      
      2452      1.137e-01      
      2468      6.823e-02      
      2469      6.075e-02      
      2492      1.272e-02      
      2493      9.888e-03      
      2567      4.287e-02      
      2568      8.923e-02      
      2569      1.611e-01      
      2570      2.454e-01      
      2571      3.132e-01      
      2573      3.039e-01      
      2574      2.379e-01      
      2575      1.678e-01      
      2576      1.153e-01      
      2631      6.665e-02      
      2632      6.111e-02      
      2657      1.200e-02      
      2658      1.019e-02      
      2947      5.023e-02      
      2948      1.265e-01      
      2949      2.515e-01      
      2950      3.969e-01      
      2951      5.000e-01      
      2952      5.071e-01      
      2953      4.196e-01      
      2954      2.893e-01      
      2955      1.718e-01      
      2956      9.263e-02      
      2957      4.882e-02      
      2958      2.711e-02      
      3141      6.903e-02      
      3142      1.508e-01      
      3143      2.749e-01      
      3144      4.159e-01      
      3145      5.201e-01      
      3146      5.384e-01      
      3147      4.659e-01      
      3148      3.448e-01      
      3149      2.273e-01      
      3150      1.413e-01      
      3151      8.725e-02      
      3152      5.451e-02      
      3153      3.439e-02      
      3346      7.495e-02      
      3347      1.346e-01      
      3348      1.942e-01      
      3351      1.712e-01      
      3352      1.161e-01      
      3353      7.051e-02      
      3354      4.088e-02      
      3395      6.998e-02      
      3396      1.101e-01      
      3397      1.502e-01      
      3398      1.757e-01      
      3400      1.497e-01      
      3401      1.108e-01      
      3402      7.306e-02      
      3403      4.491e-02      
      3551      8.463e-02      
      3552      1.771e-01      
      3553      2.995e-01      
      3554      4.144e-01      
      3555      4.758e-01      
      3556      4.606e-01      
      3557      3.827e-01      
      3558      2.779e-01      
      3559      1.802e-01      
      3560      1.075e-01      
      3561      6.161e-02      
      3562      3.575e-02
3624   3.575e-02