0      0.0      
      1      0.000e+00      
      414      7.137e-03      
      415      1.129e-02      
      419      7.938e-03      
      420      4.296e-03      
      422      4.318e-03      
      423      1.093e-02      
      424      2.476e-02      
      425      4.577e-02      
      426      6.858e-02      
      427      8.336e-02      
      428      8.222e-02      
      429      6.576e-02      
      430      4.260e-02      
      431      2.230e-02      
      432      9.419e-03      
      433      3.200e-03      
      1067      3.762e-03      
      1068      9.759e-03      
      1069      2.000e-02      
      1070      3.245e-02      
      1071      4.168e-02      
      1072      4.242e-02      
      1073      3.422e-02      
      1074      2.187e-02      
      1075      1.108e-02      
      1076      4.440e-03      
      1207      7.605e-03      
      1208      1.843e-02      
      1209      3.630e-02      
      1210      5.867e-02      
      1211      7.880e-02      
      1212      8.943e-02      
      1213      8.752e-02      
      1214      7.554e-02      
      1215      5.881e-02      
      1216      4.207e-02      
      1217      2.795e-02      
      1218      1.724e-02      
      1219      9.769e-03      
      1220      4.993e-03      
      1221      2.250e-03      
      2095      5.168e-03      
      2096      1.371e-02      
      2097      2.877e-02      
      2098      4.774e-02      
      2099      6.266e-02      
      2100      6.501e-02      
      2101      5.325e-02      
      2102      3.439e-02      
      2103      1.749e-02      
      2104      6.991e-03      
      2105      2.194e-03      
      2106      5.399e-04      
      2194      4.527e-03      
      2195      1.239e-02      
      2196      2.768e-02      
      2197      5.126e-02      
      2198      7.985e-02      
      2199      1.059e-01      
      2200      1.207e-01      
      2201      1.183e-01      
      2202      9.961e-02      
      2203      7.175e-02      
      2204      4.394e-02      
      2205      2.271e-02      
      2206      9.821e-03      
      2207      3.519e-03      
      2409      7.130e-03      
      2410      9.676e-03      
      2411      1.425e-02      
      2412      2.679e-02      
      2413      5.474e-02      
      2414      9.848e-02      
      2415      1.434e-01      
      2416      1.656e-01      
      2417      1.519e-01      
      2418      1.119e-01      
      2419      6.768e-02      
      2420      3.475e-02      
      2421      1.572e-02      
      2422      6.403e-03      
      2423      2.331e-03      
      2424      7.347e-04      
      2948      3.054e-03      
      2949      7.475e-03      
      2950      1.432e-02      
      2951      2.151e-02      
      2954      1.710e-02      
      2955      9.824e-03      
      2956      4.454e-03      
      3148      5.724e-03      
      3149      1.034e-02      
      3150      1.497e-02      
      3151      1.696e-02      
      3152      1.496e-02      
      3153      1.028e-02      
      3154      5.505e-03      
      3155      2.295e-03      
      3346      4.405e-03      
      3347      7.480e-03      
      3352      2.995e-03      
      3353      1.211e-03      
      3393      2.653e-03      
      3394      6.683e-03      
      3395      1.435e-02      
      3396      2.685e-02      
      3397      4.445e-02      
      3398      6.543e-02      
      3399      8.483e-02      
      3400      9.507e-02      
      3401      9.026e-02      
      3402      7.137e-02      
      3403      4.644e-02      
      3404      2.468e-02      
      3405      1.066e-02      
      3406      3.739e-03
3624   3.739e-03