0      0.0      
      1      0.000e+00      
      369      1.092e-02      
      370      1.698e-02      
      375      1.114e-02      
      376      7.611e-03      
      401      1.436e-02      
      402      1.741e-02      
      406      1.014e-02      
      407      6.742e-03      
      413      1.008e-02      
      414      2.159e-02      
      415      3.867e-02      
      416      5.656e-02      
      417      6.734e-02      
      418      6.563e-02      
      419      5.312e-02      
      420      3.675e-02      
      421      2.316e-02      
      424      2.761e-02      
      425      5.086e-02      
      426      8.378e-02      
      427      1.162e-01      
      428      1.338e-01      
      429      1.279e-01      
      430      1.024e-01      
      431      6.967e-02      
      432      4.150e-02      
      433      2.271e-02      
      434      1.221e-02      
      435      6.916e-03      
      436      4.288e-03      
      1067      8.220e-03      
      1068      2.317e-02      
      1069      5.233e-02      
      1070      9.496e-02      
      1071      1.391e-01      
      1072      1.653e-01      
      1073      1.609e-01      
      1074      1.300e-01      
      1075      8.897e-02      
      1076      5.322e-02      
      1077      2.913e-02      
      1078      1.553e-02      
      1079      8.627e-03      
      1080      5.237e-03      
      1205      3.747e-03      
      1206      1.305e-02      
      1207      3.637e-02      
      1208      8.169e-02      
      1209      1.491e-01      
      1210      2.236e-01      
      1211      2.800e-01      
      1212      2.991e-01      
      1213      2.801e-01      
      1214      2.368e-01      
      1215      1.853e-01      
      1216      1.364e-01      
      1217      9.520e-02      
      1218      6.351e-02      
      1219      4.098e-02      
      1220      2.604e-02      
      1221      1.659e-02      
      1222      1.070e-02      
      1223      6.999e-03      
      1991      1.147e-02      
      1992      1.989e-02      
      1993      3.090e-02      
      1994      4.063e-02      
      1996      3.996e-02      
      1997      3.041e-02      
      1998      2.020e-02      
      1999      1.236e-02      
      2001      4.678e-03      
      2002      3.140e-03      
      2095      5.772e-03      
      2096      1.661e-02      
      2097      3.813e-02      
      2098      7.000e-02      
      2099      1.031e-01      
      2100      1.226e-01      
      2101      1.187e-01      
      2102      9.494e-02      
      2103      6.420e-02      
      2104      3.803e-02      
      2105      2.080e-02      
      2106      1.126e-02      
      2108      4.084e-03      
      2109      2.809e-03      
      2194      6.454e-03      
      2195      1.835e-02      
      2196      4.289e-02      
      2197      8.352e-02      
      2198      1.376e-01      
      2199      1.945e-01      
      2200      2.390e-01      
      2201      2.578e-01      
      2202      2.451e-01      
      2203      2.053e-01      
      2204      1.513e-01      
      2205      9.824e-02      
      2206      5.698e-02      
      2207      3.051e-02      
      2208      1.596e-02      
      2209      8.732e-03      
      2210      5.257e-03      
      2408      1.008e-02      
      2409      1.775e-02      
      2410      2.663e-02      
      2411      3.771e-02      
      2412      5.823e-02      
      2413      1.006e-01      
      2414      1.711e-01      
      2415      2.552e-01      
      2416      3.191e-01      
      2417      3.331e-01      
      2418      2.947e-01      
      2419      2.262e-01      
      2420      1.546e-01      
      2421      9.603e-02      
      2422      5.520e-02      
      2423      3.003e-02      
      2424      1.608e-02      
      2425      8.934e-03      
      2426      5.388e-03      
      2948      7.336e-03      
      2949      1.910e-02      
      2950      3.954e-02      
      2951      6.547e-02      
      2952      8.727e-02      
      2954      8.425e-02      
      2955      6.302e-02      
      2956      4.075e-02      
      2957      2.384e-02      
      2958      1.342e-02      
      2959      7.737e-03      
      2960      4.764e-03      
      3140      1.097e-02      
      3141      1.903e-02      
      3142      2.656e-02      
      3143      3.007e-02      
      3144      2.803e-02      
      3145      2.222e-02      
      3146      1.646e-02      
      3147      1.439e-02      
      3148      1.843e-02      
      3149      2.872e-02      
      3150      4.172e-02      
      3151      5.096e-02      
      3152      5.126e-02      
      3153      4.284e-02      
      3154      3.055e-02      
      3155      1.942e-02      
      3156      1.168e-02      
      3158      4.508e-03      
      3159      3.072e-03      
      3394      6.910e-03      
      3395      1.644e-02      
      3396      3.549e-02      
      3397      6.954e-02      
      3398      1.214e-01      
      3399      1.843e-01      
      3400      2.383e-01      
      3401      2.593e-01      
      3402      2.365e-01      
      3403      1.816e-01      
      3404      1.191e-01      
      3405      6.850e-02      
      3406      3.604e-02      
      3407      1.847e-02      
      3408      9.915e-03      
      3411      2.747e-03      
      3412      2.031e-03      
      3552      5.081e-03      
      3553      1.300e-02      
      3554      2.634e-02      
      3555      4.247e-02      
      3556      5.480e-02      
      3558      4.857e-02      
      3559      3.451e-02      
      3560      2.124e-02      
      3561      1.204e-02      
      3562      6.840e-03      
      3563      4.198e-03
3624   4.198e-03