0      0.0      
      1      0.000e+00      
      34      8.378e-03      
      35      1.798e-02      
      36      3.180e-02      
      37      4.667e-02      
      40      4.742e-02      
      41      3.201e-02      
      42      1.771e-02      
      43      8.212e-03      
      44      3.351e-03      
      353      1.226e-02      
      354      2.352e-02      
      355      3.536e-02      
      356      4.174e-02      
      358      2.829e-02      
      359      1.629e-02      
      361      2.659e-03      
      362      7.555e-04      
      369      7.604e-03      
      370      1.602e-02      
      371      2.707e-02      
      372      3.719e-02      
      377      2.710e-02      
      378      2.084e-02      
      380      8.593e-03      
      381      4.410e-03      
      398      1.425e-02      
      399      2.151e-02      
      400      3.021e-02      
      401      3.709e-02      
      404      2.786e-02      
      405      1.901e-02      
      407      5.562e-03      
      408      2.375e-03      
      412      8.207e-03      
      413      2.357e-02      
      414      5.361e-02      
      415      9.636e-02      
      416      1.368e-01      
      417      1.535e-01      
      418      1.363e-01      
      419      9.629e-02      
      420      5.462e-02      
      421      2.563e-02      
      422      1.155e-02      
      423      9.492e-03      
      424      1.922e-02      
      425      4.413e-02      
      426      8.460e-02      
      427      1.296e-01      
      428      1.579e-01      
      429      1.536e-01      
      430      1.199e-01      
      431      7.600e-02      
      432      3.974e-02      
      433      1.769e-02      
      434      7.078e-03      
      435      2.758e-03      
      1067      1.259e-02      
      1068      3.856e-02      
      1069      9.250e-02      
      1070      1.739e-01      
      1071      2.565e-01      
      1072      2.972e-01      
      1073      2.713e-01      
      1074      1.961e-01      
      1075      1.132e-01      
      1076      5.299e-02      
      1077      2.083e-02      
      1078      7.372e-03      
      1079      2.633e-03      
      1206      1.190e-02      
      1207      3.742e-02      
      1208      9.248e-02      
      1209      1.806e-01      
      1210      2.816e-01      
      1211      3.567e-01      
      1212      3.783e-01      
      1213      3.507e-01      
      1214      2.981e-01      
      1215      2.399e-01      
      1216      1.844e-01      
      1217      1.354e-01      
      1218      9.570e-02      
      1219      6.622e-02      
      1220      4.530e-02      
      1221      3.061e-02      
      1222      2.019e-02      
      1223      1.274e-02      
      1990      1.660e-02      
      1991      4.292e-02      
      1992      8.772e-02      
      1993      1.421e-01      
      1994      1.827e-01      
      1995      1.869e-01      
      1996      1.527e-01      
      1997      1.001e-01      
      1998      5.311e-02      
      1999      2.330e-02      
      2000      8.844e-03      
      2096      1.266e-02      
      2097      3.083e-02      
      2098      5.877e-02      
      2099      8.784e-02      
      2100      1.033e-01      
      2101      9.613e-02      
      2102      7.145e-02      
      2103      4.314e-02      
      2104      2.177e-02      
      2105      9.599e-03      
      2106      3.905e-03      
      2194      1.015e-02      
      2195      3.051e-02      
      2196      7.444e-02      
      2197      1.479e-01      
      2198      2.405e-01      
      2199      3.220e-01      
      2200      3.591e-01      
      2201      3.403e-01      
      2202      2.820e-01      
      2203      2.100e-01      
      2204      1.421e-01      
      2205      8.652e-02      
      2206      4.637e-02      
      2207      2.164e-02      
      2208      8.925e-03      
      2209      3.405e-03      
      2408      1.517e-02      
      2409      2.889e-02      
      2410      4.384e-02      
      2411      5.497e-02      
      2412      6.225e-02      
      2413      7.293e-02      
      2414      9.382e-02      
      2415      1.214e-01      
      2416      1.430e-01      
      2418      1.396e-01      
      2419      1.207e-01      
      2420      9.618e-02      
      2421      6.878e-02      
      2422      4.278e-02      
      2423      2.278e-02      
      2424      1.049e-02      
      2425      4.396e-03      
      2949      1.221e-02      
      2950      2.887e-02      
      2951      5.351e-02      
      2952      7.779e-02      
      2954      7.972e-02      
      2955      5.664e-02      
      2956      3.220e-02      
      2957      1.501e-02      
      2960      9.352e-04      
      2961      3.974e-04      
      3147      7.674e-03      
      3148      1.734e-02      
      3149      3.310e-02      
      3150      5.041e-02      
      3153      4.433e-02      
      3154      2.727e-02      
      3155      1.381e-02      
      3156      6.012e-03      
      3346      1.504e-02      
      3347      3.116e-02      
      3348      5.107e-02      
      3349      6.622e-02      
      3351      5.501e-02      
      3352      3.518e-02      
      3353      1.773e-02      
      3354      7.037e-03      
      3355      2.195e-03      
      3392      9.511e-03      
      3393      1.893e-02      
      3394      3.324e-02      
      3395      5.388e-02      
      3396      8.579e-02      
      3397      1.400e-01      
      3398      2.275e-01      
      3399      3.419e-01      
      3400      4.455e-01      
      3401      4.857e-01      
      3402      4.367e-01      
      3403      3.232e-01      
      3404      1.981e-01      
      3405      1.020e-01      
      3406      4.509e-02      
      3407      1.774e-02      
      3408      6.548e-03      
      3409      2.435e-03      
      3551      1.652e-02      
      3552      5.306e-02      
      3553      1.345e-01      
      3554      2.700e-01      
      3555      4.302e-01      
      3556      5.465e-01      
      3557      5.562e-01      
      3558      4.564e-01      
      3559      3.046e-01      
      3560      1.673e-01      
      3561      7.695e-02      
      3562      3.048e-02      
      3563      1.086e-02
3624   1.086e-02