0      0.0      
      1      3.406e-03      
      34      8.942e-03      
      35      1.461e-02      
      68      3.610e-03      
      69      3.254e-03      
      367      1.212e-02      
      368      1.885e-02      
      369      2.728e-02      
      370      3.429e-02      
      373      2.704e-02      
      374      2.051e-02      
      380      2.853e-02      
      381      3.234e-02      
      397      4.103e-02      
      398      4.358e-02      
      401      5.458e-02      
      402      5.862e-02      
      413      6.645e-02      
      414      7.502e-02      
      423      8.603e-02      
      424      1.016e-01      
      425      1.212e-01      
      426      1.380e-01      
      428      1.363e-01      
      429      1.207e-01      
      430      1.054e-01      
      431      9.543e-02      
      432      9.092e-02      
      437      8.224e-02      
      438      7.879e-02      
      440      7.132e-02      
      441      6.760e-02      
      444      5.707e-02      
      445      5.327e-02      
      455      4.261e-02      
      456      4.194e-02      
      475      3.487e-02      
      476      2.966e-02      
      478      1.908e-02      
      479      1.486e-02      
      506      5.915e-03      
      507      3.430e-03      
      515      1.301e-02      
      516      1.532e-02      
      594      4.760e-03      
      595      4.198e-03      
      1067      7.450e-03      
      1068      1.666e-02      
      1069      2.973e-02      
      1070      4.245e-02      
      1073      3.482e-02      
      1074      2.330e-02      
      1075      1.518e-02      
      1076      1.137e-02      
      1172      4.581e-04      
      1173      2.522e-04      
      1206      1.102e-02      
      1207      2.627e-02      
      1208      5.007e-02      
      1209      7.707e-02      
      1210      9.741e-02      
      1212      9.742e-02      
      1213      8.475e-02      
      1214      7.236e-02      
      1215      6.350e-02      
      1216      5.890e-02      
      1219      6.693e-02      
      1220      7.467e-02      
      1221      8.355e-02      
      1222      9.267e-02      
      1223      1.015e-01      
      1224      1.097e-01      
      1225      1.176e-01      
      1226      1.254e-01      
      1227      1.329e-01      
      1228      1.400e-01      
      1235      1.330e-01      
      1236      1.222e-01      
      1237      1.089e-01      
      1238      9.462e-02      
      1239      8.133e-02      
      1240      7.046e-02      
      1241      6.238e-02      
      1243      5.307e-02      
      1244      5.083e-02      
      1254      4.083e-02      
      1255      3.926e-02      
      1258      2.817e-02      
      1259      2.396e-02      
      1262      1.389e-02      
      1263      1.134e-02      
      1438      2.620e-04      
      1439      1.177e-04      
      2096      7.552e-03      
      2097      1.501e-02      
      2098      2.387e-02      
      2099      3.068e-02      
      2102      2.008e-02      
      2103      1.207e-02      
      2174      1.180e-03      
      2175      9.479e-04      
      2195      7.029e-03      
      2196      1.604e-02      
      2197      3.073e-02      
      2198      5.033e-02      
      2199      7.133e-02      
      2200      8.747e-02      
      2202      8.210e-02      
      2203      6.271e-02      
      2204      4.296e-02      
      2205      3.000e-02      
      2209      3.807e-02      
      2210      4.359e-02      
      2213      5.431e-02      
      2214      5.670e-02      
      2217      6.761e-02      
      2218      7.181e-02      
      2226      6.339e-02      
      2227      5.738e-02      
      2229      4.791e-02      
      2230      4.398e-02      
      2232      3.509e-02      
      2233      3.017e-02      
      2236      1.932e-02      
      2237      1.821e-02      
      2254      9.842e-03      
      2255      7.063e-03      
      2411      1.565e-02      
      2412      1.964e-02      
      2413      2.734e-02      
      2414      3.839e-02      
      2415      4.893e-02      
      2416      5.425e-02      
      2418      4.693e-02      
      2419      4.078e-02      
      2433      5.076e-02      
      2434      5.445e-02      
      2436      6.241e-02      
      2437      6.634e-02      
      2449      5.541e-02      
      2450      5.260e-02      
      2454      4.155e-02      
      2455      3.855e-02      
      2469      2.785e-02      
      2470      2.500e-02      
      2473      1.613e-02      
      2474      1.222e-02      
      2493      1.398e-03      
      2494      1.053e-03      
      2949      9.876e-03      
      2950      1.850e-02      
      2951      2.708e-02      
      2952      3.099e-02      
      2953      2.778e-02      
      2954      1.957e-02      
      2955      1.089e-02      
      2956      4.823e-03      
      3394      1.277e-02      
      3395      2.380e-02      
      3396      3.915e-02      
      3397      5.519e-02      
      3398      6.586e-02      
      3399      6.677e-02      
      3400      5.860e-02      
      3401      4.625e-02      
      3402      3.491e-02      
      3403      2.716e-02      
      3404      2.311e-02      
      3415      3.238e-02      
      3416      3.516e-02      
      3443      2.512e-02      
      3444      2.240e-02      
      3454      1.220e-02      
      3455      1.039e-02      
      3554      1.936e-02      
      3555      2.375e-02      
      3557      1.860e-02      
      3558      1.214e-02      
      3561      1.148e-03      
      3562      3.753e-04
3624   3.753e-04