0      0.0      
      1      0.000e+00      
      415      9.543e-03      
      416      1.477e-02      
      425      1.939e-02      
      426      3.300e-02      
      427      4.840e-02      
      431      4.211e-02      
      432      3.052e-02      
      434      1.675e-02      
      435      1.403e-02      
      444      2.768e-02      
      445      3.119e-02      
      479      1.904e-02      
      480      1.612e-02      
      490      2.076e-03      
      491      1.770e-03      
      1068      1.040e-02      
      1069      2.513e-02      
      1070      4.836e-02      
      1071      7.448e-02      
      1072      9.261e-02      
      1074      8.041e-02      
      1075      5.946e-02      
      1076      4.007e-02      
      1077      2.609e-02      
      1078      1.727e-02      
      1084      3.090e-03      
      1085      2.511e-03      
      1207      1.331e-02      
      1208      3.224e-02      
      1209      6.328e-02      
      1210      1.016e-01      
      1211      1.355e-01      
      1212      1.533e-01      
      1213      1.513e-01      
      1214      1.337e-01      
      1215      1.082e-01      
      1216      8.117e-02      
      1217      5.704e-02      
      1218      3.822e-02      
      1219      2.513e-02      
      1220      1.677e-02      
      1235      2.696e-02      
      1236      3.296e-02      
      1238      4.589e-02      
      1239      5.246e-02      
      1241      6.496e-02      
      1242      7.061e-02      
      1245      8.400e-02      
      1246      8.753e-02      
      1249      1.013e-01      
      1250      1.066e-01      
      1273      9.309e-02      
      1274      9.195e-02      
      1279      8.034e-02      
      1280      7.629e-02      
      1283      6.353e-02      
      1284      5.970e-02      
      1287      4.840e-02      
      1288      4.349e-02      
      1290      3.145e-02      
      1291      2.560e-02      
      1295      1.205e-02      
      1296      1.030e-02      
      2196      1.340e-02      
      2197      3.238e-02      
      2198      6.562e-02      
      2199      1.122e-01      
      2200      1.631e-01      
      2201      2.030e-01      
      2202      2.175e-01      
      2203      2.014e-01      
      2204      1.621e-01      
      2205      1.150e-01      
      2206      7.427e-02      
      2207      4.608e-02      
      2208      2.952e-02      
      2210      1.642e-02      
      2211      1.438e-02      
      2227      2.763e-02      
      2228      2.890e-02      
      2233      4.153e-02      
      2234      4.455e-02      
      2268      3.090e-02      
      2269      3.001e-02      
      2276      1.722e-02      
      2277      1.546e-02      
      2338      1.281e-03      
      2339      1.108e-03      
      2407      9.456e-03      
      2408      2.154e-02      
      2409      3.974e-02      
      2410      6.085e-02      
      2411      8.142e-02      
      2412      1.033e-01      
      2413      1.328e-01      
      2414      1.701e-01      
      2415      2.019e-01      
      2417      1.891e-01      
      2418      1.490e-01      
      2419      1.060e-01      
      2420      7.046e-02      
      2421      4.512e-02      
      2422      2.855e-02      
      2423      1.838e-02      
      2424      1.238e-02      
      2447      2.366e-02      
      2448      2.697e-02      
      2451      3.821e-02      
      2452      4.157e-02      
      2487      2.731e-02      
      2488      2.363e-02      
      2492      1.043e-02      
      2493      8.426e-03      
      2567      1.228e-02      
      2568      2.295e-02      
      2569      3.411e-02      
      2570      4.054e-02      
      2572      3.106e-02      
      2573      2.144e-02      
      2579      8.317e-03      
      2580      6.701e-03      
      3396      1.063e-02      
      3397      2.381e-02      
      3398      4.659e-02      
      3399      7.726e-02      
      3400      1.066e-01      
      3401      1.216e-01      
      3402      1.154e-01      
      3403      9.254e-02      
      3404      6.485e-02      
      3405      4.174e-02      
      3406      2.625e-02      
      3407      1.701e-02      
      3408      1.166e-02      
      3552      1.953e-02      
      3553      4.616e-02      
      3554      8.766e-02      
      3555      1.342e-01      
      3556      1.665e-01      
      3557      1.687e-01      
      3558      1.414e-01      
      3559      1.006e-01      
      3560      6.320e-02      
      3561      3.741e-02      
      3562      2.247e-02      
      3564      9.993e-03      
      3565      7.316e-03
3624   7.316e-03