0      0.0      
      1      3.030e-04      
      35      2.853e-03      
      36      5.648e-03      
      37      9.540e-03      
      38      1.337e-02      
      41      1.157e-02      
      42      7.967e-03      
      43      5.063e-03      
      44      3.209e-03      
      355      5.360e-03      
      356      6.710e-03      
      359      4.350e-03      
      360      2.966e-03      
      373      5.615e-03      
      374      6.491e-03      
      379      3.718e-03      
      380      2.603e-03      
      413      4.588e-03      
      414      1.041e-02      
      415      1.942e-02      
      416      2.903e-02      
      417      3.472e-02      
      418      3.348e-02      
      419      2.652e-02      
      420      1.787e-02      
      421      1.091e-02      
      422      6.773e-03      
      424      6.836e-03      
      425      1.224e-02      
      426      2.204e-02      
      427      3.411e-02      
      428      4.345e-02      
      429      4.536e-02      
      430      3.938e-02      
      431      2.938e-02      
      432      2.002e-02      
      433      1.375e-02      
      434      1.058e-02      
      438      1.266e-02      
      439      1.479e-02      
      440      1.712e-02      
      441      1.942e-02      
      442      2.157e-02      
      443      2.362e-02      
      444      2.573e-02      
      445      2.804e-02      
      446      3.054e-02      
      447      3.292e-02      
      453      3.593e-02      
      454      3.754e-02      
      455      4.001e-02      
      456      4.300e-02      
      457      4.601e-02      
      458      4.865e-02      
      459      5.075e-02      
      460      5.236e-02      
      463      5.521e-02      
      464      5.567e-02      
      472      5.322e-02      
      473      5.226e-02      
      475      4.996e-02      
      476      4.871e-02      
      497      4.621e-02      
      498      4.526e-02      
      499      4.382e-02      
      500      4.210e-02      
      502      3.923e-02      
      503      3.852e-02      
      519      3.611e-02      
      520      3.472e-02      
      521      3.289e-02      
      522      3.080e-02      
      523      2.873e-02      
      524      2.693e-02      
      526      2.440e-02      
      527      2.354e-02      
      532      2.072e-02      
      533      2.030e-02      
      543      1.737e-02      
      544      1.696e-02      
      548      1.402e-02      
      549      1.343e-02      
      575      1.057e-02      
      576      1.037e-02      
      595      7.758e-03      
      596      7.232e-03      
      625      4.223e-03      
      626      4.177e-03      
      669      1.524e-03      
      670      1.017e-03      
      1067      2.563e-03      
      1068      7.386e-03      
      1069      1.769e-02      
      1070      3.380e-02      
      1071      5.116e-02      
      1072      6.149e-02      
      1073      5.917e-02      
      1074      4.633e-02      
      1075      3.037e-02      
      1076      1.753e-02      
      1077      9.617e-03      
      1078      5.483e-03      
      1079      3.440e-03      
      1080      2.378e-03      
      1207      2.708e-03      
      1208      6.525e-03      
      1209      1.334e-02      
      1210      2.297e-02      
      1211      3.411e-02      
      1212      4.512e-02      
      1213      5.426e-02      
      1214      5.934e-02      
      1215      5.830e-02      
      1216      5.111e-02      
      1217      4.027e-02      
      1218      2.906e-02      
      1219      1.967e-02      
      1220      1.275e-02      
      1221      8.052e-03      
      1222      5.070e-03      
      1223      3.296e-03      
      1243      6.224e-03      
      1244      6.573e-03      
      1250      8.968e-03      
      1251      9.772e-03      
      1254      1.270e-02      
      1255      1.393e-02      
      1257      1.666e-02      
      1258      1.789e-02      
      1281      2.054e-02      
      1282      2.107e-02      
      1291      1.816e-02      
      1292      1.715e-02      
      1311      1.413e-02      
      1312      1.382e-02      
      1326      1.098e-02      
      1327      1.063e-02      
      1343      7.660e-03      
      1344      7.462e-03      
      1385      4.483e-03      
      1386      4.361e-03      
      1411      1.524e-03      
      1412      1.017e-03      
      1578      3.477e-03      
      1579      4.143e-03      
      1584      1.261e-03      
      1585      9.985e-04      
      1605      2.538e-03      
      1606      4.267e-03      
      1613      1.331e-03      
      1614      9.727e-04      
      1990      2.108e-03      
      1991      5.256e-03      
      1992      1.111e-02      
      1993      1.911e-02      
      1994      2.649e-02      
      1995      2.963e-02      
      1996      2.701e-02      
      1997      2.047e-02      
      1998      1.338e-02      
      1999      8.036e-03      
      2000      4.816e-03      
      2002      2.161e-03      
      2003      1.624e-03      
      2097      2.911e-03      
      2098      5.260e-03      
      2099      7.700e-03      
      2100      9.020e-03      
      2102      6.578e-03      
      2103      4.373e-03      
      2105      1.733e-03      
      2106      1.240e-03      
      2194      2.003e-03      
      2195      5.738e-03      
      2196      1.440e-02      
      2197      3.004e-02      
      2198      5.150e-02      
      2199      7.274e-02      
      2200      8.576e-02      
      2201      8.640e-02      
      2202      7.670e-02      
      2203      6.167e-02      
      2204      4.544e-02      
      2205      3.062e-02      
      2206      1.894e-02      
      2207      1.107e-02      
      2208      6.461e-03      
      2209      3.993e-03      
      2210      2.679e-03      
      2407      2.924e-03      
      2408      6.726e-03      
      2409      1.268e-02      
      2410      1.921e-02      
      2411      2.361e-02      
      2415      2.546e-02      
      2416      2.841e-02      
      2419      2.751e-02      
      2420      2.322e-02      
      2421      1.774e-02      
      2422      1.224e-02      
      2423      7.835e-03      
      2424      4.914e-03      
      2425      3.238e-03      
      2438      6.253e-03      
      2439      6.499e-03      
      2452      8.836e-03      
      2453      9.830e-03      
      2456      1.268e-02      
      2457      1.315e-02      
      2467      1.021e-02      
      2468      9.590e-03      
      2512      6.594e-03      
      2513      5.758e-03      
      2536      2.762e-03      
      2537      2.075e-03      
      2567      3.393e-03      
      2568      5.456e-03      
      2574      2.630e-03      
      2575      2.315e-03      
      2951      4.845e-03      
      2952      7.085e-03      
      2955      6.061e-03      
      2956      4.043e-03      
      2959      1.204e-03      
      2960      9.759e-04      
      3148      3.642e-03      
      3149      6.586e-03      
      3150      9.541e-03      
      3151      1.095e-02      
      3152      9.959e-03      
      3153      7.280e-03      
      3154      4.426e-03      
      3155      2.426e-03      
      3395      2.928e-03      
      3396      7.178e-03      
      3397      1.683e-02      
      3398      3.451e-02      
      3399      5.909e-02      
      3400      8.296e-02      
      3401      9.518e-02      
      3402      8.970e-02      
      3403      7.040e-02      
      3404      4.713e-02      
      3405      2.797e-02      
      3406      1.556e-02      
      3407      8.664e-03      
      3408      5.120e-03      
      3410      2.321e-03      
      3411      1.740e-03      
      3551      3.749e-03      
      3552      1.131e-02      
      3553      2.816e-02      
      3554      5.628e-02      
      3555      9.010e-02      
      3556      1.161e-01      
      3557      1.213e-01      
      3558      1.044e-01      
      3559      7.547e-02      
      3560      4.729e-02      
      3561      2.687e-02      
      3562      1.467e-02      
      3563      8.182e-03      
      3564      4.870e-03      
      3566      2.195e-03      
      3567      1.638e-03      
      3608      4.233e-03      
      3609      4.724e-03
3624   4.724e-03