0      0.0      
      1      0.000e+00      
      414      6.017e-02      
      415      1.082e-01      
      416      1.660e-01      
      417      2.125e-01      
      424      2.202e-01      
      425      3.971e-01      
      426      6.480e-01      
      427      8.999e-01      
      428      1.051e+00      
      429      1.037e+00      
      430      8.785e-01      
      431      6.552e-01      
      432      4.453e-01      
      433      2.882e-01      
      434      1.859e-01      
      436      8.639e-02      
      437      6.301e-02      
      1068      1.504e-01      
      1069      3.285e-01      
      1070      5.806e-01      
      1071      8.369e-01      
      1072      9.945e-01      
      1073      9.885e-01      
      1074      8.384e-01      
      1075      6.242e-01      
      1076      4.236e-01      
      1077      2.744e-01      
      1078      1.777e-01      
      1079      1.188e-01      
      1086      2.054e-02      
      1087      1.718e-02      
      1206      1.056e-01      
      1207      3.006e-01      
      1208      6.960e-01      
      1209      1.323e+00      
      1210      2.091e+00      
      1211      2.789e+00      
      1212      3.195e+00      
      1213      3.212e+00      
      1214      2.898e+00      
      1215      2.398e+00      
      1216      1.853e+00      
      1217      1.354e+00      
      1218      9.415e-01      
      1219      6.282e-01      
      1220      4.073e-01      
      1221      2.617e-01      
      1222      1.705e-01      
      1223      1.148e-01      
      1231      1.718e-02      
      1232      1.442e-02      
      2096      1.003e-01      
      2097      2.341e-01      
      2098      4.411e-01      
      2099      6.746e-01      
      2100      8.450e-01      
      2102      7.734e-01      
      2103      5.926e-01      
      2104      4.104e-01      
      2105      2.690e-01      
      2106      1.747e-01      
      2107      1.165e-01      
      2114      1.878e-02      
      2115      1.518e-02      
      2195      5.147e-02      
      2196      1.394e-01      
      2197      3.204e-01      
      2198      6.278e-01      
      2199      1.050e+00      
      2200      1.499e+00      
      2201      1.831e+00      
      2203      1.762e+00      
      2204      1.424e+00      
      2205      1.036e+00      
      2206      6.949e-01      
      2207      4.428e-01      
      2208      2.774e-01      
      2209      1.765e-01      
      2211      8.128e-02      
      2212      5.956e-02      
      2410      1.256e-01      
      2411      2.382e-01      
      2412      5.256e-01      
      2413      1.154e+00      
      2414      2.202e+00      
      2415      3.471e+00      
      2416      4.477e+00      
      2417      4.777e+00      
      2418      4.312e+00      
      2419      3.398e+00      
      2420      2.425e+00      
      2421      1.620e+00      
      2422      1.036e+00      
      2423      6.451e-01      
      2424      3.970e-01      
      2425      2.468e-01      
      2426      1.590e-01      
      2427      1.077e-01      
      2443      7.758e-03      
      2444      5.997e-03      
      2949      9.742e-02      
      2950      2.023e-01      
      2951      3.376e-01      
      2952      4.573e-01      
      2955      3.875e-01      
      2956      2.822e-01      
      2957      1.934e-01      
      2958      1.307e-01      
      2962      3.744e-02      
      2963      3.004e-02      
      3149      1.197e-01      
      3150      1.625e-01      
      3157      6.384e-02      
      3158      4.808e-02      
      3395      9.908e-02      
      3396      2.263e-01      
      3397      4.396e-01      
      3398      7.308e-01      
      3399      1.043e+00      
      3400      1.282e+00      
      3402      1.253e+00      
      3403      1.013e+00      
      3404      7.327e-01      
      3405      4.886e-01      
      3406      3.119e-01      
      3407      1.986e-01      
      3408      1.303e-01      
      3409      8.939e-02
3624   8.939e-02