0      0.0      
      1      3.333e-03      
      37      3.142e-02      
      38      4.850e-02      
      45      1.708e-02      
      46      1.283e-02      
      414      3.496e-02      
      415      6.580e-02      
      416      1.018e-01      
      420      8.753e-02      
      421      6.052e-02      
      426      6.143e-02      
      427      9.403e-02      
      428      1.251e-01      
      429      1.405e-01      
      431      1.095e-01      
      432      8.105e-02      
      433      5.790e-02      
      434      4.371e-02      
      440      7.195e-02      
      441      8.503e-02      
      443      1.140e-01      
      444      1.291e-01      
      446      1.590e-01      
      447      1.726e-01      
      451      2.039e-01      
      452      2.100e-01      
      455      2.431e-01      
      456      2.574e-01      
      458      2.856e-01      
      459      2.988e-01      
      500      2.655e-01      
      501      2.576e-01      
      515      2.281e-01      
      516      2.227e-01      
      520      1.968e-01      
      521      1.879e-01      
      524      1.564e-01      
      525      1.464e-01      
      529      1.171e-01      
      530      1.129e-01      
      570      8.361e-02      
      571      7.946e-02      
      608      4.747e-02      
      609      4.587e-02      
      694      1.278e-02      
      695      1.107e-02      
      1068      3.169e-02      
      1069      7.552e-02      
      1070      1.491e-01      
      1071      2.380e-01      
      1072      3.072e-01      
      1074      2.822e-01      
      1075      2.094e-01      
      1076      1.370e-01      
      1077      8.340e-02      
      1078      5.024e-02      
      1079      3.169e-02      
      1209      5.328e-02      
      1210      9.204e-02      
      1211      1.377e-01      
      1212      1.828e-01      
      1213      2.201e-01      
      1216      2.200e-01      
      1217      1.810e-01      
      1218      1.376e-01      
      1219      9.977e-02      
      1220      7.139e-02      
      1221      5.211e-02      
      1226      1.895e-02      
      1227      1.687e-02      
      1243      5.019e-02      
      1244      5.389e-02      
      1249      8.213e-02      
      1250      8.912e-02      
      1256      1.198e-01      
      1257      1.232e-01      
      1295      9.472e-02      
      1296      8.952e-02      
      1316      5.667e-02      
      1317      5.380e-02      
      1337      2.112e-02      
      1338      2.005e-02      
      1607      5.018e-02      
      1608      5.922e-02      
      1613      2.854e-02      
      1614      2.368e-02      
      1991      3.670e-02      
      1992      7.737e-02      
      1993      1.354e-01      
      1994      1.937e-01      
      1997      1.798e-01      
      1998      1.278e-01      
      1999      8.268e-02      
      2000      5.170e-02      
      2001      3.312e-02      
      2097      3.761e-02      
      2098      7.167e-02      
      2099      1.119e-01      
      2100      1.423e-01      
      2101      1.491e-01      
      2102      1.320e-01      
      2103      1.032e-01      
      2104      7.508e-02      
      2105      5.347e-02      
      2108      2.050e-02      
      2109      1.558e-02      
      2194      2.734e-02      
      2195      7.523e-02      
      2196      1.803e-01      
      2197      3.629e-01      
      2198      6.093e-01      
      2199      8.537e-01      
      2200      1.005e+00      
      2201      1.009e+00      
      2202      8.833e-01      
      2203      6.924e-01      
      2204      4.976e-01      
      2205      3.324e-01      
      2206      2.080e-01      
      2207      1.240e-01      
      2208      7.266e-02      
      2209      4.366e-02      
      2210      2.787e-02      
      2222      5.706e-02      
      2223      6.645e-02      
      2226      9.365e-02      
      2227      1.023e-01      
      2230      1.326e-01      
      2231      1.458e-01      
      2233      1.749e-01      
      2234      1.882e-01      
      2238      2.198e-01      
      2239      2.237e-01      
      2254      1.937e-01      
      2255      1.875e-01      
      2268      1.585e-01      
      2269      1.541e-01      
      2277      1.215e-01      
      2278      1.178e-01      
      2286      8.690e-02      
      2287      8.347e-02      
      2320      5.027e-02      
      2321      4.670e-02      
      2351      1.385e-02      
      2352      1.285e-02      
      2407      2.445e-02      
      2408      5.679e-02      
      2409      1.106e-01      
      2410      1.754e-01      
      2411      2.267e-01      
      2414      1.969e-01      
      2415      1.716e-01      
      2418      1.450e-01      
      2419      1.369e-01      
      2420      1.226e-01      
      2421      1.020e-01      
      2422      7.873e-02      
      2423      5.781e-02      
      2436      8.394e-02      
      2437      9.410e-02      
      2441      1.260e-01      
      2442      1.306e-01      
      2448      1.599e-01      
      2449      1.673e-01      
      2468      1.345e-01      
      2469      1.278e-01      
      2478      9.575e-02      
      2479      9.238e-02      
      2508      5.935e-02      
      2509      5.840e-02      
      2525      2.537e-02      
      2526      2.468e-02      
      2591      4.950e-02      
      2592      5.825e-02      
      2595      8.598e-02      
      2596      9.292e-02      
      2631      6.023e-02      
      2632      5.622e-02      
      2638      2.521e-02      
      2639      2.269e-02      
      3148      3.572e-02      
      3149      6.795e-02      
      3150      1.061e-01      
      3151      1.348e-01      
      3152      1.405e-01      
      3153      1.226e-01      
      3154      9.248e-02      
      3155      6.324e-02      
      3156      4.154e-02      
      3161      9.092e-03      
      3162      7.733e-03      
      3396      2.488e-02      
      3397      5.776e-02      
      3398      1.202e-01      
      3399      2.122e-01      
      3400      3.114e-01      
      3401      3.779e-01      
      3402      3.811e-01      
      3403      3.232e-01      
      3404      2.356e-01      
      3405      1.524e-01      
      3406      9.186e-02      
      3407      5.469e-02      
      3409      2.277e-02      
      3410      1.642e-02      
      3551      4.800e-02      
      3552      1.424e-01      
      3553      3.495e-01      
      3554      6.943e-01      
      3555      1.115e+00      
      3556      1.455e+00      
      3557      1.560e+00      
      3558      1.391e+00      
      3559      1.054e+00      
      3560      6.962e-01      
      3561      4.148e-01      
      3562      2.326e-01      
      3563      1.295e-01      
      3564      7.627e-02      
      3565      5.043e-02      
      3566      3.860e-02      
      3576      6.903e-02      
      3577      7.897e-02      
      3580      1.087e-01      
      3581      1.176e-01      
      3585      1.494e-01      
      3586      1.560e-01      
      3610      1.891e-01      
      3611      1.913e-01      
      3618      1.626e-01      
      3619      1.528e-01
3624   1.528e-01