0      0.0      
      1      0.000e+00      
      367      2.178e-03      
      368      5.506e-03      
      369      1.105e-02      
      370      1.776e-02      
      371      2.314e-02      
      373      2.292e-02      
      374      1.870e-02      
      375      1.423e-02      
      376      1.056e-02      
      377      7.884e-03      
      380      3.798e-03      
      381      3.132e-03      
      401      6.910e-03      
      402      8.341e-03      
      405      5.302e-03      
      406      3.893e-03      
      413      4.821e-03      
      414      8.349e-03      
      415      1.273e-02      
      416      1.632e-02      
      417      1.744e-02      
      418      1.575e-02      
      419      1.245e-02      
      420      9.293e-03      
      421      7.719e-03      
      422      9.354e-03      
      423      1.703e-02      
      424      3.446e-02      
      425      6.308e-02      
      426      9.772e-02      
      427      1.263e-01      
      428      1.364e-01      
      429      1.247e-01      
      430      9.834e-02      
      431      6.905e-02      
      432      4.507e-02      
      433      2.880e-02      
      434      1.889e-02      
      435      1.307e-02      
      436      9.610e-03      
      437      7.462e-03      
      478      3.498e-03      
      479      3.243e-03      
      1066      2.403e-03      
      1067      8.335e-03      
      1068      2.302e-02      
      1069      5.075e-02      
      1070      8.968e-02      
      1071      1.277e-01      
      1072      1.475e-01      
      1073      1.403e-01      
      1074      1.123e-01      
      1075      7.847e-02      
      1076      5.054e-02      
      1077      3.198e-02      
      1078      2.094e-02      
      1079      1.446e-02      
      1080      1.049e-02      
      1081      7.902e-03      
      1084      3.950e-03      
      1085      3.242e-03      
      1205      3.689e-03      
      1206      1.251e-02      
      1207      3.402e-02      
      1208      7.485e-02      
      1209      1.349e-01      
      1210      2.026e-01      
      1211      2.583e-01      
      1212      2.863e-01      
      1213      2.825e-01      
      1214      2.539e-01      
      1215      2.112e-01      
      1216      1.646e-01      
      1217      1.214e-01      
      1218      8.588e-02      
      1219      5.941e-02      
      1220      4.106e-02      
      1221      2.881e-02      
      1222      2.059e-02      
      1223      1.489e-02      
      1224      1.085e-02      
      1225      8.023e-03      
      1234      1.161e-02      
      1235      1.434e-02      
      1236      1.739e-02      
      1237      2.069e-02      
      1238      2.412e-02      
      1239      2.764e-02      
      1240      3.128e-02      
      1241      3.524e-02      
      1242      3.972e-02      
      1243      4.475e-02      
      1244      5.005e-02      
      1245      5.516e-02      
      1246      5.961e-02      
      1247      6.323e-02      
      1248      6.607e-02      
      1249      6.834e-02      
      1250      7.026e-02      
      1252      7.373e-02      
      1253      7.526e-02      
      1264      7.114e-02      
      1265      6.873e-02      
      1266      6.600e-02      
      1267      6.316e-02      
      1268      6.041e-02      
      1269      5.791e-02      
      1271      5.400e-02      
      1272      5.262e-02      
      1276      4.845e-02      
      1277      4.705e-02      
      1279      4.400e-02      
      1280      4.260e-02      
      1284      3.896e-02      
      1285      3.842e-02      
      1290      3.437e-02      
      1291      3.310e-02      
      1316      2.965e-02      
      1317      2.843e-02      
      1323      2.471e-02      
      1324      2.410e-02      
      1332      2.000e-02      
      1333      1.968e-02      
      1339      1.605e-02      
      1340      1.526e-02      
      1385      1.144e-02      
      1386      1.097e-02      
      1392      7.070e-03      
      1393      6.481e-03      
      1406      2.365e-03      
      1407      2.220e-03      
      1606      4.132e-03      
      1607      6.617e-03      
      1616      2.623e-03      
      1617      2.222e-03      
      1989      4.626e-03      
      1990      7.024e-03      
      1991      9.289e-03      
      1992      1.123e-02      
      2000      7.171e-03      
      2001      5.505e-03      
      2009      1.373e-03      
      2010      1.193e-03      
      2096      4.891e-03      
      2097      1.165e-02      
      2098      2.213e-02      
      2099      3.369e-02      
      2100      4.156e-02      
      2101      4.225e-02      
      2102      3.646e-02      
      2103      2.787e-02      
      2104      1.997e-02      
      2105      1.418e-02      
      2106      1.033e-02      
      2107      7.790e-03      
      2110      3.862e-03      
      2111      3.168e-03      
      2195      5.423e-03      
      2196      1.467e-02      
      2197      3.380e-02      
      2198      6.738e-02      
      2199      1.172e-01      
      2200      1.778e-01      
      2201      2.346e-01      
      2202      2.680e-01      
      2203      2.652e-01      
      2204      2.292e-01      
      2205      1.762e-01      
      2206      1.241e-01      
      2207      8.310e-02      
      2208      5.477e-02      
      2209      3.639e-02      
      2210      2.468e-02      
      2211      1.720e-02      
      2212      1.236e-02      
      2213      9.167e-03      
      2214      7.007e-03      
      2218      3.113e-03      
      2219      2.727e-03      
      2227      5.883e-03      
      2228      7.078e-03      
      2230      1.020e-02      
      2231      1.214e-02      
      2232      1.430e-02      
      2233      1.658e-02      
      2234      1.887e-02      
      2235      2.104e-02      
      2237      2.497e-02      
      2238      2.691e-02      
      2239      2.897e-02      
      2240      3.114e-02      
      2242      3.506e-02      
      2243      3.645e-02      
      2252      3.285e-02      
      2253      3.169e-02      
      2263      2.822e-02      
      2264      2.747e-02      
      2269      2.370e-02      
      2270      2.285e-02      
      2273      1.972e-02      
      2274      1.868e-02      
      2291      1.451e-02      
      2292      1.438e-02      
      2318      1.031e-02      
      2319      1.013e-02      
      2370      6.185e-03      
      2371      5.811e-03      
      2384      1.711e-03      
      2385      1.544e-03      
      2405      2.339e-03      
      2406      6.642e-03      
      2407      1.640e-02      
      2408      3.331e-02      
      2409      5.581e-02      
      2410      8.002e-02      
      2411      1.048e-01      
      2412      1.347e-01      
      2413      1.735e-01      
      2414      2.139e-01      
      2415      2.389e-01      
      2416      2.354e-01      
      2417      2.050e-01      
      2418      1.612e-01      
      2419      1.178e-01      
      2420      8.218e-02      
      2421      5.595e-02      
      2422      3.795e-02      
      2423      2.635e-02      
      2424      1.931e-02      
      2425      1.528e-02      
      2426      1.317e-02      
      2431      1.615e-02      
      2432      1.837e-02      
      2433      2.093e-02      
      2434      2.378e-02      
      2435      2.679e-02      
      2436      2.984e-02      
      2437      3.281e-02      
      2438      3.552e-02      
      2439      3.786e-02      
      2440      3.974e-02      
      2444      4.353e-02      
      2445      4.420e-02      
      2449      4.785e-02      
      2450      4.858e-02      
      2466      4.559e-02      
      2467      4.304e-02      
      2468      4.051e-02      
      2469      3.830e-02      
      2471      3.519e-02      
      2472      3.406e-02      
      2475      3.052e-02      
      2476      2.912e-02      
      2479      2.549e-02      
      2480      2.471e-02      
      2489      2.087e-02      
      2490      2.034e-02      
      2516      1.655e-02      
      2517      1.589e-02      
      2529      1.178e-02      
      2530      1.149e-02      
      2539      7.507e-03      
      2540      6.829e-03      
      2566      9.202e-03      
      2567      1.873e-02      
      2568      3.478e-02      
      2569      5.424e-02      
      2570      6.971e-02      
      2571      7.430e-02      
      2572      6.702e-02      
      2573      5.293e-02      
      2574      3.839e-02      
      2575      2.706e-02      
      2576      1.950e-02      
      2577      1.476e-02      
      2578      1.177e-02      
      2579      9.784e-03      
      2583      5.721e-03      
      2584      5.157e-03      
      2662      1.017e-03      
      2663      9.306e-04      
      2947      4.267e-03      
      2948      1.086e-02      
      2949      2.322e-02      
      2950      4.044e-02      
      2951      5.722e-02      
      2952      6.630e-02      
      2953      6.392e-02      
      2954      5.268e-02      
      2955      3.866e-02      
      2956      2.666e-02      
      2957      1.827e-02      
      2958      1.290e-02      
      2959      9.509e-03      
      2960      7.271e-03      
      2964      3.123e-03      
      2965      2.622e-03      
      3139      2.768e-03      
      3140      7.095e-03      
      3141      1.504e-02      
      3142      2.721e-02      
      3143      4.343e-02      
      3144      6.225e-02      
      3145      7.957e-02      
      3146      8.893e-02      
      3147      8.578e-02      
      3148      7.189e-02      
      3149      5.397e-02      
      3150      3.817e-02      
      3151      2.681e-02      
      3152      1.934e-02      
      3153      1.441e-02      
      3154      1.102e-02      
      3155      8.549e-03      
      3157      5.321e-03      
      3158      4.288e-03      
      3189      1.668e-04      
      3190      9.343e-05      
      3344      1.818e-03      
      3345      5.698e-03      
      3346      1.400e-02      
      3347      2.706e-02      
      3348      4.134e-02      
      3349      5.037e-02      
      3350      4.971e-02      
      3351      4.084e-02      
      3352      2.924e-02      
      3353      1.954e-02      
      3354      1.313e-02      
      3355      9.312e-03      
      3356      6.995e-03      
      3360      3.057e-03      
      3361      2.589e-03      
      3394      4.005e-03      
      3395      9.203e-03      
      3396      1.743e-02      
      3397      2.749e-02      
      3398      3.651e-02      
      3399      4.134e-02      
      3400      4.056e-02      
      3401      3.514e-02      
      3402      2.757e-02      
      3403      2.021e-02      
      3404      1.438e-02      
      3405      1.032e-02      
      3406      7.641e-03      
      3409      3.781e-03      
      3410      3.128e-03      
      3549      4.291e-03      
      3550      1.542e-02      
      3551      4.425e-02      
      3552      1.018e-01      
      3553      1.886e-01      
      3554      2.833e-01      
      3555      3.486e-01      
      3556      3.572e-01      
      3557      3.119e-01      
      3558      2.395e-01      
      3559      1.677e-01      
      3560      1.112e-01      
      3561      7.183e-02      
      3562      4.632e-02      
      3563      3.037e-02      
      3564      2.058e-02      
      3565      1.455e-02      
      3566      1.076e-02      
      3567      8.293e-03      
      3570      4.648e-03      
      3571      4.062e-03      
      3583      8.118e-03      
      3584      9.053e-03      
      3588      1.298e-02      
      3589      1.394e-02      
      3594      1.777e-02      
      3595      1.841e-02      
      3600      2.222e-02      
      3601      2.323e-02      
      3617      1.970e-02      
      3618      1.788e-02      
      3620      1.450e-02      
      3621      1.322e-02
3624   1.322e-02