0      0.0      
      1      0.000e+00      
      12      9.653e-03      
      13      1.153e-02      
      16      5.600e-03      
      17      3.270e-03      
      34      6.811e-03      
      35      1.321e-02      
      36      2.024e-02      
      37      2.465e-02      
      39      1.913e-02      
      40      1.265e-02      
      41      7.234e-03      
      42      3.806e-03      
      366      4.448e-03      
      367      1.174e-02      
      368      2.490e-02      
      369      4.250e-02      
      370      5.852e-02      
      372      5.960e-02      
      373      4.524e-02      
      374      2.935e-02      
      375      1.696e-02      
      376      9.393e-03      
      377      5.911e-03      
      380      1.102e-02      
      381      1.449e-02      
      393      2.037e-02      
      394      2.221e-02      
      400      2.956e-02      
      401      3.056e-02      
      403      3.521e-02      
      404      3.851e-02      
      411      4.302e-02      
      412      5.159e-02      
      413      6.352e-02      
      414      7.506e-02      
      418      6.784e-02      
      419      6.144e-02      
      421      5.985e-02      
      422      6.915e-02      
      423      9.185e-02      
      424      1.329e-01      
      425      1.893e-01      
      426      2.450e-01      
      427      2.775e-01      
      428      2.732e-01      
      429      2.380e-01      
      430      1.912e-01      
      431      1.506e-01      
      432      1.240e-01      
      433      1.103e-01      
      444      1.176e-01      
      445      1.185e-01      
      448      1.248e-01      
      449      1.263e-01      
      475      1.207e-01      
      476      1.182e-01      
      486      1.108e-01      
      487      1.092e-01      
      498      1.034e-01      
      499      1.011e-01      
      501      9.475e-02      
      502      9.166e-02      
      513      8.544e-02      
      514      8.384e-02      
      520      7.690e-02      
      521      7.443e-02      
      523      6.794e-02      
      524      6.485e-02      
      544      7.233e-02      
      545      7.266e-02      
      553      8.012e-02      
      554      8.114e-02      
      572      7.523e-02      
      573      7.331e-02      
      594      6.612e-02      
      595      6.245e-02      
      597      5.573e-02      
      598      5.340e-02      
      642      4.608e-02      
      643      4.399e-02      
      663      3.796e-02      
      664      3.573e-02      
      667      2.821e-02      
      668      2.632e-02      
      692      1.987e-02      
      693      1.827e-02      
      717      1.193e-02      
      718      1.039e-02      
      849      1.551e-02      
      850      1.838e-02      
      856      1.223e-02      
      857      1.056e-02      
      883      3.100e-03      
      884      1.813e-03      
      1066      4.652e-03      
      1067      1.304e-02      
      1068      2.959e-02      
      1069      5.440e-02      
      1070      8.106e-02      
      1071      9.816e-02      
      1072      9.713e-02      
      1073      7.924e-02      
      1074      5.403e-02      
      1075      3.142e-02      
      1076      1.605e-02      
      1077      7.524e-03      
      1205      7.636e-03      
      1206      2.350e-02      
      1207      5.810e-02      
      1208      1.164e-01      
      1209      1.911e-01      
      1210      2.620e-01      
      1211      3.069e-01      
      1212      3.162e-01      
      1213      2.951e-01      
      1214      2.563e-01      
      1215      2.122e-01      
      1216      1.715e-01      
      1217      1.390e-01      
      1218      1.166e-01      
      1219      1.041e-01      
      1222      1.103e-01      
      1223      1.200e-01      
      1224      1.297e-01      
      1225      1.376e-01      
      1231      1.319e-01      
      1232      1.291e-01      
      1238      1.359e-01      
      1239      1.383e-01      
      1254      1.311e-01      
      1255      1.305e-01      
      1259      1.250e-01      
      1260      1.224e-01      
      1263      1.156e-01      
      1264      1.132e-01      
      1266      1.066e-01      
      1267      1.027e-01      
      1269      9.571e-02      
      1270      9.321e-02      
      1291      8.700e-02      
      1292      8.282e-02      
      1293      7.852e-02      
      1294      7.484e-02      
      1312      6.859e-02      
      1313      6.484e-02      
      1314      6.027e-02      
      1315      5.544e-02      
      1317      4.778e-02      
      1318      4.570e-02      
      1362      3.806e-02      
      1363      3.717e-02      
      1389      3.004e-02      
      1390      2.843e-02      
      1412      2.323e-02      
      1413      2.045e-02      
      1434      1.404e-02      
      1435      1.191e-02      
      1509      1.872e-02      
      1510      1.961e-02      
      1552      1.325e-02      
      1553      1.162e-02      
      1652      4.634e-03      
      1653      3.167e-03      
      1986      6.685e-03      
      1987      1.318e-02      
      1988      2.153e-02      
      1989      2.892e-02      
      1990      3.174e-02      
      1991      2.834e-02      
      1992      2.062e-02      
      1993      1.240e-02      
      1994      6.416e-03      
      1995      3.112e-03      
      2096      9.854e-03      
      2097      1.967e-02      
      2098      3.141e-02      
      2099      4.053e-02      
      2101      3.744e-02      
      2102      2.753e-02      
      2103      1.725e-02      
      2104      9.421e-03      
      2106      2.318e-03      
      2107      1.294e-03      
      2194      6.103e-03      
      2195      1.595e-02      
      2196      3.395e-02      
      2197      6.041e-02      
      2198      9.273e-02      
      2199      1.261e-01      
      2200      1.531e-01      
      2201      1.636e-01      
      2202      1.501e-01      
      2203      1.160e-01      
      2204      7.479e-02      
      2205      4.045e-02      
      2206      1.878e-02      
      2207      7.992e-03      
      2255      3.083e-04      
      2256      1.725e-04      
      2407      6.221e-03      
      2408      1.218e-02      
      2409      1.940e-02      
      2410      2.654e-02      
      2411      3.445e-02      
      2412      4.650e-02      
      2413      6.452e-02      
      2414      8.417e-02      
      2415      9.642e-02      
      2416      9.474e-02      
      2417      8.037e-02      
      2418      6.039e-02      
      2419      4.190e-02      
      2420      2.836e-02      
      2421      1.991e-02      
      2465      1.328e-02      
      2466      1.137e-02      
      2539      4.175e-03      
      2540      2.746e-03      
      2565      6.533e-03      
      2566      1.319e-02      
      2567      2.588e-02      
      2568      4.293e-02      
      2569      5.917e-02      
      2570      6.884e-02      
      2572      6.174e-02      
      2573      5.013e-02      
      2574      3.824e-02      
      2575      2.873e-02      
      2576      2.255e-02      
      2577      1.928e-02      
      2585      1.176e-02      
      2586      1.142e-02      
      2605      1.867e-02      
      2606      2.097e-02      
      2613      1.372e-02      
      2614      1.290e-02      
      2683      5.988e-03      
      2684      4.702e-03      
      2947      8.623e-03      
      2948      2.237e-02      
      2949      4.594e-02      
      2950      7.490e-02      
      2951      9.722e-02      
      2952      1.008e-01      
      2953      8.387e-02      
      2954      5.641e-02      
      2955      3.112e-02      
      2956      1.454e-02      
      2957      6.172e-03      
      3140      1.344e-02      
      3141      2.535e-02      
      3142      3.848e-02      
      3143      4.788e-02      
      3145      4.568e-02      
      3146      3.762e-02      
      3147      2.919e-02      
      3148      2.283e-02      
      3149      1.973e-02      
      3153      1.247e-02      
      3154      8.167e-03      
      3160      4.770e-04      
      3161      3.110e-04      
      3345      6.119e-03      
      3346      1.382e-02      
      3347      2.480e-02      
      3348      3.537e-02      
      3350      3.669e-02      
      3351      2.711e-02      
      3352      1.658e-02      
      3353      8.758e-03      
      3356      1.363e-03      
      3357      9.463e-04      
      3393      4.170e-03      
      3394      9.613e-03      
      3395      2.049e-02      
      3396      3.657e-02      
      3397      5.344e-02      
      3398      6.370e-02      
      3399      6.202e-02      
      3400      4.953e-02      
      3401      3.275e-02      
      3402      1.825e-02      
      3403      8.914e-03      
      3405      2.029e-03      
      3406      1.195e-03      
      3550      3.786e-03      
      3551      1.080e-02      
      3552      2.467e-02      
      3553      4.527e-02      
      3554      6.702e-02      
      3555      8.052e-02      
      3556      7.913e-02      
      3557      6.427e-02      
      3558      4.371e-02      
      3559      2.538e-02      
      3560      1.295e-02      
      3561      6.122e-03      
      3562      2.936e-03
3624   2.936e-03