0      0.0      
      1      0.000e+00      
      35      5.412e-03      
      36      8.169e-03      
      41      2.056e-03      
      42      8.648e-04      
      367      6.319e-03      
      368      1.350e-02      
      369      2.293e-02      
      370      3.096e-02      
      372      2.870e-02      
      373      1.988e-02      
      374      1.118e-02      
      375      5.189e-03      
      376      2.089e-03      
      411      7.377e-03      
      412      1.370e-02      
      413      2.180e-02      
      414      2.901e-02      
      417      2.522e-02      
      418      1.879e-02      
      419      1.384e-02      
      420      1.154e-02      
      421      1.248e-02      
      422      1.799e-02      
      423      3.085e-02      
      424      5.323e-02      
      425      8.246e-02      
      426      1.090e-01      
      427      1.210e-01      
      428      1.135e-01      
      429      9.251e-02      
      430      6.898e-02      
      431      5.108e-02      
      432      4.077e-02      
      433      3.607e-02      
      434      3.425e-02      
      442      4.035e-02      
      443      4.103e-02      
      450      3.615e-02      
      451      3.467e-02      
      476      2.931e-02      
      477      2.723e-02      
      513      2.118e-02      
      514      2.037e-02      
      566      1.414e-02      
      567      1.380e-02      
      571      8.458e-03      
      572      6.631e-03      
      690      7.136e-04      
      691      2.880e-04      
      848      4.947e-03      
      849      8.403e-03      
      859      2.522e-03      
      860      1.405e-03      
      1066      2.939e-03      
      1067      8.412e-03      
      1068      1.925e-02      
      1069      3.527e-02      
      1070      5.198e-02      
      1071      6.189e-02      
      1072      6.000e-02      
      1073      4.790e-02      
      1074      3.200e-02      
      1075      1.825e-02      
      1076      9.075e-03      
      1077      4.007e-03      
      1078      1.583e-03      
      1205      5.505e-03      
      1206      1.659e-02      
      1207      4.003e-02      
      1208      7.801e-02      
      1209      1.244e-01      
      1210      1.657e-01      
      1211      1.898e-01      
      1212      1.936e-01      
      1213      1.817e-01      
      1214      1.603e-01      
      1215      1.347e-01      
      1216      1.088e-01      
      1217      8.544e-02      
      1218      6.671e-02      
      1219      5.333e-02      
      1220      4.522e-02      
      1224      4.728e-02      
      1225      5.197e-02      
      1226      5.703e-02      
      1227      6.186e-02      
      1228      6.617e-02      
      1229      7.030e-02      
      1230      7.511e-02      
      1231      8.140e-02      
      1232      8.919e-02      
      1233      9.730e-02      
      1234      1.037e-01      
      1237      1.023e-01      
      1238      9.731e-02      
      1239      9.193e-02      
      1240      8.654e-02      
      1241      8.105e-02      
      1242      7.544e-02      
      1243      6.992e-02      
      1244      6.493e-02      
      1245      6.094e-02      
      1246      5.822e-02      
      1253      5.319e-02      
      1254      5.162e-02      
      1257      4.602e-02      
      1258      4.472e-02      
      1265      3.945e-02      
      1266      3.830e-02      
      1285      3.233e-02      
      1286      3.194e-02      
      1290      2.644e-02      
      1291      2.430e-02      
      1316      1.875e-02      
      1317      1.706e-02      
      1385      1.119e-02      
      1386      9.064e-03      
      1413      3.095e-03      
      1414      2.657e-03      
      1507      7.814e-03      
      1508      9.034e-03      
      1536      1.505e-02      
      1537      1.703e-02      
      1543      1.095e-02      
      1544      1.012e-02      
      1553      4.539e-03      
      1554      3.212e-03      
      1986      6.196e-03      
      1987      1.189e-02      
      1988      1.890e-02      
      1989      2.473e-02      
      1990      2.642e-02      
      1991      2.287e-02      
      1992      1.595e-02      
      1993      8.971e-03      
      1994      4.100e-03      
      1995      1.551e-03      
      2096      5.815e-03      
      2097      1.169e-02      
      2098      1.888e-02      
      2099      2.472e-02      
      2100      2.650e-02      
      2101      2.345e-02      
      2102      1.717e-02      
      2103      1.039e-02      
      2104      5.158e-03      
      2105      2.085e-03      
      2195      5.584e-03      
      2196      1.275e-02      
      2197      2.505e-02      
      2198      4.328e-02      
      2199      6.605e-02      
      2200      8.759e-02      
      2201      9.849e-02      
      2202      9.191e-02      
      2203      7.024e-02      
      2204      4.372e-02      
      2205      2.219e-02      
      2206      9.289e-03      
      2207      3.293e-03      
      2208      1.043e-03      
      2408      6.512e-03      
      2409      1.031e-02      
      2410      1.432e-02      
      2411      1.953e-02      
      2412      2.805e-02      
      2413      4.032e-02      
      2414      5.258e-02      
      2416      5.578e-02      
      2417      4.550e-02      
      2418      3.295e-02      
      2419      2.214e-02      
      2420      1.459e-02      
      2421      1.019e-02      
      2422      8.140e-03      
      2450      1.412e-02      
      2451      1.483e-02      
      2491      8.835e-03      
      2492      8.000e-03      
      2525      1.775e-03      
      2526      1.722e-03      
      2566      6.379e-03      
      2567      1.271e-02      
      2568      2.036e-02      
      2569      2.662e-02      
      2572      2.152e-02      
      2573      1.508e-02      
      2574      9.276e-03      
      2575      5.151e-03      
      2947      6.935e-03      
      2948      1.765e-02      
      2949      3.545e-02      
      2950      5.630e-02      
      2951      7.089e-02      
      2952      7.092e-02      
      2953      5.654e-02      
      2954      3.605e-02      
      2955      1.850e-02      
      2956      7.753e-03      
      2957      2.736e-03      
      2958      8.667e-04      
      3140      3.982e-03      
      3141      7.795e-03      
      3142      1.225e-02      
      3143      1.580e-02      
      3152      1.029e-02      
      3153      7.381e-03      
      3155      2.170e-03      
      3156      8.889e-04      
      3346      5.744e-03      
      3347      9.347e-03      
      3352      3.719e-03      
      3353      1.711e-03      
      3394      4.239e-03      
      3395      9.566e-03      
      3396      1.746e-02      
      3397      2.569e-02      
      3400      2.289e-02      
      3401      1.454e-02      
      3402      7.605e-03      
      3403      3.362e-03      
      3404      1.325e-03      
      3551      7.401e-03      
      3552      1.591e-02      
      3553      2.740e-02      
      3554      3.804e-02      
      3556      3.952e-02      
      3557      3.017e-02      
      3558      1.931e-02      
      3559      1.052e-02      
      3560      4.959e-03      
      3561      2.068e-03
3624   2.068e-03