0      0.0      
      1      0.000e+00      
      2      0.000e+00      
      428      4.657e-02      
      429      5.276e-02      
      438      3.225e-03      
      439      2.064e-03      
      463      4.797e-02      
      464      5.954e-02      
      535      9.822e-03      
      536      9.486e-03      
      1069      3.347e-02      
      1070      6.786e-02      
      1071      1.098e-01      
      1072      1.430e-01      
      1075      9.881e-02      
      1076      6.461e-02      
      1078      2.329e-02      
      1079      1.441e-02      
      1208      3.226e-02      
      1209      6.934e-02      
      1210      1.213e-01      
      1211      1.751e-01      
      1216      1.263e-01      
      1217      8.808e-02      
      1218      5.787e-02      
      1219      3.656e-02      
      1993      6.870e-02      
      1994      1.002e-01      
      1998      6.584e-02      
      1999      4.165e-02      
      2196      7.951e-02      
      2197      1.832e-01      
      2198      3.435e-01      
      2199      5.319e-01      
      2200      6.936e-01      
      2201      7.814e-01      
      2202      7.804e-01      
      2203      7.022e-01      
      2204      5.707e-01      
      2205      4.162e-01      
      2206      2.715e-01      
      2207      1.601e-01      
      2208      8.783e-02      
      2209      4.732e-02      
      2210      2.715e-02      
      2217      6.492e-02      
      2218      8.154e-02      
      2221      1.313e-01      
      2222      1.457e-01      
      2231      1.953e-01      
      2232      2.018e-01      
      2258      1.561e-01      
      2259      1.515e-01      
      2271      1.081e-01      
      2272      9.930e-02      
      2279      4.967e-02      
      2280      4.804e-02      
      2408      8.466e-02      
      2409      1.522e-01      
      2410      2.344e-01      
      2411      3.040e-01      
      2415      2.817e-01      
      2416      2.528e-01      
      2417      2.213e-01      
      2418      1.879e-01      
      2419      1.556e-01      
      2420      1.267e-01      
      2422      8.454e-02      
      2423      7.282e-02      
      2540      2.331e-02      
      2541      2.173e-02      
      2569      6.746e-02      
      2570      8.792e-02      
      2585      3.964e-02      
      2586      3.771e-02      
      3398      5.026e-02      
      3399      8.867e-02      
      3400      1.298e-01      
      3401      1.565e-01      
      3403      1.299e-01      
      3404      9.257e-02      
      3405      5.839e-02      
      3406      3.433e-02      
      3551      6.530e-02      
      3552      1.699e-01      
      3553      3.661e-01      
      3554      6.522e-01      
      3555      9.600e-01      
      3556      1.170e+00      
      3557      1.186e+00      
      3558      1.012e+00      
      3559      7.383e-01      
      3560      4.721e-01      
      3561      2.739e-01      
      3562      1.521e-01      
      3563      8.810e-02      
      3574      1.332e-01      
      3575      1.459e-01      
      3583      1.958e-01      
      3584      1.984e-01      
      3618      1.565e-01      
      3619      1.428e-01
3624   1.428e-01