0      0.0      
      1      0.000e+00      
      368      4.802e-03      
      369      8.991e-03      
      370      1.340e-02      
      371      1.599e-02      
      373      1.221e-02      
      374      8.134e-03      
      375      4.735e-03      
      376      2.558e-03      
      415      6.569e-03      
      416      8.979e-03      
      420      3.502e-03      
      421      2.325e-03      
      423      7.085e-03      
      424      1.574e-02      
      425      2.926e-02      
      426      4.427e-02      
      427      5.431e-02      
      428      5.409e-02      
      429      4.391e-02      
      430      2.930e-02      
      431      1.635e-02      
      432      7.924e-03      
      433      3.604e-03      
      434      1.746e-03      
      1067      5.588e-03      
      1068      1.496e-02      
      1069      3.186e-02      
      1070      5.408e-02      
      1071      7.339e-02      
      1072      7.992e-02      
      1073      7.023e-02      
      1074      5.027e-02      
      1075      2.981e-02      
      1076      1.512e-02      
      1077      6.972e-03      
      1079      1.661e-03      
      1080      1.007e-03      
      1205      2.452e-03      
      1206      8.259e-03      
      1207      2.223e-02      
      1208      4.820e-02      
      1209      8.497e-02      
      1210      1.234e-01      
      1211      1.500e-01      
      1212      1.556e-01      
      1213      1.410e-01      
      1214      1.143e-01      
      1215      8.450e-02      
      1216      5.784e-02      
      1217      3.700e-02      
      1218      2.242e-02      
      1219      1.315e-02      
      1220      7.618e-03      
      1221      4.363e-03      
      1234      8.231e-03      
      1235      1.079e-02      
      1236      1.375e-02      
      1237      1.689e-02      
      1238      1.991e-02      
      1239      2.258e-02      
      1242      2.795e-02      
      1243      2.872e-02      
      1262      2.317e-02      
      1263      2.286e-02      
      1270      1.739e-02      
      1271      1.710e-02      
      1285      1.208e-02      
      1286      1.115e-02      
      1291      6.028e-03      
      1292      4.993e-03      
      1991      9.734e-03      
      1992      1.062e-02      
      1997      6.595e-03      
      1998      3.999e-03      
      2097      5.780e-03      
      2098      1.043e-02      
      2099      1.491e-02      
      2100      1.694e-02      
      2101      1.537e-02      
      2102      1.125e-02      
      2103      6.787e-03      
      2104      3.537e-03      
      2196      8.988e-03      
      2197      2.126e-02      
      2198      4.286e-02      
      2199      7.354e-02      
      2200      1.069e-01      
      2201      1.312e-01      
      2202      1.353e-01      
      2203      1.171e-01      
      2204      8.503e-02      
      2205      5.207e-02      
      2206      2.726e-02      
      2207      1.259e-02      
      2208      5.466e-03      
      2407      9.260e-03      
      2408      1.860e-02      
      2409      3.008e-02      
      2410      4.044e-02      
      2411      4.836e-02      
      2412      5.694e-02      
      2413      7.015e-02      
      2414      8.603e-02      
      2415      9.572e-02      
      2416      9.117e-02      
      2417      7.303e-02      
      2418      4.961e-02      
      2419      2.933e-02      
      2420      1.573e-02      
      2421      8.026e-03      
      2422      4.082e-03      
      2423      2.162e-03      
      2451      7.545e-03      
      2452      8.060e-03      
      2488      2.793e-03      
      2489      2.286e-03      
      2566      5.635e-03      
      2567      1.310e-02      
      2568      2.412e-02      
      2569      3.526e-02      
      2570      4.103e-02      
      2571      3.823e-02      
      2572      2.883e-02      
      2573      1.795e-02      
      2574      9.580e-03      
      2575      4.681e-03      
      2576      2.308e-03      
      2947      3.017e-03      
      2948      8.050e-03      
      2949      1.789e-02      
      2950      3.182e-02      
      2951      4.496e-02      
      2953      4.527e-02      
      2954      3.269e-02      
      2955      1.937e-02      
      2956      9.787e-03      
      2957      4.543e-03      
      2958      2.172e-03      
      3140      5.463e-03      
      3141      1.025e-02      
      3142      1.607e-02      
      3143      2.189e-02      
      3144      2.688e-02      
      3145      3.008e-02      
      3147      2.594e-02      
      3148      1.915e-02      
      3149      1.245e-02      
      3150      7.805e-03      
      3151      5.335e-03      
      3348      9.961e-03      
      3349      1.163e-02      
      3351      7.998e-03      
      3352      4.931e-03      
      3396      8.110e-03      
      3397      1.311e-02      
      3398      1.820e-02      
      3399      2.188e-02      
      3401      2.049e-02      
      3402      1.583e-02      
      3403      1.057e-02      
      3404      6.240e-03      
      3408      7.467e-04      
      3409      5.247e-04      
      3550      3.151e-03      
      3551      9.653e-03      
      3552      2.346e-02      
      3553      4.534e-02      
      3554      6.997e-02      
      3555      8.676e-02      
      3556      8.719e-02      
      3557      7.181e-02      
      3558      4.919e-02      
      3559      2.857e-02      
      3560      1.449e-02      
      3561      6.737e-03      
      3563      1.602e-03      
      3564      9.726e-04
3624   9.726e-04