0      0.0      
      1      0.000e+00      
      35      1.512e-03      
      36      2.200e-03      
      41      3.374e-04      
      42      1.096e-04      
      367      1.880e-03      
      368      4.104e-03      
      369      7.109e-03      
      370      9.787e-03      
      372      9.451e-03      
      373      6.756e-03      
      374      4.022e-03      
      375      2.098e-03      
      376      1.052e-03      
      412      2.789e-03      
      413      5.044e-03      
      414      7.367e-03      
      417      7.022e-03      
      418      4.952e-03      
      419      3.160e-03      
      420      2.181e-03      
      421      2.673e-03      
      422      6.160e-03      
      423      1.528e-02      
      424      3.218e-02      
      425      5.494e-02      
      426      7.558e-02      
      427      8.400e-02      
      428      7.584e-02      
      429      5.620e-02      
      430      3.473e-02      
      431      1.842e-02      
      432      8.802e-03      
      433      4.081e-03      
      434      2.002e-03      
      435      1.100e-03      
      1066      2.093e-03      
      1067      6.254e-03      
      1068      1.486e-02      
      1069      2.809e-02      
      1070      4.237e-02      
      1071      5.113e-02      
      1072      4.965e-02      
      1073      3.914e-02      
      1074      2.544e-02      
      1075      1.402e-02      
      1076      6.876e-03      
      1077      3.257e-03      
      1078      1.643e-03      
      1079      9.418e-04      
      1204      7.634e-04      
      1205      3.045e-03      
      1206      9.618e-03      
      1207      2.419e-02      
      1208      4.877e-02      
      1209      7.979e-02      
      1210      1.077e-01      
      1211      1.228e-01      
      1212      1.217e-01      
      1213      1.081e-01      
      1214      8.799e-02      
      1215      6.664e-02      
      1216      4.719e-02      
      1217      3.126e-02      
      1218      1.937e-02      
      1219      1.126e-02      
      1220      6.213e-03      
      1221      3.342e-03      
      1222      1.828e-03      
      1223      1.062e-03      
      1535      2.269e-03      
      1536      3.163e-03      
      1549      1.412e-03      
      1550      9.589e-04      
      1986      2.778e-03      
      1987      5.450e-03      
      1988      8.859e-03      
      1989      1.187e-02      
      1991      1.170e-02      
      1992      8.673e-03      
      1993      5.444e-03      
      1994      3.049e-03      
      1995      1.657e-03      
      1996      9.582e-04      
      2095      2.576e-03      
      2096      6.506e-03      
      2097      1.300e-02      
      2098      2.067e-02      
      2099      2.631e-02      
      2100      2.708e-02      
      2101      2.284e-02      
      2102      1.609e-02      
      2103      9.753e-03      
      2104      5.326e-03      
      2105      2.802e-03      
      2107      9.189e-04      
      2108      6.066e-04      
      2194      2.265e-03      
      2195      6.211e-03      
      2196      1.411e-02      
      2197      2.724e-02      
      2198      4.573e-02      
      2199      6.744e-02      
      2200      8.681e-02      
      2201      9.592e-02      
      2202      8.957e-02      
      2203      7.015e-02      
      2204      4.623e-02      
      2205      2.606e-02      
      2206      1.298e-02      
      2207      6.059e-03      
      2208      2.877e-03      
      2210      8.981e-04      
      2211      5.988e-04      
      2407      1.931e-03      
      2408      3.711e-03      
      2409      5.754e-03      
      2410      7.646e-03      
      2411      9.873e-03      
      2412      1.413e-02      
      2413      2.188e-02      
      2414      3.201e-02      
      2415      4.031e-02      
      2416      4.224e-02      
      2417      3.672e-02      
      2418      2.689e-02      
      2419      1.712e-02      
      2420      9.943e-03      
      2421      5.572e-03      
      2422      3.201e-03      
      2424      1.374e-03      
      2425      1.019e-03      
      2566      2.092e-03      
      2567      4.136e-03      
      2568      6.484e-03      
      2572      4.643e-03      
      2573      2.808e-03      
      2575      9.375e-04      
      2576      6.046e-04      
      2947      2.339e-03      
      2948      6.373e-03      
      2949      1.379e-02      
      2950      2.375e-02      
      2951      3.258e-02      
      2952      3.575e-02      
      2953      3.153e-02      
      2954      2.261e-02      
      2955      1.347e-02      
      2956      6.959e-03      
      2957      3.361e-03      
      2958      1.685e-03      
      2959      9.524e-04      
      3139      2.276e-03      
      3140      5.159e-03      
      3141      9.286e-03      
      3142      1.333e-02      
      3145      1.166e-02      
      3146      8.468e-03      
      3147      6.375e-03      
      3149      7.231e-03      
      3150      9.061e-03      
      3153      7.051e-03      
      3154      4.566e-03      
      3155      2.656e-03      
      3156      1.509e-03      
      3347      3.421e-03      
      3348      5.119e-03      
      3351      4.362e-03      
      3352      2.817e-03      
      3354      9.594e-04      
      3355      6.101e-04      
      3393      1.347e-03      
      3394      3.768e-03      
      3395      8.596e-03      
      3396      1.602e-02      
      3397      2.443e-02      
      3398      3.061e-02      
      3399      3.171e-02      
      3400      2.737e-02      
      3401      1.993e-02      
      3402      1.247e-02      
      3403      6.925e-03      
      3404      3.585e-03      
      3405      1.859e-03      
      3406      1.037e-03      
      3553      2.703e-03      
      3554      4.329e-03      
      3558      3.348e-03      
      3559      1.972e-03
3624   1.972e-03