0      0.0      
      1      0.000e+00      
      35      2.156e-03      
      36      4.258e-03      
      37      6.919e-03      
      38      9.154e-03      
      41      5.539e-03      
      42      2.920e-03      
      414      5.514e-03      
      415      1.016e-02      
      416      1.466e-02      
      418      1.470e-02      
      419      1.027e-02      
      420      5.780e-03      
      421      2.875e-03      
      422      1.710e-03      
      424      3.452e-03      
      425      7.119e-03      
      426      1.312e-02      
      427      1.987e-02      
      428      2.413e-02      
      429      2.335e-02      
      430      1.800e-02      
      431      1.106e-02      
      432      5.420e-03      
      433      2.122e-03      
      434      6.638e-04      
      460      4.402e-03      
      461      4.895e-03      
      469      8.590e-03      
      470      8.963e-03      
      528      1.264e-02      
      529      1.312e-02      
      540      1.686e-02      
      541      1.748e-02      
      596      1.361e-02      
      597      1.294e-02      
      629      9.601e-03      
      630      8.897e-03      
      665      4.897e-03      
      666      4.413e-03      
      988      8.969e-04      
      989      4.130e-04      
      1067      2.305e-03      
      1068      7.124e-03      
      1069      1.716e-02      
      1070      3.223e-02      
      1071      4.722e-02      
      1072      5.398e-02      
      1073      4.816e-02      
      1074      3.357e-02      
      1075      1.829e-02      
      1076      7.796e-03      
      1077      2.603e-03      
      1207      4.343e-03      
      1208      1.083e-02      
      1209      2.143e-02      
      1210      3.402e-02      
      1211      4.418e-02      
      1212      4.835e-02      
      1213      4.631e-02      
      1214      4.020e-02      
      1215      3.222e-02      
      1216      2.390e-02      
      1217      1.648e-02      
      1218      1.083e-02      
      1219      7.182e-03      
      1220      5.139e-03      
      1224      1.606e-03      
      1225      8.974e-04      
      1284      4.897e-03      
      1285      5.599e-03      
      1302      8.897e-03      
      1303      9.601e-03      
      1433      5.601e-03      
      1434      4.897e-03      
      1604      6.785e-03      
      1605      9.719e-03      
      1606      1.328e-02      
      1607      1.592e-02      
      1609      1.372e-02      
      1610      1.017e-02      
      1611      7.087e-03      
      1612      5.217e-03      
      1785      1.601e-03      
      1786      8.969e-04      
      1990      2.283e-03      
      1991      6.002e-03      
      1992      1.247e-02      
      1993      2.050e-02      
      1994      2.666e-02      
      1995      2.741e-02      
      1996      2.227e-02      
      1997      1.427e-02      
      1998      7.211e-03      
      1999      2.866e-03      
      2097      6.587e-03      
      2098      1.238e-02      
      2099      1.816e-02      
      2101      1.892e-02      
      2102      1.377e-02      
      2103      8.368e-03      
      2104      4.554e-03      
      2105      2.393e-03      
      2194      2.636e-03      
      2195      8.033e-03      
      2196      1.987e-02      
      2197      4.001e-02      
      2198      6.578e-02      
      2199      8.888e-02      
      2200      1.001e-01      
      2201      9.609e-02      
      2202      8.114e-02      
      2203      6.166e-02      
      2204      4.204e-02      
      2205      2.501e-02      
      2206      1.253e-02      
      2207      5.134e-03      
      2208      1.692e-03      
      2209      4.424e-04      
      2276      4.413e-03      
      2277      4.899e-03      
      2282      8.743e-03      
      2283      9.555e-03      
      2304      1.319e-02      
      2305      1.425e-02      
      2362      1.040e-02      
      2363      9.601e-03      
      2386      5.601e-03      
      2387      4.897e-03      
      2406      6.400e-03      
      2407      1.136e-02      
      2408      2.168e-02      
      2409      3.731e-02      
      2410      5.345e-02      
      2411      6.265e-02      
      2412      6.150e-02      
      2413      5.422e-02      
      2414      4.770e-02      
      2415      4.444e-02      
      2416      4.217e-02      
      2417      3.843e-02      
      2418      3.312e-02      
      2419      2.720e-02      
      2420      2.125e-02      
      2421      1.572e-02      
      2422      1.128e-02      
      2423      8.439e-03      
      2424      7.181e-03      
      2435      1.110e-02      
      2436      1.158e-02      
      2475      1.554e-02      
      2476      1.584e-02      
      2568      1.950e-02      
      2569      2.254e-02      
      2572      2.001e-02      
      2573      1.692e-02      
      2584      1.328e-02      
      2585      1.255e-02      
      2631      8.897e-03      
      2632      8.413e-03      
      2660      4.424e-03      
      2661      4.200e-03      
      2827      4.130e-04      
      2828      1.539e-04      
      2860      4.060e-03      
      2861      4.504e-03      
      2867      9.320e-04      
      2868      4.218e-04      
      2951      3.608e-03      
      2952      5.023e-03      
      2956      1.662e-03      
      2957      6.830e-04      
      3139      3.346e-03      
      3140      6.653e-03      
      3141      1.043e-02      
      3142      1.291e-02      
      3144      9.789e-03      
      3145      6.084e-03      
      3154      3.108e-03      
      3155      1.296e-03      
      3347      4.976e-03      
      3348      8.096e-03      
      3352      5.426e-03      
      3353      2.720e-03      
      3395      6.026e-03      
      3396      9.485e-03      
      3397      1.465e-02      
      3398      2.265e-02      
      3399      3.291e-02      
      3400      4.154e-02      
      3401      4.338e-02      
      3402      3.666e-02      
      3403      2.482e-02      
      3404      1.341e-02      
      3405      5.770e-03      
      3406      1.976e-03      
      3407      5.384e-04      
      3550      1.690e-03      
      3551      6.289e-03      
      3552      1.864e-02      
      3553      4.400e-02      
      3554      8.282e-02      
      3555      1.245e-01      
      3556      1.496e-01      
      3557      1.440e-01      
      3558      1.114e-01      
      3559      6.936e-02      
      3560      3.490e-02      
      3561      1.422e-02      
      3562      4.707e-03      
      3563      1.268e-03      
      3564      2.776e-04      
      3610      4.154e-03      
      3611      4.413e-03
3624   4.413e-03