0      0.0      
      1      4.517e-04      
      368      6.704e-03      
      369      1.271e-02      
      370      1.918e-02      
      373      1.845e-02      
      374      1.268e-02      
      375      7.736e-03      
      376      4.461e-03      
      385      8.998e-03      
      386      1.035e-02      
      388      1.441e-02      
      389      1.739e-02      
      390      2.068e-02      
      391      2.380e-02      
      422      2.833e-02      
      423      3.697e-02      
      424      5.291e-02      
      425      7.652e-02      
      426      1.032e-01      
      427      1.236e-01      
      428      1.296e-01      
      429      1.205e-01      
      430      1.031e-01      
      431      8.623e-02      
      432      7.484e-02      
      433      6.934e-02      
      441      6.455e-02      
      442      5.902e-02      
      443      5.215e-02      
      444      4.462e-02      
      445      3.718e-02      
      446      3.045e-02      
      447      2.475e-02      
      448      2.015e-02      
      449      1.659e-02      
      451      1.215e-02      
      452      1.102e-02      
      515      5.836e-03      
      516      5.522e-03      
      977      3.157e-04      
      978      2.107e-04      
      1067      2.129e-03      
      1068      5.780e-03      
      1069      1.257e-02      
      1070      2.195e-02      
      1071      3.089e-02      
      1073      3.294e-02      
      1074      2.559e-02      
      1075      1.696e-02      
      1076      1.002e-02      
      1077      5.642e-03      
      1078      3.281e-03      
      1206      8.324e-03      
      1207      2.226e-02      
      1208      4.797e-02      
      1209      8.430e-02      
      1210      1.226e-01      
      1211      1.504e-01      
      1212      1.595e-01      
      1213      1.502e-01      
      1214      1.291e-01      
      1215      1.033e-01      
      1216      7.816e-02      
      1217      5.701e-02      
      1218      4.216e-02      
      1219      3.522e-02      
      1220      3.716e-02      
      1221      4.769e-02      
      1222      6.455e-02      
      1223      8.364e-02      
      1224      1.005e-01      
      1225      1.118e-01      
      1227      1.132e-01      
      1228      1.038e-01      
      1229      8.945e-02      
      1230      7.271e-02      
      1231      5.638e-02      
      1232      4.287e-02      
      1233      3.349e-02      
      1234      2.832e-02      
      1235      2.648e-02      
      1265      2.144e-02      
      1266      2.077e-02      
      1285      1.575e-02      
      1286      1.548e-02      
      1293      1.054e-02      
      1294      1.004e-02      
      1457      5.033e-03      
      1458      4.737e-03      
      2097      9.021e-03      
      2098      1.619e-02      
      2099      2.318e-02      
      2102      1.885e-02      
      2103      1.218e-02      
      2104      7.037e-03      
      2105      3.950e-03      
      2195      4.192e-03      
      2196      1.066e-02      
      2197      2.282e-02      
      2198      4.172e-02      
      2199      6.571e-02      
      2200      8.933e-02      
      2201      1.046e-01      
      2202      1.050e-01      
      2203      9.034e-02      
      2204      6.683e-02      
      2205      4.295e-02      
      2206      2.446e-02      
      2207      1.275e-02      
      2208      6.421e-03      
      2213      1.114e-02      
      2214      1.772e-02      
      2215      2.416e-02      
      2219      2.260e-02      
      2220      1.794e-02      
      2221      1.386e-02      
      2222      1.078e-02      
      2225      6.317e-03      
      2226      5.436e-03      
      2407      1.032e-02      
      2408      1.946e-02      
      2409      3.054e-02      
      2410      4.059e-02      
      2411      4.899e-02      
      2412      5.955e-02      
      2413      7.623e-02      
      2414      9.600e-02      
      2415      1.086e-01      
      2416      1.054e-01      
      2417      8.737e-02      
      2418      6.348e-02      
      2419      4.241e-02      
      2420      2.770e-02      
      2421      1.876e-02      
      2422      1.370e-02      
      2423      1.091e-02      
      2427      1.167e-02      
      2428      1.706e-02      
      2429      2.543e-02      
      2430      3.565e-02      
      2431      4.558e-02      
      2432      5.300e-02      
      2435      5.265e-02      
      2436      4.701e-02      
      2437      4.026e-02      
      2438      3.326e-02      
      2439      2.671e-02      
      2440      2.108e-02      
      2441      1.660e-02      
      2442      1.330e-02      
      2464      8.301e-03      
      2465      7.958e-03      
      2566      7.363e-03      
      2567      1.355e-02      
      2568      2.320e-02      
      2569      3.391e-02      
      2570      4.119e-02      
      2571      4.158e-02      
      2572      3.546e-02      
      2573      2.641e-02      
      2574      1.815e-02      
      2575      1.243e-02      
      2577      7.585e-03      
      2578      6.906e-03      
      2704      1.768e-03      
      2705      1.642e-03      
      2948      5.607e-03      
      2949      1.184e-02      
      2950      2.075e-02      
      2951      2.936e-02      
      2953      3.069e-02      
      2954      2.316e-02      
      2955      1.479e-02      
      2956      8.441e-03      
      2957      4.666e-03      
      2958      2.720e-03      
      3140      7.664e-03      
      3141      1.464e-02      
      3142      2.256e-02      
      3143      2.866e-02      
      3146      2.580e-02      
      3147      2.064e-02      
      3148      1.535e-02      
      3149      1.100e-02      
      3150      8.073e-03      
      3153      3.837e-03      
      3154      2.774e-03      
      3346      7.870e-03      
      3347      1.492e-02      
      3348      2.235e-02      
      3351      1.970e-02      
      3352      1.288e-02      
      3353      7.468e-03      
      3355      2.432e-03      
      3356      1.564e-03      
      3394      6.209e-03      
      3395      1.226e-02      
      3396      2.005e-02      
      3397      2.753e-02      
      3398      3.230e-02      
      3399      3.289e-02      
      3400      2.945e-02      
      3401      2.335e-02      
      3402      1.644e-02      
      3403      1.033e-02      
      3404      5.930e-03      
      3405      3.266e-03      
      3550      3.332e-03      
      3551      1.013e-02      
      3552      2.459e-02      
      3553      4.782e-02      
      3554      7.492e-02      
      3555      9.541e-02      
      3556      1.000e-01      
      3557      8.776e-02      
      3558      6.598e-02      
      3559      4.371e-02      
      3560      2.635e-02      
      3561      1.494e-02      
      3562      8.229e-03      
      3563      4.553e-03      
      3564      2.625e-03
3624   2.625e-03