0      0.0      
      1      0.000e+00      
      422      2.950e-03      
      423      7.883e-03      
      424      1.740e-02      
      425      3.081e-02      
      426      4.373e-02      
      427      4.979e-02      
      428      4.547e-02      
      429      3.331e-02      
      430      1.956e-02      
      431      9.198e-03      
      432      3.458e-03      
      433      1.038e-03      
      434      2.486e-04      
      1067      2.745e-03      
      1068      6.687e-03      
      1069      1.291e-02      
      1070      1.975e-02      
      1071      2.396e-02      
      1072      2.306e-02      
      1073      1.759e-02      
      1074      1.064e-02      
      1075      5.103e-03      
      1076      1.936e-03      
      1205      1.655e-03      
      1206      5.247e-03      
      1207      1.333e-02      
      1208      2.733e-02      
      1209      4.571e-02      
      1210      6.324e-02      
      1211      7.371e-02      
      1212      7.398e-02      
      1213      6.540e-02      
      1214      5.200e-02      
      1215      3.776e-02      
      1216      2.520e-02      
      1217      1.539e-02      
      1218      8.490e-03      
      1219      4.155e-03      
      1220      1.773e-03      
      1221      6.482e-04      
      1987      2.438e-03      
      1988      3.742e-03      
      1993      1.310e-03      
      1994      5.320e-04      
      2095      1.598e-03      
      2096      4.148e-03      
      2097      8.503e-03      
      2098      1.378e-02      
      2099      1.766e-02      
      2100      1.791e-02      
      2101      1.436e-02      
      2102      9.094e-03      
      2103      4.545e-03      
      2104      1.790e-03      
      2195      3.521e-03      
      2196      8.273e-03      
      2197      1.649e-02      
      2198      2.830e-02      
      2199      4.197e-02      
      2200      5.331e-02      
      2201      5.715e-02      
      2202      5.099e-02      
      2203      3.749e-02      
      2204      2.261e-02      
      2205      1.117e-02      
      2206      4.513e-03      
      2207      1.489e-03      
      2408      2.904e-03      
      2409      4.360e-03      
      2411      6.644e-03      
      2412      9.281e-03      
      2413      1.488e-02      
      2414      2.294e-02      
      2415      3.017e-02      
      2417      2.877e-02      
      2418      2.114e-02      
      2419      1.325e-02      
      2420      7.272e-03      
      2421      3.536e-03      
      2422      1.504e-03      
      2423      5.435e-04      
      2567      2.466e-03      
      2568      4.082e-03      
      2573      1.477e-03      
      2574      5.895e-04      
      2948      3.089e-03      
      2949      6.948e-03      
      2950      1.236e-02      
      2951      1.730e-02      
      2953      1.648e-02      
      2954      1.119e-02      
      2955      5.957e-03      
      2956      2.488e-03      
      3141      3.884e-03      
      3142      5.503e-03      
      3153      3.825e-03      
      3154      2.046e-03      
      3395      3.965e-03      
      3396      7.855e-03      
      3397      1.283e-02      
      3398      1.744e-02      
      3401      1.527e-02      
      3402      1.025e-02      
      3403      5.693e-03      
      3404      2.589e-03
3624   2.589e-03