0      0.0      
      1      0.000e+00      
      2      0.000e+00      
      37      6.018e-03      
      38      8.840e-03      
      42      3.947e-03      
      43      2.078e-03      
      414      5.447e-03      
      415      1.030e-02      
      416      1.527e-02      
      417      1.781e-02      
      419      1.229e-02      
      420      7.664e-03      
      425      7.869e-03      
      426      1.471e-02      
      427      2.299e-02      
      428      2.928e-02      
      429      3.028e-02      
      430      2.559e-02      
      431      1.796e-02      
      432      1.083e-02      
      433      5.984e-03      
      434      3.343e-03      
      440      7.702e-03      
      441      1.176e-02      
      442      1.582e-02      
      443      1.908e-02      
      448      2.530e-02      
      449      2.579e-02      
      471      1.931e-02      
      472      1.851e-02      
      521      1.265e-02      
      522      1.184e-02      
      614      5.978e-03      
      615      5.172e-03      
      1068      7.850e-03      
      1069      1.835e-02      
      1070      3.485e-02      
      1071      5.275e-02      
      1072      6.358e-02      
      1073      6.142e-02      
      1074      4.828e-02      
      1075      3.177e-02      
      1076      1.838e-02      
      1077      1.011e-02      
      1079      3.641e-03      
      1080      2.520e-03      
      1207      4.701e-03      
      1208      1.111e-02      
      1209      2.229e-02      
      1210      3.698e-02      
      1211      5.104e-02      
      1212      5.982e-02      
      1214      5.607e-02      
      1215      4.676e-02      
      1216      3.576e-02      
      1217      2.530e-02      
      1218      1.685e-02      
      1219      1.086e-02      
      1220      6.931e-03      
      1238      9.506e-03      
      1239      1.361e-02      
      1240      1.747e-02      
      1241      2.056e-02      
      1244      2.586e-02      
      1245      2.732e-02      
      1253      3.376e-02      
      1254      3.496e-02      
      1273      4.120e-02      
      1274      4.335e-02      
      1290      3.834e-02      
      1291      3.536e-02      
      1293      2.998e-02      
      1294      2.839e-02      
      1316      2.193e-02      
      1317      2.041e-02      
      1336      1.481e-02      
      1337      1.309e-02      
      1360      6.645e-03      
      1361      5.838e-03      
      1575      1.087e-02      
      1576      1.343e-02      
      1605      1.805e-02      
      1606      2.582e-02      
      1607      3.288e-02      
      1610      2.678e-02      
      1611      1.998e-02      
      1612      1.487e-02      
      1613      1.177e-02      
      1626      5.842e-03      
      1627      4.683e-03      
      1991      6.800e-03      
      1992      1.406e-02      
      1993      2.402e-02      
      1994      3.325e-02      
      1996      3.414e-02      
      1997      2.604e-02      
      1998      1.715e-02      
      1999      1.036e-02      
      2001      3.976e-03      
      2002      2.781e-03      
      2096      4.779e-03      
      2097      1.068e-02      
      2098      1.978e-02      
      2099      2.942e-02      
      2102      2.831e-02      
      2103      2.142e-02      
      2104      1.594e-02      
      2105      1.197e-02      
      2107      6.300e-03      
      2108      4.419e-03      
      2194      6.594e-03      
      2195      1.856e-02      
      2196      4.478e-02      
      2197      8.986e-02      
      2198      1.493e-01      
      2199      2.066e-01      
      2200      2.416e-01      
      2201      2.449e-01      
      2202      2.221e-01      
      2203      1.845e-01      
      2204      1.408e-01      
      2205      9.753e-02      
      2206      6.084e-02      
      2207      3.479e-02      
      2208      1.936e-02      
      2209      1.174e-02      
      2215      1.492e-02      
      2216      1.844e-02      
      2217      2.275e-02      
      2218      2.791e-02      
      2219      3.396e-02      
      2220      4.077e-02      
      2221      4.805e-02      
      2222      5.530e-02      
      2223      6.186e-02      
      2224      6.706e-02      
      2226      7.261e-02      
      2227      7.423e-02      
      2228      7.675e-02      
      2229      8.143e-02      
      2230      8.897e-02      
      2231      9.916e-02      
      2232      1.109e-01      
      2233      1.226e-01      
      2234      1.326e-01      
      2235      1.400e-01      
      2236      1.449e-01      
      2237      1.480e-01      
      2244      1.434e-01      
      2245      1.393e-01      
      2246      1.339e-01      
      2247      1.271e-01      
      2248      1.190e-01      
      2249      1.102e-01      
      2250      1.015e-01      
      2251      9.351e-02      
      2252      8.707e-02      
      2253      8.246e-02      
      2256      7.624e-02      
      2257      7.455e-02      
      2259      7.005e-02      
      2260      6.778e-02      
      2269      6.142e-02      
      2270      5.822e-02      
      2271      5.459e-02      
      2272      5.098e-02      
      2274      4.514e-02      
      2275      4.301e-02      
      2284      3.653e-02      
      2285      3.539e-02      
      2292      2.935e-02      
      2293      2.806e-02      
      2297      2.261e-02      
      2298      2.114e-02      
      2343      1.523e-02      
      2344      1.289e-02      
      2346      7.658e-03      
      2347      5.349e-03      
      2407      1.116e-02      
      2408      2.677e-02      
      2409      5.198e-02      
      2410      8.099e-02      
      2411      1.023e-01      
      2413      9.918e-02      
      2414      8.558e-02      
      2415      7.366e-02      
      2416      6.463e-02      
      2417      5.725e-02      
      2418      5.055e-02      
      2419      4.387e-02      
      2420      3.684e-02      
      2421      3.001e-02      
      2422      2.468e-02      
      2423      2.189e-02      
      2426      2.703e-02      
      2427      3.125e-02      
      2428      3.599e-02      
      2429      4.097e-02      
      2430      4.594e-02      
      2431      5.065e-02      
      2432      5.497e-02      
      2433      5.888e-02      
      2434      6.241e-02      
      2435      6.560e-02      
      2437      7.101e-02      
      2438      7.299e-02      
      2461      6.698e-02      
      2462      6.404e-02      
      2463      5.996e-02      
      2464      5.498e-02      
      2465      4.977e-02      
      2466      4.510e-02      
      2468      3.887e-02      
      2469      3.719e-02      
      2488      3.176e-02      
      2489      3.048e-02      
      2492      2.527e-02      
      2493      2.325e-02      
      2508      1.762e-02      
      2509      1.640e-02      
      2514      1.095e-02      
      2515      9.239e-03      
      2531      1.549e-02      
      2532      1.605e-02      
      2539      9.732e-03      
      2540      9.077e-03      
      2562      2.508e-03      
      2563      1.918e-03      
      2566      5.388e-03      
      2567      1.008e-02      
      2568      1.663e-02      
      2569      2.352e-02      
      2574      1.765e-02      
      2575      1.454e-02      
      2593      2.115e-02      
      2594      2.221e-02      
      2619      1.564e-02      
      2620      1.543e-02      
      2634      9.297e-03      
      2635      8.314e-03      
      2658      2.162e-03      
      2659      1.355e-03      
      3140      7.736e-03      
      3141      1.405e-02      
      3142      2.091e-02      
      3147      1.426e-02      
      3148      1.346e-02      
      3154      9.775e-03      
      3155      6.310e-03      
      3347      8.238e-03      
      3348      1.310e-02      
      3353      7.644e-03      
      3354      4.583e-03      
      3396      9.540e-03      
      3397      1.498e-02      
      3398      2.405e-02      
      3399      3.712e-02      
      3400      5.066e-02      
      3401      5.814e-02      
      3402      5.521e-02      
      3403      4.364e-02      
      3404      2.942e-02      
      3405      1.771e-02      
      3406      1.018e-02      
      3408      3.833e-03      
      3409      2.631e-03      
      3550      7.348e-03      
      3551      2.236e-02      
      3552      5.611e-02      
      3553      1.161e-01      
      3554      1.981e-01      
      3555      2.784e-01      
      3556      3.231e-01      
      3557      3.112e-01      
      3558      2.517e-01      
      3559      1.747e-01      
      3560      1.087e-01      
      3561      6.628e-02      
      3562      4.604e-02      
      3564      4.692e-02      
      3565      5.824e-02      
      3566      7.296e-02      
      3567      8.934e-02      
      3568      1.062e-01      
      3569      1.230e-01      
      3570      1.396e-01      
      3571      1.561e-01      
      3572      1.722e-01      
      3573      1.874e-01      
      3574      2.009e-01      
      3575      2.120e-01      
      3576      2.203e-01      
      3577      2.256e-01      
      3578      2.284e-01      
      3587      2.224e-01      
      3588      2.192e-01      
      3589      2.145e-01      
      3590      2.084e-01      
      3591      2.010e-01      
      3592      1.925e-01      
      3593      1.831e-01      
      3594      1.729e-01      
      3595      1.619e-01      
      3596      1.510e-01      
      3597      1.410e-01      
      3598      1.326e-01      
      3599      1.259e-01      
      3600      1.204e-01      
      3601      1.156e-01      
      3602      1.109e-01      
      3603      1.062e-01      
      3604      1.013e-01      
      3605      9.649e-02      
      3606      9.201e-02      
      3607      8.811e-02      
      3609      8.201e-02      
      3610      7.958e-02      
      3613      7.333e-02      
      3614      7.084e-02      
      3615      6.779e-02      
      3616      6.406e-02      
      3617      5.969e-02      
      3618      5.493e-02      
      3619      5.027e-02      
      3620      4.624e-02
3624   4.624e-02