0      0.0      
      1      0.000e+00      
      2      0.000e+00      
      38      4.077e-03      
      39      4.684e-03      
      48      3.373e-04      
      49      2.608e-04      
      402      4.535e-03      
      403      4.753e-03      
      414      7.846e-03      
      415      1.083e-02      
      421      6.959e-03      
      422      6.369e-03      
      425      1.053e-02      
      426      1.466e-02      
      427      1.937e-02      
      430      1.960e-02      
      431      1.500e-02      
      432      1.092e-02      
      433      8.382e-03      
      443      1.183e-02      
      444      1.277e-02      
      449      1.681e-02      
      450      1.741e-02      
      454      2.175e-02      
      455      2.276e-02      
      459      2.703e-02      
      460      2.836e-02      
      462      3.142e-02      
      463      3.313e-02      
      465      3.638e-02      
      466      3.770e-02      
      469      4.126e-02      
      470      4.243e-02      
      492      4.569e-02      
      493      4.742e-02      
      502      4.312e-02      
      503      4.190e-02      
      507      3.772e-02      
      508      3.732e-02      
      517      4.150e-02      
      518      4.224e-02      
      523      3.805e-02      
      524      3.632e-02      
      527      3.245e-02      
      528      3.154e-02      
      533      2.780e-02      
      534      2.686e-02      
      537      2.306e-02      
      538      2.158e-02      
      543      1.730e-02      
      544      1.719e-02      
      553      1.290e-02      
      554      1.252e-02      
      570      8.187e-03      
      571      7.126e-03      
      666      3.042e-03      
      667      2.175e-03      
      1068      5.598e-03      
      1069      1.325e-02      
      1070      2.546e-02      
      1071      3.908e-02      
      1072      4.789e-02      
      1073      4.720e-02      
      1074      3.796e-02      
      1075      2.553e-02      
      1076      1.497e-02      
      1077      8.170e-03      
      1078      4.503e-03      
      1079      2.683e-03      
      1209      5.269e-03      
      1210      9.569e-03      
      1211      1.581e-02      
      1212      2.399e-02      
      1213      3.305e-02      
      1214      4.031e-02      
      1216      3.886e-02      
      1217      3.071e-02      
      1218      2.146e-02      
      1219      1.366e-02      
      1220      8.215e-03      
      1221      4.863e-03      
      1222      2.943e-03      
      1249      7.273e-03      
      1250      8.276e-03      
      1253      1.243e-02      
      1254      1.369e-02      
      1290      1.043e-02      
      1291      9.173e-03      
      1363      4.827e-03      
      1364      4.799e-03      
      1439      4.847e-04      
      1440      4.466e-04      
      1525      4.735e-03      
      1526      6.939e-03      
      1601      3.083e-03      
      1602      2.328e-03      
      1606      5.526e-03      
      1607      7.626e-03      
      1717      3.808e-03      
      1718      3.042e-03      
      1991      3.538e-03      
      1992      8.262e-03      
      1993      1.524e-02      
      1994      2.227e-02      
      1997      1.828e-02      
      1998      1.169e-02      
      1999      6.687e-03      
      2000      3.747e-03      
      2001      2.256e-03      
      2194      2.966e-03      
      2195      9.008e-03      
      2196      2.228e-02      
      2197      4.496e-02      
      2198      7.411e-02      
      2199      1.001e-01      
      2200      1.115e-01      
      2201      1.043e-01      
      2202      8.437e-02      
      2203      6.126e-02      
      2204      4.127e-02      
      2205      2.610e-02      
      2206      1.549e-02      
      2207      8.736e-03      
      2208      4.890e-03      
      2209      2.910e-03      
      2235      6.255e-03      
      2236      7.407e-03      
      2239      1.120e-02      
      2240      1.212e-02      
      2245      1.635e-02      
      2246      1.719e-02      
      2260      2.082e-02      
      2261      2.169e-02      
      2275      1.748e-02      
      2276      1.620e-02      
      2304      1.187e-02      
      2305      1.157e-02      
      2318      8.135e-03      
      2319      7.016e-03      
      2322      3.661e-03      
      2323      2.660e-03      
      2357      6.768e-03      
      2358      7.041e-03      
      2370      3.317e-03      
      2371      2.312e-03      
      2407      3.417e-03      
      2408      7.841e-03      
      2409      1.494e-02      
      2410      2.297e-02      
      2411      2.856e-02      
      2413      2.639e-02      
      2414      2.284e-02      
      2417      2.526e-02      
      2418      2.802e-02      
      2420      2.719e-02      
      2421      2.271e-02      
      2422      1.721e-02      
      2423      1.240e-02      
      2424      9.098e-03      
      2425      7.184e-03      
      2442      1.153e-02      
      2443      1.192e-02      
      2452      1.619e-02      
      2453      1.648e-02      
      2489      1.229e-02      
      2490      1.099e-02      
      2507      6.712e-03      
      2508      6.543e-03      
      2516      2.968e-03      
      2517      2.063e-03      
      2566      5.206e-03      
      2567      7.301e-03      
      2569      1.142e-02      
      2570      1.179e-02      
      2573      7.894e-03      
      2574      6.898e-03      
      2588      3.046e-03      
      2589      2.188e-03      
      2613      6.368e-03      
      2614      6.563e-03      
      2689      3.042e-03      
      2690      2.175e-03      
      3150      5.007e-03      
      3151      6.584e-03      
      3156      2.344e-03      
      3157      1.622e-03      
      3396      5.538e-03      
      3397      1.485e-02      
      3398      3.226e-02      
      3399      5.667e-02      
      3400      8.053e-02      
      3401      9.296e-02      
      3402      8.778e-02      
      3403      6.867e-02      
      3404      4.543e-02      
      3405      2.629e-02      
      3406      1.400e-02      
      3407      7.346e-03      
      3408      4.068e-03      
      3409      2.474e-03      
      3551      2.980e-03      
      3552      9.730e-03      
      3553      2.515e-02      
      3554      5.163e-02      
      3555      8.463e-02      
      3556      1.114e-01      
      3557      1.188e-01      
      3558      1.038e-01      
      3559      7.562e-02      
      3560      4.712e-02      
      3561      2.611e-02      
      3562      1.359e-02      
      3563      7.114e-03      
      3564      3.978e-03      
      3565      2.445e-03      
      3592      6.693e-03      
      3593      7.075e-03      
      3598      1.115e-02      
      3599      1.264e-02      
      3601      1.613e-02      
      3602      1.775e-02      
      3606      2.199e-02      
      3607      2.313e-02      
      3610      2.716e-02      
      3611      2.812e-02      
      3619      2.386e-02      
      3620      2.309e-02
3624   2.309e-02