0      0.0      
      1      0.000e+00      
      34      3.691e-03      
      35      7.083e-03      
      36      1.068e-02      
      37      1.270e-02      
      39      8.964e-03      
      40      5.383e-03      
      42      1.025e-03      
      43      3.281e-04      
      366      2.326e-03      
      367      6.029e-03      
      368      1.254e-02      
      369      2.093e-02      
      370      2.805e-02      
      372      2.641e-02      
      373      1.884e-02      
      374      1.116e-02      
      375      5.634e-03      
      399      9.440e-03      
      400      1.052e-02      
      411      1.465e-02      
      412      1.888e-02      
      413      2.437e-02      
      414      2.927e-02      
      417      2.747e-02      
      418      2.370e-02      
      422      2.390e-02      
      423      3.350e-02      
      424      5.012e-02      
      425      7.115e-02      
      426      8.879e-02      
      427      9.437e-02      
      428      8.525e-02      
      429      6.701e-02      
      430      4.846e-02      
      431      3.527e-02      
      432      2.820e-02      
      450      2.381e-02      
      451      2.240e-02      
      470      1.798e-02      
      471      1.714e-02      
      501      1.238e-02      
      502      1.143e-02      
      519      7.139e-03      
      520      6.487e-03      
      617      1.906e-03      
      618      1.068e-03      
      1067      4.856e-03      
      1068      1.110e-02      
      1069      2.021e-02      
      1070      2.938e-02      
      1071      3.421e-02      
      1072      3.201e-02      
      1073      2.424e-02      
      1074      1.497e-02      
      1075      7.623e-03      
      1076      3.234e-03      
      1077      1.152e-03      
      1205      3.041e-03      
      1206      9.147e-03      
      1207      2.190e-02      
      1208      4.194e-02      
      1209      6.490e-02      
      1210      8.251e-02      
      1211      8.848e-02      
      1212      8.308e-02      
      1213      7.127e-02      
      1214      5.787e-02      
      1215      4.530e-02      
      1216      3.435e-02      
      1217      2.538e-02      
      1218      1.858e-02      
      1219      1.382e-02      
      1220      1.067e-02      
      1228      1.410e-02      
      1229      1.565e-02      
      1287      1.138e-02      
      1288      1.041e-02      
      1293      5.832e-03      
      1294      5.254e-03      
      1390      5.463e-04      
      1391      3.665e-04      
      1987      4.848e-03      
      1988      7.655e-03      
      1993      3.255e-03      
      1994      1.400e-03      
      2096      3.605e-03      
      2097      7.114e-03      
      2098      1.116e-02      
      2099      1.405e-02      
      2101      1.196e-02      
      2102      8.277e-03      
      2103      4.777e-03      
      2104      2.304e-03      
      2195      6.860e-03      
      2196      1.448e-02      
      2197      2.550e-02      
      2198      3.859e-02      
      2199      5.144e-02      
      2200      6.070e-02      
      2201      6.238e-02      
      2202      5.447e-02      
      2203      3.960e-02      
      2204      2.371e-02      
      2205      1.166e-02      
      2206      4.730e-03      
      2408      6.223e-03      
      2409      9.615e-03      
      2410      1.256e-02      
      2411      1.536e-02      
      2412      1.971e-02      
      2413      2.665e-02      
      2414      3.439e-02      
      2417      3.112e-02      
      2418      2.279e-02      
      2419      1.552e-02      
      2420      1.048e-02      
      2422      5.880e-03      
      2423      5.151e-03      
      2492      4.916e-04      
      2493      1.832e-04      
      2566      4.852e-03      
      2567      9.473e-03      
      2568      1.470e-02      
      2572      1.237e-02      
      2573      8.986e-03      
      2580      4.271e-03      
      2581      3.694e-03      
      2947      3.885e-03      
      2948      9.963e-03      
      2949      2.016e-02      
      2950      3.226e-02      
      2951      4.087e-02      
      2952      4.102e-02      
      2953      3.264e-02      
      2954      2.061e-02      
      2955      1.032e-02      
      2956      4.096e-03      
      3141      8.181e-03      
      3142      1.203e-02      
      3147      8.444e-03      
      3148      7.191e-03      
      3154      3.217e-03      
      3155      1.611e-03      
      3347      5.442e-03      
      3348      7.505e-03      
      3351      4.912e-03      
      3352      2.684e-03      
      3394      3.633e-03      
      3395      7.788e-03      
      3396      1.371e-02      
      3397      1.979e-02      
      3400      1.798e-02      
      3401      1.176e-02      
      3402      6.358e-03      
      3403      2.853e-03      
      3404      1.066e-03      
      3550      2.211e-03      
      3551      5.984e-03      
      3552      1.289e-02      
      3553      2.214e-02      
      3554      3.046e-02      
      3556      3.026e-02      
      3557      2.222e-02      
      3558      1.353e-02      
      3559      6.917e-03      
      3560      2.997e-03      
      3561      1.103e-03
3624   1.103e-03