0      0.0      
      1      4.318e-04      
      34      3.768e-03      
      35      7.450e-03      
      36      1.167e-02      
      37      1.456e-02      
      39      1.191e-02      
      40      8.102e-03      
      41      4.770e-03      
      42      2.591e-03      
      367      6.958e-03      
      368      1.561e-02      
      369      2.793e-02      
      370      3.999e-02      
      371      4.601e-02      
      372      4.282e-02      
      373      3.261e-02      
      374      2.067e-02      
      375      1.122e-02      
      376      5.476e-03      
      397      9.752e-03      
      398      1.047e-02      
      400      1.423e-02      
      401      1.707e-02      
      412      2.126e-02      
      413      2.727e-02      
      414      3.387e-02      
      415      3.857e-02      
      417      3.631e-02      
      418      3.101e-02      
      419      2.597e-02      
      422      2.864e-02      
      423      4.205e-02      
      424      6.638e-02      
      425      9.949e-02      
      426      1.312e-01      
      427      1.473e-01      
      428      1.398e-01      
      429      1.136e-01      
      430      8.179e-02      
      431      5.589e-02      
      432      4.010e-02      
      433      3.259e-02      
      435      2.859e-02      
      436      2.783e-02      
      441      2.371e-02      
      442      2.320e-02      
      449      1.907e-02      
      450      1.815e-02      
      475      1.429e-02      
      476      1.360e-02      
      483      9.086e-03      
      484      8.411e-03      
      497      4.075e-03      
      498      3.773e-03      
      1067      5.536e-03      
      1068      1.376e-02      
      1069      2.719e-02      
      1070      4.279e-02      
      1071      5.377e-02      
      1072      5.415e-02      
      1073      4.396e-02      
      1074      2.903e-02      
      1075      1.587e-02      
      1076      7.429e-03      
      1077      3.190e-03      
      1078      1.423e-03      
      1205      2.897e-03      
      1206      9.395e-03      
      1207      2.440e-02      
      1208      5.115e-02      
      1209      8.760e-02      
      1210      1.244e-01      
      1211      1.494e-01      
      1212      1.552e-01      
      1213      1.424e-01      
      1214      1.178e-01      
      1215      8.934e-02      
      1216      6.297e-02      
      1217      4.197e-02      
      1218      2.737e-02      
      1219      1.869e-02      
      1220      1.464e-02      
      1221      1.378e-02      
      1223      1.736e-02      
      1224      2.070e-02      
      1225      2.453e-02      
      1226      2.836e-02      
      1227      3.164e-02      
      1228      3.404e-02      
      1234      3.013e-02      
      1235      2.859e-02      
      1239      2.499e-02      
      1240      2.380e-02      
      1243      1.940e-02      
      1244      1.806e-02      
      1267      1.397e-02      
      1268      1.338e-02      
      1275      8.988e-03      
      1276      8.374e-03      
      1290      3.863e-03      
      1291      3.369e-03      
      1988      7.100e-03      
      1989      9.550e-03      
      1992      7.376e-03      
      1993      4.818e-03      
      2000      2.917e-04      
      2001      1.874e-04      
      2095      2.516e-03      
      2096      6.556e-03      
      2097      1.353e-02      
      2098      2.219e-02      
      2099      2.899e-02      
      2101      2.549e-02      
      2102      1.747e-02      
      2103      9.968e-03      
      2104      4.948e-03      
      2108      4.417e-04      
      2109      2.994e-04      
      2194      2.911e-03      
      2195      8.131e-03      
      2196      1.871e-02      
      2197      3.624e-02      
      2198      6.026e-02      
      2199      8.710e-02      
      2200      1.094e-01      
      2201      1.180e-01      
      2202      1.079e-01      
      2203      8.280e-02      
      2204      5.328e-02      
      2205      2.899e-02      
      2206      1.367e-02      
      2207      5.935e-03      
      2262      1.564e-03      
      2263      1.370e-03      
      2406      2.517e-03      
      2407      6.188e-03      
      2408      1.202e-02      
      2409      1.876e-02      
      2410      2.462e-02      
      2411      2.985e-02      
      2412      3.765e-02      
      2413      5.060e-02      
      2414      6.573e-02      
      2415      7.489e-02      
      2416      7.163e-02      
      2417      5.714e-02      
      2418      3.855e-02      
      2419      2.266e-02      
      2420      1.213e-02      
      2421      6.273e-03      
      2433      9.709e-03      
      2434      1.087e-02      
      2454      6.359e-03      
      2455      6.094e-03      
      2485      1.756e-03      
      2486      1.497e-03      
      2566      5.901e-03      
      2567      1.315e-02      
      2568      2.340e-02      
      2569      3.333e-02      
      2570      3.810e-02      
      2571      3.517e-02      
      2572      2.645e-02      
      2573      1.649e-02      
      2574      8.785e-03      
      2575      4.237e-03      
      2947      3.792e-03      
      2948      9.023e-03      
      2949      1.878e-02      
      2950      3.178e-02      
      2951      4.307e-02      
      2953      4.050e-02      
      2954      2.840e-02      
      2955      1.635e-02      
      2956      8.014e-03      
      2957      3.593e-03      
      2958      1.664e-03      
      3139      3.688e-03      
      3140      8.096e-03      
      3141      1.427e-02      
      3142      2.046e-02      
      3143      2.440e-02      
      3144      2.503e-02      
      3145      2.300e-02      
      3146      1.951e-02      
      3147      1.553e-02      
      3148      1.199e-02      
      3151      8.107e-03      
      3152      7.153e-03      
      3154      3.959e-03      
      3155      2.517e-03      
      3345      4.218e-03      
      3346      9.442e-03      
      3347      1.677e-02      
      3348      2.367e-02      
      3350      2.392e-02      
      3351      1.740e-02      
      3352      1.043e-02      
      3353      5.369e-03      
      3355      1.248e-03      
      3356      6.994e-04      
      3393      2.810e-03      
      3394      6.124e-03      
      3395      1.225e-02      
      3396      2.089e-02      
      3397      2.981e-02      
      3398      3.553e-02      
      3399      3.543e-02      
      3400      2.966e-02      
      3401      2.101e-02      
      3402      1.276e-02      
      3403      6.817e-03      
      3404      3.368e-03      
      3405      1.675e-03      
      3550      4.091e-03      
      3551      1.194e-02      
      3552      2.776e-02      
      3553      5.149e-02      
      3554      7.638e-02      
      3555      9.108e-02      
      3556      8.792e-02      
      3557      6.942e-02      
      3558      4.551e-02      
      3559      2.529e-02      
      3560      1.229e-02      
      3561      5.486e-03      
      3563      1.191e-03      
      3564      7.033e-04
3624   7.033e-04