0      0.0      
      1      1.601e-03      
      34      3.541e-03      
      35      4.511e-03      
      69      2.053e-03      
      70      1.594e-03      
      366      3.235e-03      
      367      4.420e-03      
      368      6.648e-03      
      369      9.730e-03      
      370      1.264e-02      
      373      1.134e-02      
      374      9.264e-03      
      380      1.094e-02      
      381      1.204e-02      
      397      1.433e-02      
      398      1.505e-02      
      400      1.684e-02      
      401      1.790e-02      
      403      1.993e-02      
      404      2.074e-02      
      411      2.293e-02      
      412      2.633e-02      
      413      3.071e-02      
      414      3.475e-02      
      418      3.281e-02      
      419      3.140e-02      
      421      3.225e-02      
      422      3.606e-02      
      423      4.480e-02      
      424      6.023e-02      
      425      8.041e-02      
      426      9.810e-02      
      427      1.047e-01      
      428      9.736e-02      
      429      8.124e-02      
      430      6.494e-02      
      431      5.384e-02      
      432      4.826e-02      
      433      4.589e-02      
      434      4.450e-02      
      435      4.299e-02      
      436      4.122e-02      
      437      3.935e-02      
      438      3.756e-02      
      439      3.591e-02      
      440      3.448e-02      
      445      3.194e-02      
      446      3.175e-02      
      453      2.942e-02      
      454      2.882e-02      
      463      2.642e-02      
      464      2.618e-02      
      475      2.430e-02      
      476      2.340e-02      
      478      2.150e-02      
      479      2.062e-02      
      482      1.861e-02      
      483      1.804e-02      
      486      1.564e-02      
      487      1.469e-02      
      490      1.219e-02      
      491      1.152e-02      
      495      9.346e-03      
      496      8.683e-03      
      499      6.447e-03      
      500      5.963e-03      
      523      3.601e-03      
      524      3.171e-03      
      571      1.026e-03      
      572      5.749e-04      
      1066      1.404e-03      
      1067      4.135e-03      
      1068      9.636e-03      
      1069      1.777e-02      
      1070      2.593e-02      
      1071      2.998e-02      
      1072      2.748e-02      
      1073      2.005e-02      
      1074      1.170e-02      
      1075      5.536e-03      
      1076      2.183e-03      
      1205      1.984e-03      
      1206      6.094e-03      
      1207      1.493e-02      
      1208      2.941e-02      
      1209      4.709e-02      
      1210      6.245e-02      
      1211      7.037e-02      
      1212      6.953e-02      
      1213      6.219e-02      
      1214      5.178e-02      
      1215      4.108e-02      
      1216      3.187e-02      
      1217      2.505e-02      
      1218      2.083e-02      
      1222      2.297e-02      
      1223      2.532e-02      
      1224      2.727e-02      
      1225      2.865e-02      
      1227      3.046e-02      
      1228      3.168e-02      
      1229      3.346e-02      
      1230      3.560e-02      
      1231      3.762e-02      
      1232      3.904e-02      
      1236      3.704e-02      
      1237      3.567e-02      
      1239      3.356e-02      
      1240      3.293e-02      
      1247      3.084e-02      
      1248      2.990e-02      
      1254      2.752e-02      
      1255      2.731e-02      
      1259      2.517e-02      
      1260      2.440e-02      
      1263      2.188e-02      
      1264      2.098e-02      
      1266      1.896e-02      
      1267      1.792e-02      
      1270      1.541e-02      
      1271      1.471e-02      
      1277      1.268e-02      
      1278      1.201e-02      
      1280      1.019e-02      
      1281      9.154e-03      
      1284      6.602e-03      
      1285      6.154e-03      
      1291      4.173e-03      
      1292      3.553e-03      
      1338      1.037e-03      
      1339      7.253e-04      
      1986      2.462e-03      
      1987      4.883e-03      
      1988      7.948e-03      
      1989      1.053e-02      
      1991      9.624e-03      
      1992      6.584e-03      
      1993      3.621e-03      
      1994      1.634e-03      
      1995      6.351e-04      
      2096      2.944e-03      
      2097      5.872e-03      
      2098      9.300e-03      
      2099      1.176e-02      
      2100      1.194e-02      
      2101      9.822e-03      
      2102      6.605e-03      
      2103      3.688e-03      
      2104      1.759e-03      
      2105      7.588e-04      
      2194      1.270e-03      
      2195      3.469e-03      
      2196      7.874e-03      
      2197      1.526e-02      
      2198      2.581e-02      
      2199      3.833e-02      
      2200      4.935e-02      
      2201      5.388e-02      
      2202      4.897e-02      
      2203      3.678e-02      
      2204      2.310e-02      
      2205      1.278e-02      
      2206      7.200e-03      
      2213      9.611e-03      
      2214      1.040e-02      
      2252      8.286e-03      
      2253      7.509e-03      
      2269      5.168e-03      
      2270      4.578e-03      
      2279      2.178e-03      
      2280      2.009e-03      
      2409      3.801e-03      
      2410      5.235e-03      
      2411      7.126e-03      
      2412      1.048e-02      
      2413      1.575e-02      
      2414      2.161e-02      
      2415      2.532e-02      
      2416      2.494e-02      
      2417      2.102e-02      
      2418      1.590e-02      
      2419      1.172e-02      
      2420      9.269e-03      
      2421      8.374e-03      
      2424      1.069e-02      
      2425      1.208e-02      
      2426      1.346e-02      
      2427      1.474e-02      
      2434      1.730e-02      
      2435      1.746e-02      
      2441      1.544e-02      
      2442      1.486e-02      
      2446      1.254e-02      
      2447      1.214e-02      
      2453      1.433e-02      
      2454      1.507e-02      
      2465      1.330e-02      
      2466      1.202e-02      
      2477      9.713e-03      
      2478      9.328e-03      
      2483      6.863e-03      
      2484      6.584e-03      
      2490      4.403e-03      
      2491      3.723e-03      
      2532      1.180e-03      
      2533      1.102e-03      
      2566      3.024e-03      
      2567      6.041e-03      
      2568      9.623e-03      
      2569      1.235e-02      
      2571      1.146e-02      
      2572      8.948e-03      
      2573      6.728e-03      
      2574      5.444e-03      
      2628      3.066e-03      
      2629      2.749e-03      
      2644      1.990e-04      
      2645      1.538e-04      
      2947      1.450e-03      
      2948      3.895e-03      
      2949      8.284e-03      
      2950      1.396e-02      
      2951      1.862e-02      
      2953      1.651e-02      
      2954      1.102e-02      
      2955      5.902e-03      
      2956      2.597e-03      
      2960      6.679e-05      
      2961      2.750e-05      
      3140      2.027e-03      
      3141      3.733e-03      
      3142      5.521e-03      
      3143      6.675e-03      
      3153      4.158e-03      
      3154      2.469e-03      
      3395      3.525e-03      
      3396      6.666e-03      
      3397      1.016e-02      
      3401      7.912e-03      
      3402      5.479e-03      
      3425      3.279e-03      
      3426      2.782e-03      
      3431      5.102e-03      
      3432      5.727e-03      
      3440      7.686e-03      
      3441      8.470e-03      
      3450      6.324e-03      
      3451      5.651e-03      
      3470      3.565e-03      
      3471      2.955e-03      
      3478      3.906e-04      
      3479      3.248e-04      
      3551      2.250e-03      
      3552      4.864e-03      
      3553      8.393e-03      
      3554      1.160e-02      
      3556      1.160e-02      
      3557      8.541e-03      
      3558      5.241e-03      
      3559      2.813e-03      
      3560      1.530e-03      
      3567      3.977e-03      
      3568      4.282e-03      
      3575      2.028e-03      
      3576      1.571e-03
3624   1.571e-03