0      0.0      
      1      0.000e+00      
      369      4.961e-03      
      370      8.686e-03      
      371      1.242e-02      
      372      1.471e-02      
      375      1.117e-02      
      376      9.230e-03      
      378      5.739e-03      
      379      4.072e-03      
      400      7.502e-03      
      401      9.755e-03      
      405      6.285e-03      
      406      3.932e-03      
      413      5.432e-03      
      414      1.193e-02      
      415      2.146e-02      
      416      3.118e-02      
      417      3.664e-02      
      418      3.522e-02      
      419      2.837e-02      
      420      1.999e-02      
      421      1.321e-02      
      422      9.178e-03      
      423      8.197e-03      
      424      1.114e-02      
      425      1.942e-02      
      426      3.307e-02      
      427      4.844e-02      
      428      5.895e-02      
      429      5.948e-02      
      430      5.045e-02      
      431      3.697e-02      
      432      2.444e-02      
      433      1.544e-02      
      434      9.887e-03      
      435      6.661e-03      
      436      4.760e-03      
      446      6.840e-04      
      447      5.885e-04      
      1067      3.941e-03      
      1068      1.189e-02      
      1069      2.842e-02      
      1070      5.397e-02      
      1071      8.175e-02      
      1072      9.953e-02      
      1073      9.865e-02      
      1074      8.132e-02      
      1075      5.766e-02      
      1076      3.694e-02      
      1077      2.273e-02      
      1078      1.419e-02      
      1079      9.303e-03      
      1080      6.444e-03      
      1081      4.687e-03      
      1092      5.885e-04      
      1093      5.113e-04      
      1206      2.481e-03      
      1207      8.020e-03      
      1208      2.055e-02      
      1209      4.213e-02      
      1210      7.003e-02      
      1211      9.639e-02      
      1212      1.132e-01      
      1213      1.177e-01      
      1214      1.120e-01      
      1215      9.978e-02      
      1216      8.365e-02      
      1217      6.610e-02      
      1218      4.956e-02      
      1219      3.570e-02      
      1220      2.504e-02      
      1221      1.724e-02      
      1222      1.170e-02      
      1223      7.857e-03      
      1224      5.302e-03      
      1230      1.188e-03      
      1231      1.007e-03      
      1578      5.005e-03      
      1579      6.366e-03      
      1585      2.250e-03      
      1586      1.817e-03      
      1990      3.796e-03      
      1991      1.006e-02      
      1992      2.123e-02      
      1993      3.578e-02      
      1994      4.848e-02      
      1995      5.328e-02      
      1996      4.820e-02      
      1997      3.684e-02      
      1998      2.481e-02      
      1999      1.568e-02      
      2000      9.962e-03      
      2001      6.674e-03      
      2002      4.760e-03      
      2012      6.840e-04      
      2013      5.885e-04      
      2096      3.370e-03      
      2097      7.816e-03      
      2098      1.441e-02      
      2099      2.121e-02      
      2102      1.959e-02      
      2103      1.377e-02      
      2104      8.940e-03      
      2105      5.735e-03      
      2106      3.840e-03      
      2195      4.989e-03      
      2196      1.473e-02      
      2197      3.504e-02      
      2198      6.774e-02      
      2199      1.077e-01      
      2200      1.433e-01      
      2201      1.631e-01      
      2202      1.621e-01      
      2203      1.431e-01      
      2204      1.129e-01      
      2205      7.998e-02      
      2206      5.148e-02      
      2207      3.100e-02      
      2208      1.829e-02      
      2209      1.116e-02      
      2210      7.278e-03      
      2211      5.093e-03      
      2218      1.050e-03      
      2219      9.060e-04      
      2407      3.962e-03      
      2408      9.533e-03      
      2409      1.837e-02      
      2410      2.892e-02      
      2411      3.887e-02      
      2412      4.845e-02      
      2413      6.146e-02      
      2414      8.095e-02      
      2415      1.038e-01      
      2416      1.215e-01      
      2417      1.271e-01      
      2418      1.199e-01      
      2419      1.033e-01      
      2420      8.183e-02      
      2421      5.933e-02      
      2422      3.947e-02      
      2423      2.462e-02      
      2424      1.500e-02      
      2425      9.402e-03      
      2426      6.272e-03      
      2427      4.466e-03      
      2447      3.232e-04      
      2448      2.499e-04      
      2567      3.213e-03      
      2568      5.702e-03      
      2583      1.617e-03      
      2584      1.280e-03      
      2948      2.119e-03      
      2949      5.752e-03      
      2950      1.245e-02      
      2951      2.156e-02      
      2952      3.008e-02      
      2954      3.193e-02      
      2955      2.537e-02      
      2956      1.786e-02      
      2957      1.186e-02      
      2958      7.899e-03      
      2959      5.489e-03      
      2964      1.506e-03      
      2965      1.244e-03      
      3140      3.737e-03      
      3141      6.082e-03      
      3148      1.022e-02      
      3149      1.713e-02      
      3150      2.515e-02      
      3151      3.054e-02      
      3152      3.053e-02      
      3153      2.559e-02      
      3154      1.869e-02      
      3155      1.262e-02      
      3156      8.412e-03      
      3157      5.817e-03      
      3158      4.231e-03      
      3180      9.343e-05      
      3181      4.302e-05      
      3394      1.917e-03      
      3395      5.407e-03      
      3396      1.388e-02      
      3397      3.166e-02      
      3398      6.236e-02      
      3399      1.038e-01      
      3400      1.445e-01      
      3401      1.676e-01      
      3402      1.630e-01      
      3403      1.347e-01      
      3404      9.688e-02      
      3405      6.265e-02      
      3406      3.801e-02      
      3407      2.265e-02      
      3408      1.384e-02      
      3409      8.925e-03      
      3410      6.120e-03      
      3411      4.428e-03      
      3430      3.232e-04      
      3431      2.499e-04      
      3550      1.236e-03      
      3551      5.183e-03      
      3552      1.717e-02      
      3553      4.514e-02      
      3554      9.470e-02      
      3555      1.595e-01      
      3556      2.176e-01      
      3557      2.433e-01      
      3558      2.271e-01      
      3559      1.812e-01      
      3560      1.277e-01      
      3561      8.272e-02      
      3562      5.113e-02      
      3563      3.117e-02      
      3564      1.922e-02      
      3565      1.224e-02      
      3566      8.173e-03      
      3567      5.739e-03      
      3572      1.670e-03      
      3573      1.403e-03
3624   1.403e-03