0      0.0      
      1      0.000e+00      
      35      3.893e-03      
      36      8.571e-03      
      37      1.540e-02      
      38      2.242e-02      
      41      2.023e-02      
      42      1.380e-02      
      43      8.537e-03      
      44      5.160e-03      
      371      8.496e-03      
      372      1.150e-02      
      376      6.480e-03      
      377      4.295e-03      
      413      5.562e-03      
      414      1.278e-02      
      415      2.399e-02      
      416      3.598e-02      
      417      4.298e-02      
      418      4.121e-02      
      419      3.226e-02      
      420      2.130e-02      
      421      1.260e-02      
      422      7.590e-03      
      423      6.202e-03      
      424      9.085e-03      
      425      1.812e-02      
      426      3.431e-02      
      427      5.434e-02      
      428      6.987e-02      
      429      7.280e-02      
      430      6.199e-02      
      431      4.391e-02      
      432      2.673e-02      
      433      1.478e-02      
      434      8.075e-03      
      442      1.217e-02      
      443      1.559e-02      
      444      1.945e-02      
      445      2.377e-02      
      446      2.840e-02      
      447      3.293e-02      
      448      3.677e-02      
      449      3.951e-02      
      452      4.365e-02      
      453      4.522e-02      
      455      4.963e-02      
      456      5.206e-02      
      458      5.664e-02      
      459      5.899e-02      
      461      6.404e-02      
      462      6.636e-02      
      466      7.112e-02      
      467      7.195e-02      
      488      6.752e-02      
      489      6.626e-02      
      491      6.229e-02      
      492      5.990e-02      
      494      5.495e-02      
      495      5.253e-02      
      497      4.837e-02      
      498      4.665e-02      
      500      4.297e-02      
      501      4.080e-02      
      504      3.566e-02      
      505      3.500e-02      
      513      3.031e-02      
      514      2.920e-02      
      518      2.380e-02      
      519      2.176e-02      
      521      1.745e-02      
      522      1.570e-02      
      555      1.078e-02      
      556      9.704e-03      
      644      4.967e-03      
      645      3.910e-03      
      1067      4.634e-03      
      1068      1.336e-02      
      1069      3.208e-02      
      1070      6.153e-02      
      1071      9.356e-02      
      1072      1.130e-01      
      1073      1.094e-01      
      1074      8.597e-02      
      1075      5.624e-02      
      1076      3.189e-02      
      1077      1.670e-02      
      1078      8.758e-03      
      1079      4.945e-03      
      1080      3.094e-03      
      1206      3.814e-03      
      1207      1.101e-02      
      1208      2.706e-02      
      1209      5.398e-02      
      1210      8.701e-02      
      1211      1.146e-01      
      1212      1.260e-01      
      1213      1.190e-01      
      1214      9.970e-02      
      1215      7.607e-02      
      1216      5.363e-02      
      1217      3.521e-02      
      1218      2.179e-02      
      1219      1.302e-02      
      1220      7.729e-03      
      1221      4.688e-03      
      1237      9.683e-03      
      1238      1.140e-02      
      1241      1.629e-02      
      1242      1.784e-02      
      1244      2.129e-02      
      1245      2.341e-02      
      1247      2.804e-02      
      1248      3.027e-02      
      1250      3.479e-02      
      1251      3.722e-02      
      1253      4.158e-02      
      1254      4.311e-02      
      1261      4.830e-02      
      1262      4.941e-02      
      1288      4.506e-02      
      1289      4.294e-02      
      1291      3.864e-02      
      1292      3.666e-02      
      1313      3.125e-02      
      1314      2.954e-02      
      1316      2.499e-02      
      1317      2.280e-02      
      1322      1.757e-02      
      1323      1.716e-02      
      1337      1.172e-02      
      1338      1.058e-02      
      1433      5.468e-03      
      1434      4.467e-03      
      1576      9.455e-03      
      1577      1.246e-02      
      1582      8.744e-03      
      1583      6.338e-03      
      1604      6.329e-03      
      1605      1.225e-02      
      1606      2.003e-02      
      1607      2.679e-02      
      1610      2.152e-02      
      1611      1.587e-02      
      1612      1.174e-02      
      1613      9.310e-03      
      1665      3.758e-03      
      1666      2.912e-03      
      1990      4.688e-03      
      1991      1.169e-02      
      1992      2.442e-02      
      1993      4.136e-02      
      1994      5.640e-02      
      1995      6.206e-02      
      1996      5.554e-02      
      1997      4.109e-02      
      1998      2.588e-02      
      1999      1.461e-02      
      2000      7.994e-03      
      2002      2.937e-03      
      2003      2.057e-03      
      2096      6.968e-03      
      2097      1.621e-02      
      2098      3.054e-02      
      2099      4.577e-02      
      2100      5.463e-02      
      2101      5.255e-02      
      2102      4.184e-02      
      2103      2.894e-02      
      2104      1.865e-02      
      2105      1.192e-02      
      2106      7.722e-03      
      2107      5.026e-03      
      2194      7.044e-03      
      2195      2.064e-02      
      2196      5.111e-02      
      2197      1.045e-01      
      2198      1.760e-01      
      2199      2.458e-01      
      2200      2.894e-01      
      2201      2.944e-01      
      2202      2.668e-01      
      2203      2.200e-01      
      2204      1.655e-01      
      2205      1.123e-01      
      2206      6.827e-02      
      2207      3.777e-02      
      2208      1.992e-02      
      2209      1.089e-02      
      2215      1.389e-02      
      2216      1.866e-02      
      2217      2.437e-02      
      2218      3.072e-02      
      2219      3.734e-02      
      2220      4.392e-02      
      2221      5.018e-02      
      2222      5.586e-02      
      2223      6.070e-02      
      2224      6.467e-02      
      2225      6.807e-02      
      2226      7.136e-02      
      2227      7.501e-02      
      2228      7.935e-02      
      2229      8.437e-02      
      2230      8.970e-02      
      2231      9.483e-02      
      2232      9.937e-02      
      2233      1.032e-01      
      2234      1.065e-01      
      2236      1.119e-01      
      2237      1.141e-01      
      2249      1.098e-01      
      2250      1.054e-01      
      2251      1.010e-01      
      2252      9.737e-02      
      2254      9.272e-02      
      2255      9.149e-02      
      2258      8.745e-02      
      2259      8.523e-02      
      2261      8.045e-02      
      2262      7.829e-02      
      2264      7.421e-02      
      2265      7.182e-02      
      2266      6.903e-02      
      2267      6.607e-02      
      2269      6.058e-02      
      2270      5.801e-02      
      2271      5.524e-02      
      2272      5.219e-02      
      2273      4.904e-02      
      2274      4.612e-02      
      2277      4.067e-02      
      2278      3.983e-02      
      2293      3.513e-02      
      2294      3.397e-02      
      2297      2.967e-02      
      2298      2.837e-02      
      2311      2.318e-02      
      2312      2.183e-02      
      2317      1.647e-02      
      2318      1.607e-02      
      2346      1.128e-02      
      2347      1.044e-02      
      2394      5.083e-03      
      2395      4.806e-03      
      2405      9.540e-03      
      2406      1.226e-02      
      2407      2.054e-02      
      2408      3.867e-02      
      2409      6.761e-02      
      2410      1.001e-01      
      2411      1.230e-01      
      2413      1.185e-01      
      2414      1.059e-01      
      2415      9.554e-02      
      2416      8.576e-02      
      2417      7.387e-02      
      2418      6.030e-02      
      2419      4.701e-02      
      2420      3.525e-02      
      2421      2.551e-02      
      2422      1.819e-02      
      2423      1.345e-02      
      2424      1.090e-02      
      2430      1.568e-02      
      2431      1.803e-02      
      2433      2.248e-02      
      2434      2.466e-02      
      2436      2.953e-02      
      2437      3.220e-02      
      2440      3.774e-02      
      2441      3.804e-02      
      2446      4.182e-02      
      2447      4.411e-02      
      2449      4.907e-02      
      2450      5.137e-02      
      2452      5.532e-02      
      2453      5.704e-02      
      2466      5.255e-02      
      2467      5.066e-02      
      2477      4.532e-02      
      2478      4.495e-02      
      2486      4.001e-02      
      2487      3.859e-02      
      2490      3.310e-02      
      2491      3.162e-02      
      2504      2.647e-02      
      2505      2.533e-02      
      2511      2.039e-02      
      2512      1.926e-02      
      2534      1.376e-02      
      2535      1.300e-02      
      2544      1.738e-02      
      2545      1.927e-02      
      2555      1.373e-02      
      2556      1.351e-02      
      2567      1.544e-02      
      2568      2.050e-02      
      2569      2.642e-02      
      2570      3.103e-02      
      2571      3.222e-02      
      2572      2.962e-02      
      2573      2.494e-02      
      2574      2.063e-02      
      2575      1.836e-02      
      2632      1.302e-02      
      2633      1.237e-02      
      2653      7.573e-03      
      2654      6.712e-03      
      2660      1.197e-03      
      2661      9.676e-04      
      3138      2.999e-03      
      3139      6.967e-03      
      3140      1.392e-02      
      3141      2.276e-02      
      3142      3.016e-02      
      3144      2.913e-02      
      3145      2.237e-02      
      3146      1.575e-02      
      3153      1.133e-02      
      3154      7.736e-03      
      3156      3.108e-03      
      3157      2.114e-03      
      3346      4.309e-03      
      3347      8.253e-03      
      3348      1.307e-02      
      3349      1.674e-02      
      3351      1.444e-02      
      3352      9.965e-03      
      3353      5.924e-03      
      3354      3.297e-03      
      3394      7.321e-03      
      3395      1.171e-02      
      3396      1.681e-02      
      3397      2.389e-02      
      3398      3.562e-02      
      3399      5.257e-02      
      3400      6.953e-02      
      3401      7.747e-02      
      3402      7.118e-02      
      3403      5.407e-02      
      3404      3.470e-02      
      3405      1.963e-02      
      3406      1.051e-02      
      3407      5.803e-03      
      3408      3.524e-03      
      3550      7.995e-03      
      3551      2.623e-02      
      3552      7.250e-02      
      3553      1.637e-01      
      3554      3.000e-01      
      3555      4.455e-01      
      3556      5.376e-01      
      3557      5.300e-01      
      3558      4.309e-01      
      3559      2.934e-01      
      3560      1.717e-01      
      3561      8.987e-02      
      3562      4.486e-02      
      3563      2.363e-02      
      3564      1.507e-02      
      3568      1.958e-02      
      3569      2.374e-02      
      3570      2.857e-02      
      3571      3.412e-02      
      3572      4.034e-02      
      3573      4.696e-02      
      3574      5.363e-02      
      3575      6.011e-02      
      3576      6.643e-02      
      3577      7.282e-02      
      3578      7.957e-02      
      3579      8.692e-02      
      3580      9.492e-02      
      3581      1.033e-01      
      3582      1.116e-01      
      3583      1.192e-01      
      3584      1.257e-01      
      3585      1.308e-01      
      3586      1.347e-01      
      3593      1.321e-01      
      3594      1.282e-01      
      3595      1.240e-01      
      3596      1.200e-01      
      3597      1.164e-01      
      3598      1.137e-01      
      3604      1.085e-01      
      3605      1.080e-01      
      3608      1.039e-01      
      3609      1.018e-01      
      3611      9.708e-02      
      3612      9.475e-02      
      3614      8.951e-02      
      3615      8.616e-02      
      3616      8.224e-02      
      3617      7.799e-02      
      3618      7.380e-02      
      3619      7.004e-02      
      3621      6.459e-02      
      3622      6.291e-02
3624   6.291e-02