0      0.0      
      1      0.000e+00      
      35      3.408e-03      
      36      5.256e-03      
      39      4.645e-03      
      40      2.783e-03      
      41      1.319e-03      
      42      4.947e-04      
      367      2.548e-03      
      368      5.913e-03      
      369      1.090e-02      
      370      1.598e-02      
      371      1.875e-02      
      372      1.771e-02      
      373      1.358e-02      
      374      8.515e-03      
      375      4.395e-03      
      376      1.871e-03      
      399      2.323e-03      
      400      4.189e-03      
      401      6.013e-03      
      402      6.908e-03      
      404      4.844e-03      
      405      3.020e-03      
      406      1.565e-03      
      407      6.762e-04      
      412      2.282e-03      
      413      5.572e-03      
      414      1.108e-02      
      415      1.786e-02      
      416      2.321e-02      
      417      2.414e-02      
      418      1.999e-02      
      419      1.314e-02      
      420      7.058e-03      
      421      4.050e-03      
      422      5.452e-03      
      423      1.307e-02      
      424      2.904e-02      
      425      5.281e-02      
      426      7.787e-02      
      427      9.332e-02      
      428      9.115e-02      
      429      7.276e-02      
      430      4.763e-02      
      431      2.566e-02      
      432      1.143e-02      
      433      4.230e-03      
      434      1.310e-03      
      1066      1.534e-03      
      1067      4.969e-03      
      1068      1.278e-02      
      1069      2.614e-02      
      1070      4.252e-02      
      1071      5.504e-02      
      1072      5.671e-02      
      1073      4.652e-02      
      1074      3.038e-02      
      1075      1.579e-02      
      1076      6.532e-03      
      1077      2.150e-03      
      1205      3.316e-03      
      1206      1.080e-02      
      1207      2.810e-02      
      1208      5.881e-02      
      1209      1.000e-01      
      1210      1.402e-01      
      1211      1.650e-01      
      1212      1.670e-01      
      1213      1.496e-01      
      1214      1.218e-01      
      1215      9.215e-02      
      1216      6.536e-02      
      1217      4.351e-02      
      1218      2.714e-02      
      1219      1.587e-02      
      1220      8.746e-03      
      1221      4.542e-03      
      1222      2.198e-03      
      1987      2.914e-03      
      1988      4.685e-03      
      1989      6.216e-03      
      1990      6.991e-03      
      1996      6.657e-03      
      1997      4.139e-03      
      1998      2.041e-03      
      1999      7.947e-04      
      2095      1.693e-03      
      2096      4.658e-03      
      2097      1.015e-02      
      2098      1.753e-02      
      2099      2.398e-02      
      2101      2.231e-02      
      2102      1.519e-02      
      2103      8.226e-03      
      2104      3.553e-03      
      2105      1.230e-03      
      2195      3.285e-03      
      2196      9.411e-03      
      2197      2.231e-02      
      2198      4.409e-02      
      2199      7.303e-02      
      2200      1.015e-01      
      2201      1.185e-01      
      2202      1.157e-01      
      2203      9.435e-02      
      2204      6.400e-02      
      2205      3.596e-02      
      2206      1.666e-02      
      2207      6.325e-03      
      2208      1.958e-03      
      2405      1.754e-03      
      2406      5.528e-03      
      2407      1.367e-02      
      2408      2.663e-02      
      2409      4.138e-02      
      2410      5.300e-02      
      2411      6.074e-02      
      2412      7.130e-02      
      2413      9.211e-02      
      2414      1.198e-01      
      2415      1.389e-01      
      2416      1.354e-01      
      2417      1.098e-01      
      2418      7.520e-02      
      2419      4.483e-02      
      2420      2.391e-02      
      2421      1.150e-02      
      2422      4.891e-03      
      2423      1.780e-03      
      2566      3.523e-03      
      2567      8.133e-03      
      2568      1.487e-02      
      2569      2.153e-02      
      2570      2.470e-02      
      2571      2.248e-02      
      2572      1.624e-02      
      2573      9.340e-03      
      2574      4.284e-03      
      2575      1.572e-03      
      2947      2.455e-03      
      2948      6.828e-03      
      2949      1.540e-02      
      2950      2.744e-02      
      2951      3.852e-02      
      2952      4.256e-02      
      2953      3.695e-02      
      2954      2.521e-02      
      2955      1.351e-02      
      2956      5.688e-03      
      2957      1.882e-03      
      3138      2.170e-03      
      3139      6.041e-03      
      3140      1.332e-02      
      3141      2.332e-02      
      3142      3.255e-02      
      3143      3.662e-02      
      3144      3.396e-02      
      3145      2.690e-02      
      3146      1.916e-02      
      3147      1.311e-02      
      3148      9.640e-03      
      3153      7.662e-03      
      3154      5.001e-03      
      3155      2.712e-03      
      3156      1.219e-03      
      3157      4.496e-04      
      3345      2.071e-03      
      3346      4.752e-03      
      3347      8.577e-03      
      3348      1.216e-02      
      3350      1.181e-02      
      3351      8.082e-03      
      3352      4.334e-03      
      3353      1.822e-03      
      3393      2.387e-03      
      3394      5.669e-03      
      3395      1.144e-02      
      3396      1.960e-02      
      3397      2.884e-02      
      3398      3.680e-02      
      3399      4.088e-02      
      3400      3.938e-02      
      3401      3.255e-02      
      3402      2.277e-02      
      3403      1.328e-02      
      3404      6.368e-03      
      3405      2.483e-03      
      3406      7.809e-04      
      3407      1.967e-04      
      3549      6.545e-04      
      3550      2.664e-03      
      3551      8.546e-03      
      3552      2.167e-02      
      3553      4.362e-02      
      3554      6.999e-02      
      3555      9.006e-02      
      3556      9.359e-02      
      3557      7.913e-02      
      3558      5.487e-02      
      3559      3.143e-02      
      3560      1.497e-02      
      3561      5.954e-03      
      3562      1.983e-03
3624   1.983e-03