0      0.0      
      1      0.000e+00      
      424      3.214e-03      
      425      6.533e-03      
      426      1.067e-02      
      427      1.399e-02      
      428      1.476e-02      
      429      1.253e-02      
      430      8.604e-03      
      431      4.831e-03      
      432      2.267e-03      
      433      9.263e-04      
      1068      3.850e-03      
      1069      8.500e-03      
      1070      1.488e-02      
      1071      2.064e-02      
      1073      1.989e-02      
      1074      1.388e-02      
      1075      7.802e-03      
      1076      3.605e-03      
      1078      5.422e-04      
      1079      2.155e-04      
      1206      2.933e-03      
      1207      7.779e-03      
      1208      1.649e-02      
      1209      2.813e-02      
      1210      3.902e-02      
      1211      4.460e-02      
      1212      4.289e-02      
      1213      3.564e-02      
      1214      2.640e-02      
      1215      1.787e-02      
      1216      1.115e-02      
      1217      6.371e-03      
      1218      3.325e-03      
      1219      1.637e-03      
      1226      4.956e-03      
      1227      7.167e-03      
      1228      9.698e-03      
      1229      1.243e-02      
      1230      1.528e-02      
      1231      1.823e-02      
      1232      2.128e-02      
      1233      2.444e-02      
      1234      2.769e-02      
      1235      3.098e-02      
      1236      3.423e-02      
      1237      3.727e-02      
      1238      3.991e-02      
      1239      4.192e-02      
      1263      3.863e-02      
      1264      3.724e-02      
      1266      3.446e-02      
      1267      3.307e-02      
      1269      3.019e-02      
      1270      2.860e-02      
      1272      2.529e-02      
      1273      2.394e-02      
      1278      2.061e-02      
      1279      2.006e-02      
      1290      1.693e-02      
      1291      1.599e-02      
      1294      1.279e-02      
      1295      1.218e-02      
      1316      9.213e-03      
      1317      8.535e-03      
      1328      5.235e-03      
      1329      4.557e-03      
      1387      1.334e-03      
      1388      7.474e-04      
      1992      3.317e-03      
      1993      5.010e-03      
      1998      2.022e-03      
      1999      9.375e-04      
      2098      3.418e-03      
      2099      4.853e-03      
      2103      1.980e-03      
      2104      9.459e-04      
      2195      2.133e-03      
      2196      5.268e-03      
      2197      1.096e-02      
      2198      1.943e-02      
      2199      2.956e-02      
      2200      3.870e-02      
      2201      4.346e-02      
      2202      4.162e-02      
      2203      3.374e-02      
      2204      2.299e-02      
      2205      1.313e-02      
      2206      6.300e-03      
      2207      2.591e-03      
      2225      5.583e-03      
      2226      6.337e-03      
      2228      8.449e-03      
      2229      9.800e-03      
      2231      1.270e-02      
      2232      1.414e-02      
      2234      1.665e-02      
      2235      1.756e-02      
      2267      1.509e-02      
      2268      1.365e-02      
      2270      1.092e-02      
      2271      9.970e-03      
      2276      7.022e-03      
      2277      6.323e-03      
      2320      3.205e-03      
      2321      2.989e-03      
      2407      3.797e-03      
      2408      7.599e-03      
      2409      1.219e-02      
      2410      1.622e-02      
      2411      1.929e-02      
      2412      2.312e-02      
      2413      2.976e-02      
      2414      3.808e-02      
      2415      4.328e-02      
      2416      4.109e-02      
      2417      3.204e-02      
      2418      2.069e-02      
      2419      1.136e-02      
      2420      5.534e-03      
      2421      2.514e-03      
      2422      1.117e-03      
      2429      3.456e-03      
      2430      4.848e-03      
      2432      8.042e-03      
      2433      9.841e-03      
      2434      1.174e-02      
      2435      1.371e-02      
      2436      1.570e-02      
      2437      1.761e-02      
      2439      2.067e-02      
      2440      2.163e-02      
      2445      2.428e-02      
      2446      2.513e-02      
      2449      2.802e-02      
      2450      2.861e-02      
      2464      2.606e-02      
      2465      2.476e-02      
      2467      2.206e-02      
      2468      2.083e-02      
      2471      1.806e-02      
      2472      1.744e-02      
      2483      1.411e-02      
      2484      1.392e-02      
      2488      1.079e-02      
      2489      9.728e-03      
      2509      6.607e-03      
      2510      5.977e-03      
      2538      2.991e-03      
      2539      2.594e-03      
      2567      5.441e-03      
      2568      1.006e-02      
      2569      1.471e-02      
      2572      1.166e-02      
      2573      7.014e-03      
      2574      3.562e-03      
      2582      3.060e-04      
      2583      1.192e-04      
      2598      3.410e-03      
      2599      3.480e-03      
      2652      3.441e-04      
      2653      1.283e-04      
      2949      2.712e-03      
      2950      5.116e-03      
      2951      7.561e-03      
      2952      8.774e-03      
      2954      5.853e-03      
      2955      3.448e-03      
      2959      1.163e-04      
      2960      4.349e-05      
      3143      2.495e-03      
      3144      3.379e-03      
      3155      8.395e-05      
      3156      3.736e-05      
      3398      3.345e-03      
      3399      5.657e-03      
      3404      2.674e-03      
      3405      1.274e-03      
      3551      3.103e-03      
      3552      7.551e-03      
      3553      1.465e-02      
      3554      2.275e-02      
      3555      2.842e-02      
      3556      2.873e-02      
      3557      2.369e-02      
      3558      1.607e-02      
      3559      9.063e-03      
      3560      4.329e-03      
      3561      1.813e-03      
      3562      7.077e-04      
      3600      4.004e-03      
      3601      4.300e-03
3624   4.300e-03