0      0.0      
      1      0.000e+00      
      368      1.447e-02      
      369      2.333e-02      
      373      1.948e-02      
      374      1.208e-02      
      376      3.480e-03      
      377      1.787e-03      
      403      1.113e-02      
      404      1.401e-02      
      410      2.209e-02      
      411      2.929e-02      
      412      4.017e-02      
      413      5.067e-02      
      416      4.445e-02      
      417      3.546e-02      
      419      2.589e-02      
      420      2.546e-02      
      422      3.337e-02      
      423      4.458e-02      
      424      6.130e-02      
      425      7.933e-02      
      426      9.108e-02      
      427      9.076e-02      
      428      7.918e-02      
      429      6.276e-02      
      430      4.821e-02      
      431      3.871e-02      
      432      3.399e-02      
      468      2.511e-02      
      469      2.182e-02      
      474      1.192e-02      
      475      1.063e-02      
      501      7.057e-04      
      502      4.392e-04      
      1068      9.863e-03      
      1069      1.835e-02      
      1070      2.727e-02      
      1071      3.245e-02      
      1073      2.413e-02      
      1074      1.542e-02      
      1075      8.317e-03      
      1076      3.950e-03      
      1206      1.296e-02      
      1207      2.954e-02      
      1208      5.514e-02      
      1209      8.565e-02      
      1210      1.132e-01      
      1211      1.305e-01      
      1213      1.262e-01      
      1214      1.079e-01      
      1215      8.428e-02      
      1216      6.049e-02      
      1217      4.046e-02      
      1218      2.588e-02      
      1219      1.667e-02      
      1220      1.206e-02      
      1223      1.716e-02      
      1224      2.273e-02      
      1225      2.923e-02      
      1226      3.587e-02      
      1227      4.179e-02      
      1228      4.634e-02      
      1250      3.642e-02      
      1251      3.601e-02      
      1262      2.742e-02      
      1263      2.456e-02      
      1265      1.661e-02      
      1266      1.261e-02      
      1288      2.627e-03      
      1289      2.076e-03      
      1991      1.118e-02      
      1992      1.247e-02      
      1998      3.327e-03      
      1999      1.852e-03      
      2196      9.148e-03      
      2197      2.061e-02      
      2198      3.992e-02      
      2199      6.590e-02      
      2200      9.157e-02      
      2201      1.057e-01      
      2202      1.006e-01      
      2203      7.838e-02      
      2204      5.007e-02      
      2205      2.645e-02      
      2206      1.184e-02      
      2207      4.728e-03      
      2208      1.835e-03      
      2409      8.597e-03      
      2410      1.303e-02      
      2411      2.032e-02      
      2412      3.317e-02      
      2413      5.139e-02      
      2414      6.859e-02      
      2416      6.699e-02      
      2417      4.859e-02      
      2418      2.923e-02      
      2419      1.505e-02      
      2420      6.953e-03      
      2421      3.058e-03      
      2436      1.286e-02      
      2437      1.461e-02      
      2469      5.320e-03      
      2470      4.485e-03      
      2568      7.829e-03      
      2569      1.722e-02      
      2570      3.040e-02      
      2571      4.319e-02      
      2574      3.487e-02      
      2575      2.182e-02      
      2576      1.154e-02      
      2578      2.482e-03      
      2579      1.258e-03      
      2947      1.012e-02      
      2948      2.471e-02      
      2949      4.726e-02      
      2950      7.091e-02      
      2951      8.366e-02      
      2952      7.792e-02      
      2953      5.762e-02      
      2954      3.420e-02      
      2955      1.664e-02      
      2956      6.939e-03      
      2957      2.717e-03      
      3141      1.196e-02      
      3142      2.930e-02      
      3143      5.632e-02      
      3144      8.513e-02      
      3145      1.018e-01      
      3146      9.728e-02      
      3147      7.626e-02      
      3148      5.196e-02      
      3149      3.414e-02      
      3150      2.376e-02      
      3151      1.712e-02      
      3152      1.159e-02      
      3155      1.877e-03      
      3156      9.607e-04      
      3345      6.419e-03      
      3346      1.258e-02      
      3347      1.949e-02      
      3348      2.398e-02      
      3350      1.881e-02      
      3351      1.238e-02      
      3353      3.542e-03      
      3354      1.771e-03      
      3395      8.520e-03      
      3396      1.273e-02      
      3403      3.190e-03      
      3404      1.509e-03      
      3552      7.036e-03      
      3553      1.304e-02      
      3554      2.050e-02      
      3555      2.748e-02      
      3558      2.442e-02      
      3559      1.654e-02      
      3560      9.459e-03      
      3561      4.673e-03
3624   4.673e-03