0      0.0      
      1      0.000e+00      
      412      1.308e-03      
      413      3.950e-03      
      414      9.385e-03      
      415      1.752e-02      
      416      2.572e-02      
      417      2.971e-02      
      418      2.705e-02      
      419      1.945e-02      
      420      1.109e-02      
      421      5.098e-03      
      424      4.636e-03      
      425      1.110e-02      
      426      2.167e-02      
      427      3.382e-02      
      428      4.224e-02      
      429      4.238e-02      
      430      3.429e-02      
      431      2.250e-02      
      432      1.204e-02      
      433      5.282e-03      
      434      1.911e-03      
      1068      2.775e-03      
      1069      6.989e-03      
      1070      1.392e-02      
      1071      2.202e-02      
      1072      2.783e-02      
      1073      2.829e-02      
      1074      2.327e-02      
      1075      1.561e-02      
      1076      8.568e-03      
      1077      3.861e-03      
      1078      1.427e-03      
      1079      4.317e-04      
      1206      1.288e-03      
      1207      4.101e-03      
      1208      1.042e-02      
      1209      2.134e-02      
      1210      3.586e-02      
      1211      5.068e-02      
      1212      6.236e-02      
      1213      6.918e-02      
      1215      6.774e-02      
      1216      6.008e-02      
      1217      4.939e-02      
      1218      3.776e-02      
      1219      2.697e-02      
      1220      1.800e-02      
      1221      1.114e-02      
      1222      6.304e-03      
      1223      3.204e-03      
      1224      1.434e-03      
      1993      3.658e-03      
      1994      5.741e-03      
      1998      3.307e-03      
      1999      1.602e-03      
      2097      2.348e-03      
      2098      4.895e-03      
      2099      8.222e-03      
      2100      1.124e-02      
      2101      1.268e-02      
      2102      1.195e-02      
      2103      9.510e-03      
      2104      6.428e-03      
      2105      3.682e-03      
      2107      7.088e-04      
      2108      2.328e-04      
      2195      2.659e-03      
      2196      7.940e-03      
      2197      1.912e-02      
      2198      3.744e-02      
      2199      6.041e-02      
      2200      8.170e-02      
      2201      9.452e-02      
      2202      9.531e-02      
      2203      8.467e-02      
      2204      6.631e-02      
      2205      4.549e-02      
      2206      2.711e-02      
      2207      1.394e-02      
      2208      6.130e-03      
      2209      2.285e-03      
      2412      2.461e-03      
      2413      6.186e-03      
      2414      1.242e-02      
      2415      2.025e-02      
      2416      2.751e-02      
      2417      3.223e-02      
      2419      3.196e-02      
      2420      2.735e-02      
      2421      2.072e-02      
      2422      1.369e-02      
      2423      7.837e-03      
      2424      3.887e-03      
      2425      1.669e-03      
      2426      6.171e-04      
      2951      2.700e-03      
      2952      4.263e-03      
      2957      1.231e-03      
      2958      4.744e-04      
      3395      2.572e-03      
      3396      6.875e-03      
      3397      1.593e-02      
      3398      3.157e-02      
      3399      5.277e-02      
      3400      7.366e-02      
      3401      8.538e-02      
      3402      8.218e-02      
      3403      6.601e-02      
      3404      4.463e-02      
      3405      2.569e-02      
      3406      1.271e-02      
      3407      5.430e-03      
      3408      1.994e-03      
      3551      1.764e-03      
      3552      5.734e-03      
      3553      1.472e-02      
      3554      2.998e-02      
      3555      4.863e-02      
      3556      6.320e-02      
      3557      6.626e-02      
      3558      5.655e-02      
      3559      3.970e-02      
      3560      2.319e-02      
      3561      1.140e-02      
      3562      4.753e-03      
      3563      1.685e-03      
      3564      5.053e-04
3624   5.053e-04