0      0.0      
      1      0.000e+00      
      368      1.407e-03      
      369      2.746e-03      
      370      4.235e-03      
      371      5.190e-03      
      373      4.029e-03      
      374      2.612e-03      
      375      1.419e-03      
      376      6.778e-04      
      399      2.356e-03      
      400      3.729e-03      
      405      3.066e-03      
      406      1.849e-03      
      408      3.618e-04      
      409      1.268e-04      
      412      1.470e-03      
      413      4.358e-03      
      414      1.017e-02      
      415      1.866e-02      
      416      2.693e-02      
      417      3.058e-02      
      418      2.740e-02      
      419      1.949e-02      
      420      1.121e-02      
      421      5.660e-03      
      422      3.802e-03      
      423      6.097e-03      
      424      1.389e-02      
      425      2.845e-02      
      426      4.796e-02      
      427      6.563e-02      
      428      7.276e-02      
      429      6.545e-02      
      430      4.799e-02      
      431      2.896e-02      
      432      1.464e-02      
      433      6.425e-03      
      434      2.602e-03      
      435      1.076e-03      
      436      5.147e-04      
      484      2.069e-03      
      485      2.318e-03      
      500      9.131e-04      
      501      5.690e-04      
      1066      9.930e-04      
      1067      3.528e-03      
      1068      9.945e-03      
      1069      2.224e-02      
      1070      3.947e-02      
      1071      5.561e-02      
      1072      6.228e-02      
      1073      5.557e-02      
      1074      3.971e-02      
      1075      2.297e-02      
      1076      1.101e-02      
      1077      4.615e-03      
      1078      1.888e-03      
      1083      2.172e-04      
      1084      1.896e-04      
      1204      4.913e-04      
      1205      2.139e-03      
      1206      7.397e-03      
      1207      2.044e-02      
      1208      4.539e-02      
      1209      8.167e-02      
      1210      1.205e-01      
      1211      1.482e-01      
      1212      1.560e-01      
      1213      1.450e-01      
      1214      1.230e-01      
      1215      9.745e-02      
      1216      7.267e-02      
      1217      5.099e-02      
      1218      3.367e-02      
      1219      2.105e-02      
      1220      1.259e-02      
      1221      7.257e-03      
      1222      4.036e-03      
      1223      2.159e-03      
      1225      5.919e-04      
      1226      3.488e-04      
      1236      1.848e-03      
      1237      2.282e-03      
      1241      3.684e-03      
      1242      4.080e-03      
      1265      2.743e-03      
      1266      2.344e-03      
      1445      6.635e-04      
      1446      6.185e-04      
      1990      1.322e-03      
      1991      3.316e-03      
      1992      6.722e-03      
      1993      1.090e-02      
      1994      1.408e-02      
      1995      1.450e-02      
      1996      1.193e-02      
      1997      7.903e-03      
      1998      4.297e-03      
      1999      2.012e-03      
      2001      4.555e-04      
      2002      2.885e-04      
      2095      1.142e-03      
      2096      3.494e-03      
      2097      8.419e-03      
      2098      1.599e-02      
      2099      2.398e-02      
      2100      2.849e-02      
      2101      2.695e-02      
      2102      2.048e-02      
      2103      1.270e-02      
      2104      6.625e-03      
      2105      3.092e-03      
      2106      1.441e-03      
      2107      7.646e-04      
      2194      1.235e-03      
      2195      4.223e-03      
      2196      1.186e-02      
      2197      2.746e-02      
      2198      5.270e-02      
      2199      8.440e-02      
      2200      1.137e-01      
      2201      1.298e-01      
      2202      1.262e-01      
      2203      1.046e-01      
      2204      7.378e-02      
      2205      4.422e-02      
      2206      2.268e-02      
      2207      1.021e-02      
      2208      4.263e-03      
      2209      1.798e-03      
      2218      1.316e-04      
      2219      1.017e-04      
      2406      1.332e-03      
      2407      3.521e-03      
      2408      7.413e-03      
      2409      1.257e-02      
      2410      1.782e-02      
      2411      2.321e-02      
      2412      3.221e-02      
      2413      5.031e-02      
      2414      7.859e-02      
      2415      1.084e-01      
      2416      1.255e-01      
      2417      1.217e-01      
      2418      1.012e-01      
      2419      7.427e-02      
      2420      4.926e-02      
      2421      2.961e-02      
      2422      1.600e-02      
      2423      7.797e-03      
      2424      3.536e-03      
      2425      1.593e-03      
      2568      2.952e-03      
      2569      4.213e-03      
      2572      3.579e-03      
      2573      2.425e-03      
      2576      7.566e-04      
      2577      6.552e-04      
      2948      1.957e-03      
      2949      4.969e-03      
      2950      9.954e-03      
      2951      1.577e-02      
      2952      1.983e-02      
      2953      1.986e-02      
      2954      1.596e-02      
      2955      1.041e-02      
      2956      5.658e-03      
      2957      2.701e-03      
      2958      1.252e-03      
      2959      6.429e-04      
      3141      2.167e-03      
      3142      3.193e-03      
      3148      3.891e-03      
      3149      6.324e-03      
      3150      8.885e-03      
      3152      9.059e-03      
      3153      6.497e-03      
      3154      3.783e-03      
      3155      1.875e-03      
      3160      1.832e-04      
      3161      1.591e-04      
      3394      1.692e-03      
      3395      4.838e-03      
      3396      1.209e-02      
      3397      2.608e-02      
      3398      4.773e-02      
      3399      7.299e-02      
      3400      9.213e-02      
      3401      9.521e-02      
      3402      8.017e-02      
      3403      5.492e-02      
      3404      3.072e-02      
      3405      1.420e-02      
      3406      5.608e-03      
      3407      2.049e-03      
      3409      4.170e-04      
      3410      2.766e-04      
      3550      6.584e-04      
      3551      2.546e-03      
      3552      7.802e-03      
      3553      1.896e-02      
      3554      3.657e-02      
      3555      5.602e-02      
      3556      6.829e-02      
      3557      6.640e-02      
      3558      5.167e-02      
      3559      3.237e-02      
      3560      1.651e-02      
      3561      7.030e-03      
      3562      2.653e-03      
      3563      1.012e-03      
      3564      4.722e-04
3624   4.722e-04