0      0.0      
      1      0.000e+00      
      35      1.986e-03      
      36      4.447e-03      
      37      7.948e-03      
      38      1.125e-02      
      40      1.094e-02      
      41      7.469e-03      
      42      3.982e-03      
      43      1.656e-03      
      44      5.368e-04      
      354      2.244e-03      
      355      3.636e-03      
      360      1.199e-03      
      361      4.723e-04      
      374      3.222e-03      
      375      3.324e-03      
      380      6.399e-04      
      381      2.778e-04      
      412      1.158e-03      
      413      3.420e-03      
      414      7.944e-03      
      415      1.449e-02      
      416      2.077e-02      
      418      2.073e-02      
      419      1.462e-02      
      420      8.439e-03      
      421      4.409e-03      
      424      4.438e-03      
      425      8.224e-03      
      426      1.428e-02      
      427      2.111e-02      
      428      2.563e-02      
      429      2.529e-02      
      430      2.037e-02      
      431      1.371e-02      
      432      8.176e-03      
      433      4.898e-03      
      446      7.054e-03      
      447      7.791e-03      
      453      1.035e-02      
      454      1.126e-02      
      456      1.361e-02      
      457      1.508e-02      
      458      1.666e-02      
      459      1.823e-02      
      461      2.074e-02      
      462      2.157e-02      
      466      2.399e-02      
      467      2.466e-02      
      479      2.742e-02      
      480      2.851e-02      
      497      2.600e-02      
      498      2.534e-02      
      502      2.285e-02      
      503      2.251e-02      
      514      2.006e-02      
      515      1.970e-02      
      522      1.695e-02      
      523      1.677e-02      
      588      1.404e-02      
      589      1.386e-02      
      612      1.108e-02      
      613      1.100e-02      
      699      8.226e-03      
      700      8.047e-03      
      721      5.301e-03      
      722      5.040e-03      
      927      2.491e-03      
      928      2.156e-03      
      1067      2.018e-03      
      1068      6.206e-03      
      1069      1.492e-02      
      1070      2.804e-02      
      1071      4.123e-02      
      1072      4.747e-02      
      1073      4.284e-02      
      1074      3.037e-02      
      1075      1.695e-02      
      1076      7.469e-03      
      1077      2.610e-03      
      1208      4.201e-03      
      1209      8.402e-03      
      1210      1.366e-02      
      1211      1.861e-02      
      1212      2.213e-02      
      1215      2.150e-02      
      1216      1.750e-02      
      1217      1.283e-02      
      1218      8.768e-03      
      1219      5.951e-03      
      1221      3.457e-03      
      1222      3.050e-03      
      1243      5.662e-03      
      1244      5.842e-03      
      1267      8.441e-03      
      1268      8.626e-03      
      1273      1.132e-02      
      1274      1.158e-02      
      1290      8.956e-03      
      1291      8.622e-03      
      1309      6.178e-03      
      1310      5.842e-03      
      1339      3.072e-03      
      1340      2.915e-03      
      1454      2.870e-04      
      1455      1.083e-04      
      1503      2.819e-03      
      1504      2.926e-03      
      1508      5.654e-03      
      1509      6.331e-03      
      1513      3.672e-03      
      1514      3.133e-03      
      1524      5.348e-03      
      1525      7.480e-03      
      1526      9.537e-03      
      1527      1.041e-02      
      1528      9.568e-03      
      1529      7.586e-03      
      1530      5.634e-03      
      1531      4.505e-03      
      1575      7.092e-03      
      1576      7.987e-03      
      1594      5.269e-03      
      1595      4.933e-03      
      1604      7.060e-03      
      1605      9.673e-03      
      1606      1.262e-02      
      1609      1.211e-02      
      1610      8.694e-03      
      1611      5.756e-03      
      1626      3.072e-03      
      1627      2.917e-03      
      1766      2.868e-04      
      1767      1.069e-04      
      1990      2.822e-03      
      1991      7.467e-03      
      1992      1.562e-02      
      1993      2.585e-02      
      1994      3.384e-02      
      1995      3.501e-02      
      1996      2.860e-02      
      1997      1.843e-02      
      1998      9.355e-03      
      1999      3.734e-03      
      2000      1.170e-03      
      2001      2.876e-04      
      2095      9.982e-04      
      2096      3.076e-03      
      2097      7.383e-03      
      2098      1.382e-02      
      2099      2.019e-02      
      2100      2.317e-02      
      2101      2.113e-02      
      2102      1.580e-02      
      2103      1.031e-02      
      2104      6.399e-03      
      2105      3.932e-03      
      2106      2.269e-03      
      2193      1.531e-03      
      2194      5.437e-03      
      2195      1.561e-02      
      2196      3.640e-02      
      2197      6.916e-02      
      2198      1.073e-01      
      2199      1.364e-01      
      2200      1.430e-01      
      2201      1.257e-01      
      2202      9.538e-02      
      2203      6.476e-02      
      2204      4.014e-02      
      2205      2.236e-02      
      2206      1.076e-02      
      2207      4.293e-03      
      2208      1.383e-03      
      2221      3.865e-03      
      2222      4.468e-03      
      2226      6.669e-03      
      2227      7.329e-03      
      2230      9.658e-03      
      2231      1.070e-02      
      2233      1.322e-02      
      2234      1.456e-02      
      2236      1.705e-02      
      2237      1.804e-02      
      2241      2.055e-02      
      2242      2.121e-02      
      2268      1.880e-02      
      2269      1.796e-02      
      2279      1.993e-02      
      2280      2.082e-02      
      2291      1.826e-02      
      2292      1.750e-02      
      2295      1.511e-02      
      2296      1.454e-02      
      2312      1.222e-02      
      2313      1.173e-02      
      2321      8.956e-03      
      2322      8.620e-03      
      2368      6.178e-03      
      2369      5.842e-03      
      2406      7.841e-03      
      2407      1.235e-02      
      2408      2.156e-02      
      2409      3.527e-02      
      2410      4.910e-02      
      2411      5.631e-02      
      2412      5.378e-02      
      2413      4.528e-02      
      2414      3.749e-02      
      2415      3.379e-02      
      2419      3.112e-02      
      2420      2.715e-02      
      2421      2.173e-02      
      2422      1.638e-02      
      2423      1.251e-02      
      2436      1.497e-02      
      2437      1.554e-02      
      2448      1.823e-02      
      2449      1.880e-02      
      2455      2.111e-02      
      2456      2.160e-02      
      2467      1.906e-02      
      2468      1.836e-02      
      2474      2.100e-02      
      2475      2.154e-02      
      2488      1.882e-02      
      2489      1.833e-02      
      2504      1.556e-02      
      2505      1.500e-02      
      2514      1.241e-02      
      2515      1.210e-02      
      2534      9.338e-03      
      2535      8.671e-03      
      2543      1.075e-02      
      2544      1.167e-02      
      2548      9.121e-03      
      2549      8.637e-03      
      2566      1.103e-02      
      2567      1.446e-02      
      2568      1.826e-02      
      2571      1.858e-02      
      2572      1.519e-02      
      2573      1.216e-02      
      2583      9.538e-03      
      2584      8.989e-03      
      2660      6.313e-03      
      2661      6.017e-03      
      2703      3.401e-03      
      2704      3.065e-03      
      2772      6.229e-04      
      2773      2.868e-04      
      2951      3.021e-03      
      2952      4.052e-03      
      2956      1.334e-03      
      2957      5.493e-04      
      3141      2.994e-03      
      3142      4.042e-03      
      3147      3.397e-03      
      3148      7.144e-03      
      3149      1.317e-02      
      3150      1.926e-02      
      3152      1.969e-02      
      3153      1.375e-02      
      3154      7.508e-03      
      3155      3.209e-03      
      3156      1.075e-03      
      3157      2.826e-04      
      3347      2.627e-03      
      3348      4.492e-03      
      3353      1.844e-03      
      3354      7.479e-04      
      3394      2.369e-03      
      3395      4.072e-03      
      3396      7.155e-03      
      3397      1.316e-02      
      3398      2.357e-02      
      3399      3.739e-02      
      3400      4.939e-02      
      3401      5.277e-02      
      3402      4.504e-02      
      3403      3.056e-02      
      3404      1.644e-02      
      3405      7.012e-03      
      3406      2.369e-03      
      3550      2.539e-03      
      3551      9.331e-03      
      3552      2.723e-02      
      3553      6.310e-02      
      3554      1.161e-01      
      3555      1.698e-01      
      3556      1.973e-01      
      3557      1.825e-01      
      3558      1.345e-01      
      3559      7.909e-02      
      3560      3.718e-02      
      3561      1.400e-02      
      3562      4.224e-03      
      3563      1.023e-03      
      3575      3.301e-03      
      3576      3.890e-03      
      3579      5.932e-03      
      3580      6.707e-03      
      3582      8.727e-03      
      3583      1.010e-02      
      3584      1.173e-02      
      3585      1.352e-02      
      3586      1.526e-02      
      3587      1.676e-02      
      3596      1.949e-02      
      3597      1.959e-02      
      3600      2.136e-02      
      3601      2.256e-02      
      3615      1.997e-02      
      3616      1.896e-02
3624   1.896e-02