0      0.0      
      1      0.000e+00      
      2      0.000e+00      
      415      3.872e-03      
      416      5.633e-03      
      420      2.086e-03      
      421      9.315e-04      
      424      2.294e-03      
      425      4.973e-03      
      426      8.803e-03      
      427      1.258e-02      
      430      9.812e-03      
      431      5.898e-03      
      432      2.965e-03      
      433      1.335e-03      
      1068      5.090e-03      
      1069      1.214e-02      
      1070      2.265e-02      
      1071      3.307e-02      
      1072      3.782e-02      
      1073      3.395e-02      
      1074      2.402e-02      
      1075      1.353e-02      
      1076      6.214e-03      
      1077      2.473e-03      
      1078      9.833e-04      
      1207      4.789e-03      
      1208      1.146e-02      
      1209      2.182e-02      
      1210      3.327e-02      
      1211      4.096e-02      
      1212      4.130e-02      
      1213      3.481e-02      
      1214      2.521e-02      
      1215      1.619e-02      
      1216      9.489e-03      
      1217      5.176e-03      
      1219      1.341e-03      
      1220      6.819e-04      
      1236      4.530e-03      
      1237      5.601e-03      
      1240      9.197e-03      
      1241      1.029e-02      
      1245      1.355e-02      
      1246      1.439e-02      
      1258      1.775e-02      
      1259      1.881e-02      
      1316      1.556e-02      
      1317      1.470e-02      
      1334      1.110e-02      
      1335      1.040e-02      
      1357      6.399e-03      
      1358      5.601e-03      
      1376      2.399e-03      
      1377      1.601e-03      
      1992      4.459e-03      
      1993      7.342e-03      
      1997      5.719e-03      
      1998      3.233e-03      
      2098      5.501e-03      
      2099      8.227e-03      
      2103      4.535e-03      
      2104      2.305e-03      
      2195      3.328e-03      
      2196      8.090e-03      
      2197      1.644e-02      
      2198      2.846e-02      
      2199      4.278e-02      
      2200      5.660e-02      
      2201      6.605e-02      
      2202      6.717e-02      
      2203      5.843e-02      
      2204      4.277e-02      
      2205      2.614e-02      
      2206      1.343e-02      
      2207      5.995e-03      
      2208      2.537e-03      
      2209      1.250e-03      
      2214      4.089e-03      
      2215      5.360e-03      
      2218      9.331e-03      
      2219      1.066e-02      
      2222      1.424e-02      
      2223      1.506e-02      
      2228      1.793e-02      
      2229      1.956e-02      
      2230      2.160e-02      
      2231      2.381e-02      
      2232      2.603e-02      
      2233      2.827e-02      
      2234      3.049e-02      
      2235      3.257e-02      
      2246      2.913e-02      
      2247      2.795e-02      
      2250      2.449e-02      
      2251      2.366e-02      
      2271      1.992e-02      
      2272      1.892e-02      
      2296      1.510e-02      
      2297      1.440e-02      
      2315      1.110e-02      
      2316      1.039e-02      
      2321      6.445e-03      
      2322      5.614e-03      
      2344      2.399e-03      
      2345      1.601e-03      
      2407      3.549e-03      
      2408      8.279e-03      
      2409      1.548e-02      
      2410      2.354e-02      
      2411      2.997e-02      
      2412      3.353e-02      
      2413      3.487e-02      
      2415      3.277e-02      
      2416      2.823e-02      
      2417      2.196e-02      
      2418      1.572e-02      
      2419      1.071e-02      
      2420      7.146e-03      
      2421      4.868e-03      
      2427      7.424e-03      
      2428      9.122e-03      
      2430      1.271e-02      
      2431      1.440e-02      
      2433      1.755e-02      
      2434      1.913e-02      
      2437      2.295e-02      
      2438      2.353e-02      
      2457      1.959e-02      
      2458      1.910e-02      
      2465      1.511e-02      
      2466      1.440e-02      
      2490      1.055e-02      
      2491      1.001e-02      
      2534      6.399e-03      
      2535      5.601e-03      
      2558      1.601e-03      
      2559      8.969e-04      
      2567      3.882e-03      
      2568      7.788e-03      
      2569      1.261e-02      
      2570      1.659e-02      
      2571      1.788e-02      
      2572      1.609e-02      
      2573      1.253e-02      
      2574      9.062e-03      
      2575      6.818e-03      
      2585      3.269e-03      
      2586      2.814e-03      
      3144      4.921e-03      
      3145      7.207e-03      
      3149      4.015e-03      
      3150      2.649e-03      
      3398      3.936e-03      
      3399      6.978e-03      
      3404      4.244e-03      
      3405      2.220e-03      
      3550      4.228e-03      
      3551      1.218e-02      
      3552      2.837e-02      
      3553      5.343e-02      
      3554      8.145e-02      
      3555      1.008e-01      
      3556      1.015e-01      
      3557      8.352e-02      
      3558      5.656e-02      
      3559      3.177e-02      
      3560      1.503e-02      
      3561      6.170e-03      
      3562      2.355e-03      
      3563      9.635e-04      
      3572      4.353e-03      
      3573      5.170e-03      
      3575      8.348e-03      
      3576      1.074e-02      
      3577      1.335e-02      
      3578      1.590e-02      
      3579      1.820e-02      
      3580      2.032e-02      
      3581      2.243e-02      
      3582      2.464e-02      
      3583      2.688e-02      
      3584      2.893e-02      
      3599      2.524e-02      
      3600      2.429e-02      
      3616      2.071e-02      
      3617      2.026e-02
3624   2.026e-02