0      0.0      
      1      0.000e+00      
      368      2.574e-03      
      369      5.535e-03      
      370      9.623e-03      
      371      1.365e-02      
      375      1.170e-02      
      376      9.619e-03      
      377      7.780e-03      
      378      5.891e-03      
      379      3.955e-03      
      380      2.263e-03      
      397      3.817e-03      
      398      6.063e-03      
      399      9.635e-03      
      400      1.422e-02      
      401      1.844e-02      
      404      1.658e-02      
      405      1.166e-02      
      406      6.820e-03      
      407      3.251e-03      
      408      1.249e-03      
      409      4.131e-04      
      412      3.066e-03      
      413      8.665e-03      
      414      1.937e-02      
      415      3.422e-02      
      416      4.769e-02      
      417      5.243e-02      
      418      4.545e-02      
      419      3.108e-02      
      420      1.682e-02      
      421      7.391e-03      
      422      3.395e-03      
      423      4.018e-03      
      424      9.557e-03      
      425      2.118e-02      
      426      3.814e-02      
      427      5.516e-02      
      428      6.415e-02      
      429      6.017e-02      
      430      4.577e-02      
      431      2.846e-02      
      432      1.464e-02      
      433      6.335e-03      
      434      2.345e-03      
      1067      2.295e-03      
      1068      7.148e-03      
      1069      1.746e-02      
      1070      3.349e-02      
      1071      5.055e-02      
      1072      6.020e-02      
      1073      5.676e-02      
      1074      4.259e-02      
      1075      2.559e-02      
      1076      1.241e-02      
      1077      4.898e-03      
      1078      1.589e-03      
      1206      3.392e-03      
      1207      1.100e-02      
      1208      2.835e-02      
      1209      5.852e-02      
      1210      9.820e-02      
      1211      1.369e-01      
      1212      1.630e-01      
      1213      1.717e-01      
      1214      1.645e-01      
      1215      1.457e-01      
      1216      1.198e-01      
      1217      9.144e-02      
      1218      6.502e-02      
      1219      4.338e-02      
      1220      2.731e-02      
      1221      1.622e-02      
      1222      8.981e-03      
      1223      4.555e-03      
      1224      2.064e-03      
      1225      8.132e-04      
      1991      3.093e-03      
      1992      6.863e-03      
      1993      1.201e-02      
      1994      1.656e-02      
      1996      1.528e-02      
      1997      1.021e-02      
      1998      5.339e-03      
      1999      2.185e-03      
      2097      3.121e-03      
      2098      5.909e-03      
      2099      8.742e-03      
      2102      6.510e-03      
      2103      3.629e-03      
      2104      1.590e-03      
      2105      5.486e-04      
      2194      1.447e-03      
      2195      5.361e-03      
      2196      1.589e-02      
      2197      3.787e-02      
      2198      7.316e-02      
      2199      1.159e-01      
      2200      1.532e-01      
      2201      1.722e-01      
      2202      1.679e-01      
      2203      1.433e-01      
      2204      1.068e-01      
      2205      6.869e-02      
      2206      3.765e-02      
      2207      1.745e-02      
      2208      6.824e-03      
      2209      2.249e-03      
      2411      1.625e-03      
      2412      5.282e-03      
      2413      1.364e-02      
      2414      2.823e-02      
      2415      4.757e-02      
      2416      6.663e-02      
      2417      7.966e-02      
      2418      8.349e-02      
      2419      7.790e-02      
      2420      6.455e-02      
      2421      4.675e-02      
      2422      2.905e-02      
      2423      1.526e-02      
      2424      6.717e-03      
      2425      2.460e-03      
      2952      4.758e-03      
      2953      5.391e-03      
      2955      3.270e-03      
      2956      1.750e-03      
      3394      1.759e-03      
      3395      6.497e-03      
      3396      1.972e-02      
      3397      4.914e-02      
      3398      1.003e-01      
      3399      1.671e-01      
      3400      2.272e-01      
      3401      2.517e-01      
      3402      2.275e-01      
      3403      1.684e-01      
      3404      1.027e-01      
      3405      5.204e-02      
      3406      2.216e-02      
      3407      8.019e-03      
      3408      2.487e-03      
      3551      4.297e-03      
      3552      1.415e-02      
      3553      3.685e-02      
      3554      7.610e-02      
      3555      1.250e-01      
      3556      1.640e-01      
      3557      1.724e-01      
      3558      1.459e-01      
      3559      9.994e-02      
      3560      5.578e-02      
      3561      2.557e-02      
      3562      9.711e-03      
      3563      3.079e-03      
      3564      8.197e-04      
      3565      1.803e-04
3624   1.803e-04