0      0.0      
      1      0.000e+00      
      34      3.829e-03      
      35      7.222e-03      
      36      1.064e-02      
      37      1.224e-02      
      39      7.752e-03      
      40      4.277e-03      
      367      8.596e-03      
      368      1.665e-02      
      369      2.598e-02      
      370      3.254e-02      
      371      3.270e-02      
      372      2.643e-02      
      373      1.729e-02      
      374      9.243e-03      
      375      4.091e-03      
      403      8.276e-03      
      404      1.141e-02      
      408      1.582e-02      
      409      1.649e-02      
      410      1.900e-02      
      411      2.420e-02      
      412      3.150e-02      
      413      3.816e-02      
      415      3.686e-02      
      416      2.910e-02      
      417      2.088e-02      
      418      1.491e-02      
      422      1.935e-02      
      423      2.966e-02      
      424      4.472e-02      
      425      6.070e-02      
      426      7.078e-02      
      427      6.984e-02      
      428      5.887e-02      
      429      4.398e-02      
      430      3.137e-02      
      431      2.374e-02      
      448      1.949e-02      
      449      1.561e-02      
      450      1.184e-02      
      451      8.774e-03      
      499      4.325e-03      
      500      3.877e-03      
      1067      7.250e-03      
      1068      1.432e-02      
      1069      2.321e-02      
      1070      3.085e-02      
      1072      2.963e-02      
      1073      2.128e-02      
      1074      1.237e-02      
      1075      5.820e-03      
      1076      2.212e-03      
      1077      6.787e-04      
      1205      4.088e-03      
      1206      1.157e-02      
      1207      2.647e-02      
      1208      4.954e-02      
      1209      7.698e-02      
      1210      1.014e-01      
      1211      1.161e-01      
      1212      1.184e-01      
      1213      1.093e-01      
      1214      9.226e-02      
      1215      7.153e-02      
      1216      5.137e-02      
      1217      3.458e-02      
      1218      2.202e-02      
      1219      1.325e-02      
      1220      7.496e-03      
      1224      8.148e-03      
      1225      1.523e-02      
      1226      2.435e-02      
      1227      3.342e-02      
      1228      4.034e-02      
      1229      4.420e-02      
      1230      4.559e-02      
      1236      4.248e-02      
      1237      3.860e-02      
      1238      3.343e-02      
      1239      2.755e-02      
      1240      2.163e-02      
      1241      1.627e-02      
      1242      1.188e-02      
      1243      8.677e-03      
      1317      3.924e-03      
      1318      3.812e-03      
      1376      8.454e-03      
      1377      9.019e-03      
      1409      4.283e-03      
      1410      3.697e-03      
      1989      8.293e-03      
      1990      1.030e-02      
      1992      1.433e-02      
      1993      1.520e-02      
      1995      1.278e-02      
      1996      1.025e-02      
      1997      7.341e-03      
      1998      4.506e-03      
      2097      7.149e-03      
      2098      1.139e-02      
      2102      9.266e-03      
      2103      5.359e-03      
      2105      9.603e-04      
      2106      2.923e-04      
      2195      2.929e-03      
      2196      6.713e-03      
      2197      1.313e-02      
      2198      2.240e-02      
      2199      3.349e-02      
      2200      4.346e-02      
      2202      4.420e-02      
      2203      3.342e-02      
      2204      2.054e-02      
      2205      1.019e-02      
      2206      4.062e-03      
      2408      7.183e-03      
      2409      1.103e-02      
      2410      1.486e-02      
      2411      1.956e-02      
      2412      2.715e-02      
      2413      3.782e-02      
      2414      4.768e-02      
      2416      4.557e-02      
      2417      3.443e-02      
      2418      2.297e-02      
      2419      1.460e-02      
      2420      9.817e-03      
      2425      5.700e-03      
      2426      4.581e-03      
      2567      4.551e-03      
      2568      1.036e-02      
      2569      1.948e-02      
      2570      3.022e-02      
      2571      3.872e-02      
      2573      3.640e-02      
      2574      2.734e-02      
      2575      1.812e-02      
      2576      1.163e-02      
      2582      7.173e-03      
      2583      6.345e-03      
      2636      1.961e-03      
      2637      1.251e-03      
      2946      3.009e-03      
      2947      9.217e-03      
      2948      2.206e-02      
      2949      4.125e-02      
      2950      6.026e-02      
      2951      6.878e-02      
      2952      6.138e-02      
      2953      4.284e-02      
      2954      2.340e-02      
      2955      1.002e-02      
      2956      3.363e-03      
      3140      5.221e-03      
      3141      1.335e-02      
      3142      2.842e-02      
      3143      4.966e-02      
      3144      7.048e-02      
      3145      8.085e-02      
      3146      7.521e-02      
      3147      5.777e-02      
      3148      3.833e-02      
      3149      2.389e-02      
      3150      1.521e-02      
      3151      9.801e-03      
      3152      5.823e-03      
      3153      2.925e-03      
      3344      3.725e-03      
      3345      9.294e-03      
      3346      1.823e-02      
      3347      2.818e-02      
      3348      3.438e-02      
      3349      3.319e-02      
      3350      2.541e-02      
      3351      1.546e-02      
      3352      7.491e-03      
      3353      2.894e-03      
      3354      8.932e-04      
      3387      4.296e-03      
      3388      5.987e-03      
      3395      9.374e-03      
      3396      1.280e-02      
      3400      1.140e-02      
      3401      7.135e-03      
      3402      3.627e-03      
      3403      1.487e-03      
      3550      3.366e-03      
      3551      8.521e-03      
      3552      1.723e-02      
      3553      2.821e-02      
      3554      3.801e-02      
      3555      4.300e-02      
      3556      4.162e-02      
      3557      3.487e-02      
      3558      2.532e-02      
      3559      1.580e-02      
      3560      8.391e-03      
      3561      3.749e-03      
      3562      1.397e-03
3624   1.397e-03