0      0.0      
      1      0.000e+00      
      37      9.063e-03      
      38      1.226e-02      
      43      2.771e-03      
      44      1.096e-03      
      415      7.220e-03      
      416      1.164e-02      
      421      2.145e-02      
      422      2.548e-02      
      423      3.327e-02      
      424      4.345e-02      
      425      5.333e-02      
      426      6.089e-02      
      427      6.618e-02      
      428      7.100e-02      
      429      7.746e-02      
      430      8.683e-02      
      431      9.898e-02      
      432      1.119e-01      
      433      1.222e-01      
      436      1.157e-01      
      437      1.042e-01      
      438      9.201e-02      
      439      8.123e-02      
      440      7.321e-02      
      441      6.818e-02      
      445      5.974e-02      
      446      5.764e-02      
      458      4.776e-02      
      459      4.501e-02      
      461      3.802e-02      
      462      3.426e-02      
      464      2.677e-02      
      465      2.316e-02      
      469      1.317e-02      
      470      1.243e-02      
      486      2.034e-02      
      487      2.263e-02      
      500      3.186e-02      
      501      3.358e-02      
      508      2.439e-02      
      509      2.141e-02      
      514      1.179e-02      
      515      1.134e-02      
      527      1.385e-03      
      528      1.115e-03      
      1069      8.728e-03      
      1070      1.894e-02      
      1071      3.267e-02      
      1072      4.481e-02      
      1074      4.249e-02      
      1075      2.939e-02      
      1076      1.619e-02      
      1077      7.111e-03      
      1078      2.491e-03      
      1606      9.093e-03      
      1607      1.700e-02      
      1608      2.477e-02      
      1609      2.811e-02      
      1610      2.487e-02      
      1611      1.723e-02      
      1612      9.554e-03      
      1613      4.789e-03      
      1993      7.780e-03      
      1994      1.517e-02      
      1995      2.404e-02      
      1996      3.080e-02      
      1998      2.603e-02      
      1999      1.697e-02      
      2000      8.746e-03      
      2001      3.550e-03      
      2195      1.127e-02      
      2196      2.710e-02      
      2197      5.203e-02      
      2198      8.021e-02      
      2199      1.007e-01      
      2204      9.144e-02      
      2205      8.095e-02      
      2207      7.736e-02      
      2208      1.019e-01      
      2209      1.375e-01      
      2210      1.694e-01      
      2211      1.869e-01      
      2213      1.773e-01      
      2214      1.612e-01      
      2215      1.438e-01      
      2216      1.269e-01      
      2217      1.109e-01      
      2218      9.629e-02      
      2219      8.383e-02      
      2220      7.450e-02      
      2221      6.844e-02      
      2224      5.885e-02      
      2225      5.522e-02      
      2231      4.525e-02      
      2232      4.495e-02      
      2235      3.807e-02      
      2236      3.307e-02      
      2237      2.746e-02      
      2238      2.213e-02      
      2241      1.267e-02      
      2242      1.157e-02      
      2249      1.632e-03      
      2250      7.851e-04      
      2416      8.881e-03      
      2417      1.264e-02      
      2423      4.041e-03      
      2424      2.139e-03      
      2565      9.984e-03      
      2566      1.818e-02      
      2567      2.638e-02      
      2568      3.051e-02      
      2570      2.069e-02      
      2571      1.213e-02      
      2573      2.136e-03      
      2574      7.448e-04      
      2603      1.009e-02      
      2604      1.098e-02      
      2626      1.282e-03      
      2627      8.906e-04      
      2950      1.047e-02      
      2951      1.257e-02      
      2957      2.710e-03      
      2958      9.455e-04      
      3077      1.087e-02      
      3078      1.097e-02      
      3089      1.257e-03      
      3090      4.880e-04      
      3554      8.783e-03      
      3555      1.374e-02      
      3560      4.721e-03      
      3561      2.046e-03
3624   2.046e-03