0      0.0      
      1      0.000e+00      
      35      1.515e-02      
      36      2.875e-02      
      37      4.510e-02      
      38      5.922e-02      
      39      6.572e-02      
      40      6.198e-02      
      41      4.978e-02      
      42      3.414e-02      
      43      2.025e-02      
      44      1.075e-02      
      413      2.029e-02      
      414      3.042e-02      
      415      4.862e-02      
      416      7.373e-02      
      417      1.019e-01      
      418      1.285e-01      
      419      1.496e-01      
      420      1.628e-01      
      421      1.691e-01      
      423      1.789e-01      
      424      1.884e-01      
      425      1.979e-01      
      426      2.040e-01      
      428      2.171e-01      
      429      2.371e-01      
      430      2.687e-01      
      431      3.053e-01      
      432      3.368e-01      
      433      3.557e-01      
      438      3.430e-01      
      439      3.383e-01      
      440      3.303e-01      
      441      3.198e-01      
      442      3.087e-01      
      443      2.986e-01      
      444      2.902e-01      
      445      2.837e-01      
      450      2.699e-01      
      451      2.628e-01      
      452      2.538e-01      
      453      2.443e-01      
      454      2.357e-01      
      455      2.288e-01      
      457      2.186e-01      
      458      2.124e-01      
      459      2.040e-01      
      460      1.936e-01      
      461      1.821e-01      
      462      1.707e-01      
      463      1.604e-01      
      464      1.519e-01      
      466      1.401e-01      
      467      1.361e-01      
      471      1.254e-01      
      472      1.206e-01      
      473      1.135e-01      
      474      1.042e-01      
      475      9.325e-02      
      476      8.194e-02      
      477      7.161e-02      
      478      6.369e-02      
      483      7.706e-02      
      484      8.892e-02      
      485      1.064e-01      
      486      1.244e-01      
      489      1.119e-01      
      490      9.632e-02      
      494      1.071e-01      
      495      1.196e-01      
      496      1.328e-01      
      497      1.464e-01      
      498      1.598e-01      
      499      1.718e-01      
      505      1.607e-01      
      506      1.509e-01      
      507      1.419e-01      
      508      1.341e-01      
      513      1.209e-01      
      514      1.183e-01      
      516      1.083e-01      
      517      1.018e-01      
      518      9.448e-02      
      519      8.626e-02      
      520      7.736e-02      
      521      6.842e-02      
      522      6.034e-02      
      523      5.371e-02      
      526      4.132e-02      
      527      3.830e-02      
      531      2.620e-02      
      532      2.340e-02      
      542      9.484e-03      
      543      8.878e-03      
      1068      9.707e-03      
      1069      2.739e-02      
      1070      6.156e-02      
      1071      1.104e-01      
      1072      1.582e-01      
      1073      1.815e-01      
      1074      1.675e-01      
      1075      1.249e-01      
      1076      7.607e-02      
      1077      3.859e-02      
      1078      1.695e-02      
      1080      3.159e-03      
      1081      1.797e-03      
      1212      1.173e-02      
      1213      2.103e-02      
      1214      3.110e-02      
      1215      3.851e-02      
      1219      2.484e-02      
      1220      1.828e-02      
      1240      2.911e-02      
      1241      3.468e-02      
      1243      4.836e-02      
      1244      5.441e-02      
      1250      4.275e-02      
      1251      3.906e-02      
      1259      2.504e-02      
      1260      2.373e-02      
      1277      9.499e-03      
      1278      9.342e-03      
      1540      1.843e-02      
      1541      2.801e-02      
      1545      1.722e-02      
      1546      9.995e-03      
      1554      1.832e-02      
      1555      2.940e-02      
      1560      1.658e-02      
      1561      1.229e-02      
      1579      2.616e-02      
      1580      3.099e-02      
      1587      1.817e-02      
      1588      1.634e-02      
      1605      1.839e-02      
      1606      3.627e-02      
      1607      6.404e-02      
      1608      9.423e-02      
      1609      1.135e-01      
      1610      1.129e-01      
      1611      9.622e-02      
      1612      7.581e-02      
      1613      6.146e-02      
      1619      7.281e-02      
      1620      8.287e-02      
      1621      9.407e-02      
      1622      1.049e-01      
      1623      1.141e-01      
      1624      1.207e-01      
      1630      1.119e-01      
      1631      1.035e-01      
      1632      9.430e-02      
      1633      8.487e-02      
      1634      7.558e-02      
      1635      6.672e-02      
      1636      5.866e-02      
      1637      5.189e-02      
      1640      3.986e-02      
      1641      3.754e-02      
      1647      2.434e-02      
      1648      2.208e-02      
      1693      8.017e-03      
      1694      7.013e-03      
      1992      1.048e-02      
      1993      2.797e-02      
      1994      6.157e-02      
      1995      1.105e-01      
      1996      1.601e-01      
      1997      1.862e-01      
      1998      1.736e-01      
      1999      1.301e-01      
      2000      7.902e-02      
      2001      3.965e-02      
      2002      1.712e-02      
      2004      3.021e-03      
      2005      1.608e-03      
      2194      1.355e-02      
      2195      4.192e-02      
      2196      1.036e-01      
      2197      2.052e-01      
      2198      3.275e-01      
      2199      4.262e-01      
      2200      4.655e-01      
      2201      4.524e-01      
      2202      4.288e-01      
      2203      4.278e-01      
      2204      4.507e-01      
      2205      4.884e-01      
      2206      5.465e-01      
      2207      6.346e-01      
      2208      7.423e-01      
      2209      8.396e-01      
      2210      9.005e-01      
      2211      9.193e-01      
      2212      9.050e-01      
      2213      8.689e-01      
      2214      8.189e-01      
      2215      7.619e-01      
      2216      7.040e-01      
      2217      6.497e-01      
      2218      5.997e-01      
      2219      5.532e-01      
      2220      5.104e-01      
      2221      4.728e-01      
      2222      4.417e-01      
      2223      4.161e-01      
      2224      3.937e-01      
      2225      3.724e-01      
      2226      3.519e-01      
      2227      3.329e-01      
      2228      3.161e-01      
      2229      3.004e-01      
      2230      2.831e-01      
      2231      2.622e-01      
      2232      2.384e-01      
      2233      2.152e-01      
      2234      1.958e-01      
      2235      1.815e-01      
      2236      1.709e-01      
      2237      1.625e-01      
      2238      1.549e-01      
      2239      1.472e-01      
      2240      1.383e-01      
      2241      1.277e-01      
      2242      1.157e-01      
      2243      1.028e-01      
      2244      8.971e-02      
      2245      7.700e-02      
      2246      6.490e-02      
      2247      5.349e-02      
      2248      4.300e-02      
      2249      3.376e-02      
      2251      1.991e-02      
      2252      1.518e-02      
      2276      1.076e-03      
      2277      7.820e-04      
      2414      8.472e-03      
      2415      1.935e-02      
      2416      3.553e-02      
      2417      5.278e-02      
      2421      4.440e-02      
      2422      3.240e-02      
      2423      2.242e-02      
      2424      1.464e-02      
      2442      5.891e-04      
      2443      3.243e-04      
      2563      6.400e-03      
      2564      2.037e-02      
      2565      5.094e-02      
      2566      1.003e-01      
      2567      1.560e-01      
      2568      1.922e-01      
      2569      1.886e-01      
      2570      1.484e-01      
      2571      9.464e-02      
      2572      4.986e-02      
      2573      2.256e-02      
      2574      9.533e-03      
      2575      4.524e-03      
      2950      1.492e-02      
      2951      2.541e-02      
      2952      3.986e-02      
      2953      5.320e-02      
      2954      5.850e-02      
      2955      5.257e-02      
      2956      3.887e-02      
      2957      2.413e-02      
      2958      1.309e-02      
      2959      6.671e-03      
      3554      1.408e-02      
      3555      2.595e-02      
      3556      3.879e-02      
      3557      4.738e-02      
      3559      4.011e-02      
      3560      2.869e-02      
      3561      1.793e-02      
      3562      1.020e-02
3624   1.020e-02