0      0.0      
      1      3.571e-04      
      33      1.895e-03      
      34      4.540e-03      
      35      9.565e-03      
      36      1.695e-02      
      37      2.514e-02      
      38      3.138e-02      
      40      2.969e-02      
      41      2.252e-02      
      42      1.450e-02      
      43      8.093e-03      
      44      4.137e-03      
      115      5.713e-04      
      116      5.001e-04      
      371      3.890e-03      
      372      5.814e-03      
      379      2.360e-03      
      380      1.569e-03      
      412      2.340e-03      
      413      5.343e-03      
      414      1.142e-02      
      415      2.112e-02      
      416      3.341e-02      
      417      4.591e-02      
      418      5.625e-02      
      419      6.304e-02      
      420      6.627e-02      
      421      6.757e-02      
      422      6.989e-02      
      423      7.565e-02      
      424      8.435e-02      
      425      9.243e-02      
      426      9.609e-02      
      427      9.441e-02      
      428      8.968e-02      
      429      8.497e-02      
      430      8.183e-02      
      431      7.998e-02      
      433      7.711e-02      
      434      7.600e-02      
      446      7.654e-02      
      447      7.986e-02      
      448      8.422e-02      
      449      8.782e-02      
      452      8.546e-02      
      453      8.243e-02      
      454      7.983e-02      
      455      7.780e-02      
      456      7.603e-02      
      457      7.416e-02      
      458      7.206e-02      
      459      6.979e-02      
      460      6.744e-02      
      461      6.510e-02      
      462      6.286e-02      
      463      6.092e-02      
      466      5.764e-02      
      467      5.685e-02      
      469      5.415e-02      
      470      5.202e-02      
      471      4.951e-02      
      472      4.694e-02      
      473      4.461e-02      
      474      4.271e-02      
      480      4.615e-02      
      481      5.168e-02      
      482      5.762e-02      
      483      6.424e-02      
      484      7.351e-02      
      485      8.693e-02      
      486      1.025e-01      
      487      1.152e-01      
      488      1.206e-01      
      489      1.183e-01      
      490      1.115e-01      
      491      1.035e-01      
      492      9.601e-02      
      493      8.923e-02      
      494      8.296e-02      
      495      7.707e-02      
      496      7.159e-02      
      497      6.659e-02      
      498      6.199e-02      
      499      5.775e-02      
      500      5.389e-02      
      501      5.054e-02      
      502      4.782e-02      
      504      4.446e-02      
      505      4.353e-02      
      508      4.066e-02      
      509      3.936e-02      
      511      3.647e-02      
      512      3.500e-02      
      514      3.242e-02      
      515      3.134e-02      
      518      2.837e-02      
      519      2.747e-02      
      523      2.411e-02      
      524      2.360e-02      
      529      2.091e-02      
      530      1.979e-02      
      533      1.635e-02      
      534      1.553e-02      
      549      1.827e-02      
      550      1.912e-02      
      555      1.669e-02      
      556      1.545e-02      
      560      1.252e-02      
      561      1.179e-02      
      580      8.454e-03      
      581      7.701e-03      
      615      4.487e-03      
      616      3.981e-03      
      648      7.365e-03      
      649      8.183e-03      
      656      4.769e-03      
      657      4.307e-03      
      681      1.158e-03      
      682      7.259e-04      
      1067      2.273e-03      
      1068      6.892e-03      
      1069      1.809e-02      
      1070      3.879e-02      
      1071      6.711e-02      
      1072      9.374e-02      
      1073      1.062e-01      
      1074      9.829e-02      
      1075      7.507e-02      
      1076      4.793e-02      
      1077      2.604e-02      
      1078      1.238e-02      
      1079      5.426e-03      
      1080      2.416e-03      
      1081      1.240e-03      
      1210      3.735e-03      
      1211      6.862e-03      
      1212      1.176e-02      
      1213      1.810e-02      
      1214      2.439e-02      
      1215      2.864e-02      
      1217      2.806e-02      
      1218      2.471e-02      
      1219      2.063e-02      
      1220      1.647e-02      
      1221      1.281e-02      
      1222      1.003e-02      
      1223      8.062e-03      
      1225      4.989e-03      
      1226      3.537e-03      
      1234      6.006e-03      
      1235      7.250e-03      
      1238      1.037e-02      
      1239      1.096e-02      
      1247      8.006e-03      
      1248      6.861e-03      
      1269      1.025e-02      
      1270      1.115e-02      
      1274      8.196e-03      
      1275      6.632e-03      
      1307      3.360e-03      
      1308      2.779e-03      
      1539      5.498e-03      
      1540      7.985e-03      
      1544      6.766e-03      
      1545      4.114e-03      
      1554      5.380e-03      
      1555      8.056e-03      
      1559      5.741e-03      
      1560      3.684e-03      
      1577      5.506e-03      
      1578      7.774e-03      
      1583      4.540e-03      
      1584      3.123e-03      
      1604      3.465e-03      
      1605      8.429e-03      
      1606      1.749e-02      
      1607      2.963e-02      
      1608      4.064e-02      
      1609      4.521e-02      
      1610      4.124e-02      
      1611      3.160e-02      
      1612      2.154e-02      
      1613      1.465e-02      
      1624      1.244e-02      
      1625      1.097e-02      
      1649      7.626e-03      
      1650      7.126e-03      
      1666      3.697e-03      
      1667      3.497e-03      
      1674      6.637e-03      
      1675      7.507e-03      
      1680      4.049e-03      
      1681      3.398e-03      
      1749      6.696e-03      
      1750      7.121e-03      
      1762      3.562e-03      
      1763      3.128e-03      
      1991      3.355e-03      
      1992      8.298e-03      
      1993      1.811e-02      
      1994      3.403e-02      
      1995      5.433e-02      
      1996      7.278e-02      
      1997      8.083e-02      
      1998      7.388e-02      
      1999      5.556e-02      
      2000      3.468e-02      
      2001      1.836e-02      
      2002      8.605e-03      
      2003      3.827e-03      
      2193      3.438e-03      
      2194      1.183e-02      
      2195      3.513e-02      
      2196      8.619e-02      
      2197      1.731e-01      
      2198      2.854e-01      
      2199      3.912e-01      
      2200      4.583e-01      
      2201      4.831e-01      
      2202      4.896e-01      
      2203      4.956e-01      
      2204      4.899e-01      
      2205      4.492e-01      
      2206      3.718e-01      
      2207      2.821e-01      
      2208      2.089e-01      
      2209      1.648e-01      
      2210      1.454e-01      
      2211      1.394e-01      
      2212      1.366e-01      
      2213      1.317e-01      
      2214      1.243e-01      
      2215      1.159e-01      
      2216      1.079e-01      
      2217      1.009e-01      
      2218      9.461e-02      
      2219      8.868e-02      
      2220      8.310e-02      
      2221      7.804e-02      
      2222      7.378e-02      
      2223      7.050e-02      
      2224      6.817e-02      
      2226      6.526e-02      
      2227      6.389e-02      
      2228      6.216e-02      
      2229      5.992e-02      
      2230      5.720e-02      
      2231      5.418e-02      
      2232      5.117e-02      
      2233      4.840e-02      
      2234      4.599e-02      
      2235      4.389e-02      
      2236      4.197e-02      
      2237      4.021e-02      
      2243      3.674e-02      
      2244      3.570e-02      
      2246      3.312e-02      
      2247      3.207e-02      
      2251      2.873e-02      
      2252      2.840e-02      
      2265      2.495e-02      
      2266      2.373e-02      
      2268      2.123e-02      
      2269      2.007e-02      
      2271      1.760e-02      
      2272      1.634e-02      
      2275      1.278e-02      
      2276      1.164e-02      
      2302      8.101e-03      
      2303      7.630e-03      
      2317      5.282e-03      
      2318      3.963e-03      
      2333      3.940e-04      
      2334      3.709e-04      
      2367      3.005e-03      
      2368      4.297e-03      
      2370      7.364e-03      
      2371      8.808e-03      
      2382      5.621e-03      
      2383      4.506e-03      
      2387      1.168e-03      
      2388      7.277e-04      
      2413      2.433e-03      
      2414      6.013e-03      
      2415      1.275e-02      
      2416      2.242e-02      
      2417      3.278e-02      
      2418      4.056e-02      
      2421      3.700e-02      
      2422      2.945e-02      
      2423      2.084e-02      
      2424      1.290e-02      
      2425      7.026e-03      
      2426      3.530e-03      
      2427      1.822e-03      
      2446      5.357e-03      
      2447      6.070e-03      
      2482      2.540e-03      
      2483      1.796e-03      
      2563      4.627e-03      
      2564      1.383e-02      
      2565      3.381e-02      
      2566      6.592e-02      
      2567      1.022e-01      
      2568      1.263e-01      
      2569      1.255e-01      
      2570      1.011e-01      
      2571      6.709e-02      
      2572      3.735e-02      
      2573      1.800e-02      
      2574      8.011e-03      
      2575      3.881e-03      
      2588      7.239e-03      
      2589      7.816e-03      
      2604      4.297e-03      
      2605      4.224e-03      
      2617      7.330e-03      
      2618      7.835e-03      
      2629      4.401e-03      
      2630      3.506e-03      
      2948      5.670e-03      
      2949      7.464e-03      
      2950      1.137e-02      
      2951      1.850e-02      
      2952      2.729e-02      
      2953      3.341e-02      
      2954      3.301e-02      
      2955      2.628e-02      
      2956      1.704e-02      
      2957      9.256e-03      
      2958      4.475e-03      
      2960      1.181e-03      
      2961      7.687e-04      
      3400      4.214e-03      
      3401      4.532e-03      
      3405      1.508e-03      
      3406      9.061e-04      
      3552      3.864e-03      
      3553      1.039e-02      
      3554      2.356e-02      
      3555      4.400e-02      
      3556      6.775e-02      
      3557      8.668e-02      
      3558      9.319e-02      
      3559      8.522e-02      
      3560      6.700e-02      
      3561      4.563e-02      
      3562      2.700e-02      
      3563      1.391e-02      
      3564      6.292e-03      
      3565      2.585e-03
3624   2.585e-03