0      0.0      
      1      0.000e+00      
      2      0.000e+00      
      34      2.223e-03      
      35      5.686e-03      
      36      1.185e-02      
      37      2.035e-02      
      38      2.914e-02      
      39      3.520e-02      
      41      3.259e-02      
      42      2.633e-02      
      43      2.041e-02      
      44      1.653e-02      
      57      1.382e-02      
      58      1.263e-02      
      62      8.956e-03      
      63      8.276e-03      
      69      4.641e-03      
      70      3.678e-03      
      370      7.085e-03      
      371      9.191e-03      
      372      1.185e-02      
      373      1.430e-02      
      381      1.703e-02      
      382      1.828e-02      
      395      2.085e-02      
      396      2.268e-02      
      398      2.574e-02      
      399      2.694e-02      
      413      2.773e-02      
      414      3.436e-02      
      415      4.628e-02      
      416      6.298e-02      
      417      8.172e-02      
      418      9.882e-02      
      419      1.120e-01      
      420      1.219e-01      
      421      1.324e-01      
      422      1.482e-01      
      423      1.721e-01      
      424      2.022e-01      
      425      2.329e-01      
      426      2.587e-01      
      427      2.784e-01      
      428      2.949e-01      
      429      3.114e-01      
      430      3.282e-01      
      431      3.432e-01      
      432      3.543e-01      
      433      3.602e-01      
      434      3.608e-01      
      435      3.561e-01      
      436      3.469e-01      
      437      3.345e-01      
      438      3.197e-01      
      439      3.029e-01      
      440      2.844e-01      
      441      2.648e-01      
      442      2.456e-01      
      443      2.284e-01      
      444      2.142e-01      
      445      2.036e-01      
      446      1.967e-01      
      447      1.931e-01      
      448      1.915e-01      
      449      1.899e-01      
      450      1.871e-01      
      451      1.830e-01      
      452      1.787e-01      
      453      1.752e-01      
      454      1.732e-01      
      457      1.699e-01      
      458      1.670e-01      
      459      1.625e-01      
      460      1.563e-01      
      461      1.486e-01      
      462      1.396e-01      
      463      1.292e-01      
      464      1.180e-01      
      465      1.067e-01      
      466      9.628e-02      
      467      8.760e-02      
      468      8.102e-02      
      469      7.638e-02      
      470      7.330e-02      
      471      7.131e-02      
      473      6.870e-02      
      474      6.723e-02      
      475      6.536e-02      
      476      6.313e-02      
      477      6.078e-02      
      478      5.882e-02      
      482      6.152e-02      
      483      6.277e-02      
      484      6.468e-02      
      485      6.854e-02      
      486      7.428e-02      
      487      8.029e-02      
      488      8.486e-02      
      489      8.765e-02      
      490      8.921e-02      
      494      8.654e-02      
      495      8.480e-02      
      499      8.224e-02      
      500      7.975e-02      
      501      7.543e-02      
      502      6.992e-02      
      503      6.422e-02      
      504      5.910e-02      
      505      5.477e-02      
      506      5.111e-02      
      507      4.798e-02      
      508      4.545e-02      
      509      4.361e-02      
      516      4.057e-02      
      517      3.814e-02      
      518      3.475e-02      
      519      3.080e-02      
      520      2.678e-02      
      521      2.307e-02      
      522      1.979e-02      
      523      1.698e-02      
      524      1.465e-02      
      526      1.144e-02      
      527      1.041e-02      
      537      6.677e-03      
      538      6.413e-03      
      570      1.000e-02      
      571      1.164e-02      
      573      1.461e-02      
      574      1.578e-02      
      581      1.268e-02      
      582      1.159e-02      
      594      8.361e-03      
      595      7.272e-03      
      598      3.929e-03      
      599      3.111e-03      
      1068      5.805e-03      
      1069      1.655e-02      
      1070      3.787e-02      
      1071      6.989e-02      
      1072      1.046e-01      
      1073      1.277e-01      
      1074      1.286e-01      
      1075      1.085e-01      
      1076      7.856e-02      
      1077      5.063e-02      
      1078      3.055e-02      
      1079      1.842e-02      
      1080      1.192e-02      
      1081      8.766e-03      
      1082      7.396e-03      
      1095      4.039e-03      
      1096      3.029e-03      
      1211      4.344e-03      
      1212      7.032e-03      
      1213      1.031e-02      
      1214      1.361e-02      
      1215      1.630e-02      
      1216      1.815e-02      
      1218      2.080e-02      
      1219      2.235e-02      
      1220      2.425e-02      
      1221      2.686e-02      
      1222      3.066e-02      
      1223      3.579e-02      
      1224      4.172e-02      
      1225      4.749e-02      
      1226      5.234e-02      
      1227      5.607e-02      
      1228      5.899e-02      
      1229      6.140e-02      
      1230      6.325e-02      
      1234      6.023e-02      
      1235      5.794e-02      
      1237      5.473e-02      
      1238      5.370e-02      
      1241      5.011e-02      
      1242      4.831e-02      
      1243      4.610e-02      
      1244      4.349e-02      
      1245      4.064e-02      
      1246      3.779e-02      
      1247      3.515e-02      
      1248      3.280e-02      
      1249      3.069e-02      
      1250      2.864e-02      
      1251      2.651e-02      
      1252      2.427e-02      
      1253      2.207e-02      
      1254      2.011e-02      
      1257      1.675e-02      
      1258      1.623e-02      
      1265      1.306e-02      
      1266      1.223e-02      
      1270      8.391e-03      
      1271      7.698e-03      
      1361      4.032e-03      
      1362      3.404e-03      
      1541      7.039e-03      
      1542      9.746e-03      
      1547      6.031e-03      
      1548      5.295e-03      
      1550      7.076e-03      
      1551      9.404e-03      
      1552      1.253e-02      
      1553      1.650e-02      
      1554      2.124e-02      
      1555      2.627e-02      
      1556      3.063e-02      
      1557      3.363e-02      
      1558      3.529e-02      
      1562      3.236e-02      
      1563      3.081e-02      
      1571      2.699e-02      
      1572      2.585e-02      
      1574      2.297e-02      
      1575      2.163e-02      
      1584      1.779e-02      
      1585      1.664e-02      
      1587      1.332e-02      
      1588      1.140e-02      
      1590      7.715e-03      
      1591      6.092e-03      
      1595      2.458e-03      
      1596      2.096e-03      
      1604      4.822e-03      
      1605      1.016e-02      
      1606      2.081e-02      
      1607      3.706e-02      
      1608      5.465e-02      
      1609      6.582e-02      
      1610      6.538e-02      
      1611      5.548e-02      
      1612      4.325e-02      
      1613      3.457e-02      
      1625      3.178e-02      
      1626      2.992e-02      
      1627      2.754e-02      
      1628      2.472e-02      
      1629      2.170e-02      
      1630      1.873e-02      
      1631      1.595e-02      
      1632      1.343e-02      
      1633      1.123e-02      
      1634      9.458e-03      
      1654      1.209e-02      
      1655      1.355e-02      
      1658      1.649e-02      
      1659      1.770e-02      
      1661      2.110e-02      
      1662      2.307e-02      
      1663      2.508e-02      
      1664      2.706e-02      
      1673      2.402e-02      
      1674      2.304e-02      
      1679      1.944e-02      
      1680      1.803e-02      
      1685      1.447e-02      
      1686      1.387e-02      
      1691      1.039e-02      
      1692      9.961e-03      
      1704      6.121e-03      
      1705      6.075e-03      
      1815      2.588e-03      
      1816      1.957e-03      
      1991      2.323e-03      
      1992      6.904e-03      
      1993      1.662e-02      
      1994      3.252e-02      
      1995      5.181e-02      
      1996      6.742e-02      
      1997      7.199e-02      
      1998      6.370e-02      
      1999      4.762e-02      
      2000      3.115e-02      
      2001      1.886e-02      
      2002      1.134e-02      
      2003      7.184e-03      
      2005      3.543e-03      
      2006      2.686e-03      
      2077      5.934e-03      
      2078      6.794e-03      
      2092      2.986e-03      
      2093      2.307e-03      
      2103      3.649e-03      
      2104      6.275e-03      
      2111      3.170e-03      
      2112      2.411e-03      
      2194      5.449e-03      
      2195      1.730e-02      
      2196      4.397e-02      
      2197      8.994e-02      
      2198      1.496e-01      
      2199      2.065e-01      
      2200      2.452e-01      
      2201      2.661e-01      
      2202      2.812e-01      
      2203      2.975e-01      
      2204      3.086e-01      
      2206      3.097e-01      
      2207      3.255e-01      
      2208      3.629e-01      
      2209      4.113e-01      
      2210      4.525e-01      
      2211      4.736e-01      
      2212      4.722e-01      
      2213      4.537e-01      
      2214      4.268e-01      
      2215      3.982e-01      
      2216      3.713e-01      
      2217      3.468e-01      
      2218      3.240e-01      
      2219      3.020e-01      
      2220      2.805e-01      
      2221      2.596e-01      
      2222      2.402e-01      
      2223      2.232e-01      
      2224      2.093e-01      
      2225      1.982e-01      
      2226      1.892e-01      
      2227      1.817e-01      
      2228      1.748e-01      
      2229      1.677e-01      
      2230      1.598e-01      
      2231      1.507e-01      
      2232      1.405e-01      
      2233      1.297e-01      
      2234      1.188e-01      
      2235      1.082e-01      
      2236      9.815e-02      
      2237      8.871e-02      
      2238      8.017e-02      
      2239      7.278e-02      
      2240      6.678e-02      
      2241      6.215e-02      
      2242      5.866e-02      
      2243      5.595e-02      
      2244      5.372e-02      
      2245      5.179e-02      
      2247      4.810e-02      
      2248      4.608e-02      
      2249      4.396e-02      
      2250      4.181e-02      
      2251      3.966e-02      
      2252      3.754e-02      
      2253      3.548e-02      
      2254      3.345e-02      
      2255      3.130e-02      
      2256      2.886e-02      
      2257      2.606e-02      
      2258      2.309e-02      
      2259      2.024e-02      
      2260      1.781e-02      
      2262      1.460e-02      
      2263      1.363e-02      
      2269      9.873e-03      
      2270      9.741e-03      
      2276      6.120e-03      
      2277      5.752e-03      
      2346      2.307e-03      
      2347      1.539e-03      
      2414      3.381e-03      
      2415      7.629e-03      
      2416      1.410e-02      
      2417      2.167e-02      
      2418      2.824e-02      
      2421      2.801e-02      
      2422      2.249e-02      
      2423      1.672e-02      
      2424      1.207e-02      
      2425      9.193e-03      
      2426      8.157e-03      
      2428      1.037e-02      
      2429      1.291e-02      
      2430      1.595e-02      
      2431      1.908e-02      
      2432      2.181e-02      
      2433      2.368e-02      
      2438      2.030e-02      
      2439      1.836e-02      
      2440      1.633e-02      
      2441      1.426e-02      
      2443      1.049e-02      
      2444      9.068e-03      
      2450      5.347e-03      
      2451      5.088e-03      
      2457      1.406e-03      
      2458      8.690e-04      
      2539      2.158e-03      
      2540      5.266e-03      
      2541      1.023e-02      
      2542      1.592e-02      
      2543      2.002e-02      
      2545      1.795e-02      
      2546      1.363e-02      
      2547      9.534e-03      
      2548      6.526e-03      
      2549      4.598e-03      
      2563      5.258e-03      
      2564      1.032e-02      
      2565      1.946e-02      
      2566      3.151e-02      
      2567      4.247e-02      
      2568      4.769e-02      
      2569      4.536e-02      
      2570      3.791e-02      
      2571      2.991e-02      
      2572      2.488e-02      
      2574      2.649e-02      
      2575      3.166e-02      
      2576      3.914e-02      
      2577      4.883e-02      
      2578      5.967e-02      
      2579      6.913e-02      
      2580      7.444e-02      
      2582      7.174e-02      
      2583      6.839e-02      
      2585      6.860e-02      
      2586      7.278e-02      
      2587      7.831e-02      
      2588      8.374e-02      
      2589      8.812e-02      
      2590      9.130e-02      
      2591      9.354e-02      
      2598      9.083e-02      
      2599      8.819e-02      
      2600      8.511e-02      
      2601      8.151e-02      
      2602      7.751e-02      
      2603      7.349e-02      
      2604      6.988e-02      
      2605      6.695e-02      
      2606      6.463e-02      
      2607      6.254e-02      
      2608      6.026e-02      
      2609      5.760e-02      
      2610      5.467e-02      
      2611      5.173e-02      
      2612      4.898e-02      
      2613      4.640e-02      
      2614      4.381e-02      
      2615      4.112e-02      
      2616      3.843e-02      
      2617      3.600e-02      
      2619      3.251e-02      
      2620      3.120e-02      
      2622      2.835e-02      
      2623      2.675e-02      
      2625      2.384e-02      
      2626      2.262e-02      
      2629      1.879e-02      
      2630      1.752e-02      
      2633      1.390e-02      
      2634      1.237e-02      
      2636      8.957e-03      
      2637      7.521e-03      
      2701      3.834e-03      
      2702      3.368e-03      
      2945      6.816e-03      
      2946      1.336e-02      
      2947      2.099e-02      
      2948      2.726e-02      
      2949      3.132e-02      
      2950      3.538e-02      
      2951      4.217e-02      
      2952      5.051e-02      
      2953      5.511e-02      
      2954      5.163e-02      
      2955      4.107e-02      
      2956      2.839e-02      
      2957      1.795e-02      
      2958      1.111e-02      
      2959      7.136e-03      
      2961      3.542e-03      
      2962      2.686e-03      
      3150      5.803e-03      
      3151      8.947e-03      
      3155      7.007e-03      
      3156      4.935e-03      
      3162      1.143e-03      
      3163      9.688e-04      
      3350      4.478e-03      
      3351      6.439e-03      
      3358      7.460e-03      
      3359      1.080e-02      
      3363      8.345e-03      
      3364      5.854e-03      
      3367      2.234e-03      
      3368      1.762e-03      
      3397      2.908e-03      
      3398      6.112e-03      
      3399      1.055e-02      
      3400      1.527e-02      
      3401      1.903e-02      
      3402      2.084e-02      
      3404      1.769e-02      
      3405      1.388e-02      
      3406      1.006e-02      
      3407      7.003e-03      
      3409      3.559e-03      
      3410      2.691e-03      
      3432      6.495e-03      
      3433      1.008e-02      
      3438      6.928e-03      
      3439      4.989e-03      
      3475      1.327e-03      
      3476      1.127e-03      
      3551      3.397e-03      
      3552      1.076e-02      
      3553      2.710e-02      
      3554      5.414e-02      
      3555      8.622e-02      
      3556      1.105e-01      
      3557      1.158e-01      
      3558      1.013e-01      
      3559      7.652e-02      
      3560      5.241e-02      
      3561      3.505e-02      
      3562      2.538e-02      
      3565      2.649e-02      
      3566      3.147e-02      
      3567      3.679e-02      
      3568      4.169e-02      
      3569      4.563e-02      
      3574      4.318e-02      
      3575      3.971e-02      
      3576      3.634e-02      
      3577      3.320e-02      
      3578      3.024e-02      
      3579      2.742e-02      
      3580      2.478e-02      
      3581      2.246e-02      
      3584      1.881e-02      
      3585      1.854e-02      
      3594      1.523e-02      
      3595      1.312e-02      
      3597      9.839e-03      
      3598      9.082e-03      
      3613      5.704e-03      
      3614      5.027e-03
3624   5.027e-03