0      0.0      
      1      0.000e+00      
      2      0.000e+00      
      33      1.725e-03      
      34      4.812e-03      
      35      1.085e-02      
      36      1.993e-02      
      37      3.018e-02      
      38      3.808e-02      
      40      3.627e-02      
      41      2.773e-02      
      42      1.833e-02      
      43      1.101e-02      
      44      6.744e-03      
      280      3.203e-03      
      281      2.772e-03      
      370      5.190e-03      
      371      6.670e-03      
      412      8.746e-03      
      413      1.168e-02      
      414      1.775e-02      
      415      2.757e-02      
      416      4.012e-02      
      417      5.284e-02      
      418      6.314e-02      
      419      6.985e-02      
      420      7.364e-02      
      421      7.703e-02      
      422      8.374e-02      
      423      9.655e-02      
      424      1.147e-01      
      425      1.333e-01      
      426      1.470e-01      
      427      1.539e-01      
      428      1.573e-01      
      429      1.614e-01      
      430      1.682e-01      
      431      1.769e-01      
      432      1.853e-01      
      433      1.913e-01      
      436      1.884e-01      
      437      1.816e-01      
      438      1.730e-01      
      439      1.629e-01      
      440      1.513e-01      
      441      1.379e-01      
      442      1.235e-01      
      443      1.095e-01      
      444      9.799e-02      
      445      9.098e-02      
      447      9.160e-02      
      448      9.542e-02      
      450      9.604e-02      
      451      9.095e-02      
      452      8.371e-02      
      453      7.613e-02      
      454      6.958e-02      
      455      6.465e-02      
      456      6.121e-02      
      457      5.874e-02      
      458      5.674e-02      
      459      5.498e-02      
      461      5.192e-02      
      462      5.063e-02      
      465      4.728e-02      
      466      4.596e-02      
      468      4.250e-02      
      469      4.052e-02      
      470      3.851e-02      
      471      3.652e-02      
      472      3.460e-02      
      473      3.281e-02      
      475      2.982e-02      
      476      2.873e-02      
      479      3.216e-02      
      480      3.756e-02      
      481      4.418e-02      
      482      5.017e-02      
      483      5.512e-02      
      484      6.089e-02      
      485      6.921e-02      
      486      7.847e-02      
      487      8.435e-02      
      488      8.416e-02      
      489      7.954e-02      
      490      7.436e-02      
      491      7.114e-02      
      492      6.980e-02      
      494      6.765e-02      
      495      6.537e-02      
      496      6.251e-02      
      497      5.965e-02      
      498      5.715e-02      
      499      5.504e-02      
      500      5.314e-02      
      501      5.127e-02      
      503      4.790e-02      
      504      4.660e-02      
      506      4.408e-02      
      507      4.241e-02      
      508      4.040e-02      
      509      3.818e-02      
      510      3.591e-02      
      511      3.368e-02      
      512      3.153e-02      
      513      2.948e-02      
      514      2.758e-02      
      515      2.586e-02      
      517      2.291e-02      
      518      2.144e-02      
      520      1.812e-02      
      521      1.643e-02      
      523      1.347e-02      
      524      1.223e-02      
      581      9.248e-03      
      582      7.931e-03      
      685      4.444e-03      
      686      4.304e-03      
      816      8.008e-04      
      817      3.687e-04      
      1067      2.501e-03      
      1068      8.634e-03      
      1069      2.366e-02      
      1070      5.152e-02      
      1071      8.929e-02      
      1072      1.233e-01      
      1073      1.361e-01      
      1074      1.203e-01      
      1075      8.564e-02      
      1076      4.959e-02      
      1077      2.374e-02      
      1078      9.694e-03      
      1079      3.598e-03      
      1088      3.687e-05      
      1089      1.374e-05      
      1206      3.577e-03      
      1207      3.600e-03      
      1210      5.087e-03      
      1211      7.514e-03      
      1212      1.194e-02      
      1213      1.814e-02      
      1214      2.458e-02      
      1215      2.914e-02      
      1218      2.705e-02      
      1219      2.491e-02      
      1223      2.740e-02      
      1224      2.893e-02      
      1229      2.573e-02      
      1230      2.451e-02      
      1232      2.165e-02      
      1233      2.025e-02      
      1238      1.674e-02      
      1239      1.601e-02      
      1260      1.251e-02      
      1261      1.230e-02      
      1287      8.870e-03      
      1288      8.669e-03      
      1331      5.444e-03      
      1332      5.008e-03      
      1539      7.476e-03      
      1540      1.072e-02      
      1541      1.387e-02      
      1542      1.527e-02      
      1543      1.410e-02      
      1544      1.115e-02      
      1545      8.030e-03      
      1546      5.829e-03      
      1553      7.715e-03      
      1554      1.157e-02      
      1555      1.585e-02      
      1559      1.293e-02      
      1560      1.061e-02      
      1579      1.381e-02      
      1580      1.512e-02      
      1587      1.193e-02      
      1588      1.146e-02      
      1599      1.482e-02      
      1600      1.605e-02      
      1602      1.841e-02      
      1603      1.972e-02      
      1604      2.205e-02      
      1605      2.729e-02      
      1606      3.761e-02      
      1607      5.285e-02      
      1608      6.788e-02      
      1609      7.462e-02      
      1610      6.885e-02      
      1611      5.434e-02      
      1612      3.913e-02      
      1613      2.873e-02      
      1614      2.376e-02      
      1621      2.028e-02      
      1622      2.010e-02      
      1626      1.739e-02      
      1627      1.626e-02      
      1653      1.920e-02      
      1654      1.994e-02      
      1659      1.693e-02      
      1660      1.546e-02      
      1669      1.226e-02      
      1670      1.150e-02      
      1713      8.293e-03      
      1714      7.534e-03      
      1794      4.005e-03      
      1795      3.952e-03      
      1975      8.008e-04      
      1976      3.687e-04      
      1990      1.391e-03      
      1991      4.460e-03      
      1992      1.176e-02      
      1993      2.574e-02      
      1994      4.702e-02      
      1995      7.172e-02      
      1996      9.078e-02      
      1997      9.455e-02      
      1998      8.050e-02      
      1999      5.607e-02      
      2000      3.255e-02      
      2001      1.670e-02      
      2002      8.685e-03      
      2003      5.485e-03      
      2004      4.406e-03      
      2193      6.549e-03      
      2194      1.475e-02      
      2195      3.721e-02      
      2196      8.490e-02      
      2197      1.622e-01      
      2198      2.554e-01      
      2199      3.353e-01      
      2200      3.820e-01      
      2201      4.062e-01      
      2202      4.364e-01      
      2203      4.792e-01      
      2204      5.065e-01      
      2205      4.884e-01      
      2206      4.290e-01      
      2207      3.610e-01      
      2208      3.125e-01      
      2209      2.893e-01      
      2210      2.811e-01      
      2211      2.765e-01      
      2212      2.698e-01      
      2213      2.603e-01      
      2214      2.493e-01      
      2215      2.369e-01      
      2216      2.219e-01      
      2217      2.035e-01      
      2218      1.821e-01      
      2219      1.599e-01      
      2220      1.390e-01      
      2221      1.210e-01      
      2222      1.060e-01      
      2223      9.354e-02      
      2224      8.293e-02      
      2225      7.382e-02      
      2226      6.622e-02      
      2227      6.020e-02      
      2228      5.564e-02      
      2229      5.225e-02      
      2230      4.969e-02      
      2231      4.764e-02      
      2232      4.574e-02      
      2233      4.377e-02      
      2234      4.172e-02      
      2235      3.978e-02      
      2236      3.808e-02      
      2238      3.543e-02      
      2239      3.419e-02      
      2241      3.100e-02      
      2242      2.902e-02      
      2243      2.704e-02      
      2244      2.521e-02      
      2246      2.188e-02      
      2247      2.014e-02      
      2248      1.834e-02      
      2249      1.654e-02      
      2251      1.321e-02      
      2252      1.184e-02      
      2274      8.343e-03      
      2275      7.998e-03      
      2365      4.452e-03      
      2366      4.265e-03      
      2413      5.756e-03      
      2414      9.563e-03      
      2415      1.672e-02      
      2416      2.679e-02      
      2417      3.687e-02      
      2418      4.292e-02      
      2419      4.273e-02      
      2420      3.740e-02      
      2421      2.981e-02      
      2422      2.223e-02      
      2423      1.574e-02      
      2424      1.077e-02      
      2425      7.502e-03      
      2426      5.817e-03      
      2563      7.601e-03      
      2564      1.623e-02      
      2565      3.476e-02      
      2566      6.395e-02      
      2567      9.570e-02      
      2568      1.149e-01      
      2569      1.109e-01      
      2570      8.761e-02      
      2571      5.892e-02      
      2572      3.689e-02      
      2573      2.485e-02      
      2574      2.007e-02      
      2587      1.665e-02      
      2588      1.617e-02      
      2599      1.279e-02      
      2600      1.244e-02      
      2617      1.578e-02      
      2618      1.611e-02      
      2621      1.374e-02      
      2622      1.235e-02      
      2644      8.817e-03      
      2645      8.756e-03      
      2653      5.240e-03      
      2654      5.112e-03      
      2939      2.363e-03      
      2940      1.526e-03      
      2947      4.580e-03      
      2948      6.390e-03      
      2949      8.993e-03      
      2950      1.417e-02      
      2951      2.320e-02      
      2952      3.420e-02      
      2953      4.190e-02      
      2954      4.145e-02      
      2955      3.292e-02      
      2956      2.108e-02      
      2957      1.104e-02      
      2958      4.905e-03      
      2959      2.013e-03      
      2960      8.953e-04      
      3148      4.295e-03      
      3149      5.338e-03      
      3151      8.662e-03      
      3152      9.630e-03      
      3155      6.423e-03      
      3156      5.200e-03      
      3228      2.142e-03      
      3229      1.430e-03      
      3431      4.556e-03      
      3432      5.452e-03      
      3551      6.617e-03      
      3552      1.345e-02      
      3553      2.889e-02      
      3554      5.513e-02      
      3555      8.751e-02      
      3556      1.139e-01      
      3557      1.223e-01      
      3558      1.106e-01      
      3559      8.754e-02      
      3560      6.453e-02      
      3561      4.795e-02      
      3562      3.834e-02      
      3563      3.354e-02      
      3566      3.018e-02      
      3567      2.971e-02      
      3569      2.748e-02      
      3570      2.592e-02      
      3572      2.270e-02      
      3573      2.118e-02      
      3575      1.865e-02      
      3576      1.761e-02      
      3581      1.429e-02      
      3582      1.396e-02      
      3600      1.049e-02      
      3601      9.956e-03      
      3614      6.774e-03      
      3615      6.342e-03
3624   6.342e-03