0      0.0      
      1      4.762e-03      
      34      7.062e-03      
      35      1.014e-02      
      36      1.490e-02      
      37      2.033e-02      
      38      2.446e-02      
      39      2.557e-02      
      40      2.317e-02      
      41      1.825e-02      
      42      1.249e-02      
      43      7.434e-03      
      44      3.852e-03      
      45      1.737e-03      
      297      5.995e-03      
      298      7.066e-03      
      307      2.919e-03      
      308      2.091e-03      
      391      6.438e-03      
      392      8.187e-03      
      394      1.230e-02      
      395      1.325e-02      
      399      9.775e-03      
      400      8.195e-03      
      415      9.749e-03      
      416      1.299e-02      
      417      1.731e-02      
      418      2.258e-02      
      419      2.794e-02      
      420      3.188e-02      
      421      3.333e-02      
      424      2.954e-02      
      425      2.772e-02      
      426      2.503e-02      
      427      2.171e-02      
      431      1.714e-02      
      432      1.691e-02      
      441      2.092e-02      
      442      2.198e-02      
      445      2.579e-02      
      446      2.782e-02      
      480      3.228e-02      
      481      3.664e-02      
      482      4.067e-02      
      483      4.403e-02      
      484      4.756e-02      
      485      5.200e-02      
      486      5.615e-02      
      487      5.717e-02      
      488      5.345e-02      
      489      4.648e-02      
      490      3.958e-02      
      491      3.509e-02      
      492      3.326e-02      
      507      3.746e-02      
      508      3.803e-02      
      517      3.347e-02      
      518      3.321e-02      
      526      2.857e-02      
      527      2.840e-02      
      543      2.375e-02      
      544      2.363e-02      
      590      1.899e-02      
      591      1.886e-02      
      615      1.410e-02      
      616      1.379e-02      
      689      9.033e-03      
      690      8.458e-03      
      1069      1.111e-02      
      1070      1.978e-02      
      1071      3.297e-02      
      1072      4.684e-02      
      1073      5.464e-02      
      1074      5.173e-02      
      1075      3.968e-02      
      1076      2.474e-02      
      1077      1.262e-02      
      1078      5.296e-03      
      1079      1.839e-03      
      1080      5.302e-04      
      1147      5.070e-03      
      1148      5.338e-03      
      1214      8.561e-03      
      1215      1.124e-02      
      1216      1.494e-02      
      1217      1.882e-02      
      1221      1.680e-02      
      1222      1.384e-02      
      1225      9.945e-03      
      1226      8.799e-03      
      1503      4.184e-03      
      1504      3.913e-03      
      1539      7.435e-03      
      1540      1.102e-02      
      1545      6.550e-03      
      1546      3.550e-03      
      1555      8.034e-03      
      1556      1.105e-02      
      1560      8.063e-03      
      1561      4.832e-03      
      1579      8.055e-03      
      1580      1.026e-02      
      1585      5.575e-03      
      1586      5.023e-03      
      1605      7.854e-03      
      1606      1.228e-02      
      1607      1.907e-02      
      1608      2.608e-02      
      1611      2.148e-02      
      1612      1.442e-02      
      1613      9.222e-03      
      1981      4.633e-03      
      1982      4.454e-03      
      1992      6.774e-03      
      1993      1.101e-02      
      1994      1.990e-02      
      1995      3.338e-02      
      1996      4.704e-02      
      1997      5.359e-02      
      1998      4.887e-02      
      1999      3.590e-02      
      2000      2.183e-02      
      2001      1.177e-02      
      2002      6.515e-03      
      2008      1.864e-03      
      2009      1.057e-03      
      2103      5.543e-03      
      2104      6.497e-03      
      2106      1.040e-02      
      2107      1.320e-02      
      2112      9.274e-03      
      2113      6.183e-03      
      2115      2.238e-03      
      2116      1.156e-03      
      2194      5.326e-03      
      2195      6.647e-03      
      2196      9.802e-03      
      2197      1.566e-02      
      2198      2.441e-02      
      2199      3.613e-02      
      2200      5.287e-02      
      2201      7.907e-02      
      2202      1.157e-01      
      2203      1.525e-01      
      2204      1.698e-01      
      2205      1.550e-01      
      2206      1.152e-01      
      2207      7.035e-02      
      2208      3.659e-02      
      2209      1.806e-02      
      2210      1.062e-02      
      2216      1.446e-02      
      2217      1.619e-02      
      2219      1.983e-02      
      2220      2.140e-02      
      2231      2.572e-02      
      2232      2.667e-02      
      2245      3.124e-02      
      2246      3.177e-02      
      2252      2.774e-02      
      2253      2.690e-02      
      2274      2.276e-02      
      2275      2.196e-02      
      2298      1.734e-02      
      2299      1.630e-02      
      2344      1.238e-02      
      2345      1.143e-02      
      2395      6.723e-03      
      2396      6.013e-03      
      2413      1.076e-02      
      2414      1.308e-02      
      2415      1.773e-02      
      2416      2.478e-02      
      2417      3.253e-02      
      2418      3.794e-02      
      2420      3.483e-02      
      2421      2.857e-02      
      2422      2.222e-02      
      2423      1.712e-02      
      2424      1.358e-02      
      2425      1.143e-02      
      2513      7.618e-03      
      2514      6.668e-03      
      2564      1.089e-02      
      2565      1.881e-02      
      2566      3.021e-02      
      2567      4.120e-02      
      2568      4.602e-02      
      2569      4.174e-02      
      2570      3.109e-02      
      2571      1.979e-02      
      2572      1.194e-02      
      2577      1.601e-02      
      2578      2.013e-02      
      2581      1.876e-02      
      2582      1.532e-02      
      2633      1.059e-02      
      2634      1.002e-02      
      2683      5.830e-03      
      2684      5.254e-03      
      2946      8.582e-03      
      2947      1.076e-02      
      2950      1.425e-02      
      2951      1.742e-02      
      2952      2.328e-02      
      2953      2.942e-02      
      2955      2.806e-02      
      2956      2.013e-02      
      2957      1.180e-02      
      2958      5.733e-03      
      2959      2.358e-03      
      2960      8.346e-04      
      3150      4.202e-03      
      3151      6.490e-03      
      3156      1.964e-03      
      3157      8.159e-04      
      3350      4.033e-03      
      3351      5.868e-03      
      3355      2.159e-03      
      3356      8.999e-04      
      3401      4.473e-03      
      3402      5.664e-03      
      3407      1.323e-03      
      3408      5.133e-04      
      3433      5.030e-03      
      3434      5.699e-03      
      3437      1.850e-03      
      3438      7.713e-04      
      3552      2.770e-03      
      3553      7.175e-03      
      3554      1.474e-02      
      3555      2.414e-02      
      3556      3.169e-02      
      3558      2.961e-02      
      3559      2.212e-02      
      3560      1.466e-02      
      3561      8.949e-03      
      3562      5.064e-03      
      3563      2.575e-03
3624   2.575e-03