0      0.0      
      1      3.226e-03      
      32      3.554e-03      
      33      4.365e-03      
      34      6.392e-03      
      35      1.032e-02      
      36      1.617e-02      
      37      2.270e-02      
      38      2.768e-02      
      40      2.639e-02      
      41      2.063e-02      
      42      1.408e-02      
      43      8.767e-03      
      44      5.514e-03      
      415      8.641e-03      
      416      1.207e-02      
      417      1.632e-02      
      418      2.093e-02      
      419      2.475e-02      
      422      2.188e-02      
      423      1.894e-02      
      424      1.695e-02      
      425      1.532e-02      
      426      1.312e-02      
      427      1.026e-02      
      428      7.528e-03      
      429      5.721e-03      
      480      8.142e-03      
      481      1.117e-02      
      482      1.475e-02      
      483      1.968e-02      
      484      2.737e-02      
      485      3.759e-02      
      486      4.665e-02      
      488      4.371e-02      
      489      3.290e-02      
      490      2.227e-02      
      491      1.503e-02      
      492      1.125e-02      
      494      8.508e-03      
      495      7.765e-03      
      641      5.160e-03      
      642      4.517e-03      
      1068      7.735e-03      
      1069      1.600e-02      
      1070      3.194e-02      
      1071      5.450e-02      
      1072      7.600e-02      
      1073      8.544e-02      
      1074      7.734e-02      
      1075      5.674e-02      
      1076      3.436e-02      
      1077      1.794e-02      
      1078      8.923e-03      
      1079      5.052e-03      
      1212      6.543e-03      
      1213      9.367e-03      
      1214      1.285e-02      
      1215      1.636e-02      
      1216      1.927e-02      
      1217      2.106e-02      
      1219      1.960e-02      
      1220      1.647e-02      
      1221      1.285e-02      
      1222      9.784e-03      
      1223      7.716e-03      
      1226      4.753e-03      
      1227      4.082e-03      
      1539      7.140e-03      
      1540      1.022e-02      
      1541      1.303e-02      
      1542      1.401e-02      
      1543      1.252e-02      
      1544      9.498e-03      
      1545      6.534e-03      
      1546      4.589e-03      
      1554      6.384e-03      
      1555      9.104e-03      
      1556      1.185e-02      
      1557      1.322e-02      
      1558      1.236e-02      
      1559      9.822e-03      
      1560      6.991e-03      
      1561      4.926e-03      
      1605      6.825e-03      
      1606      1.188e-02      
      1607      1.944e-02      
      1608      2.690e-02      
      1609      3.018e-02      
      1610      2.715e-02      
      1611      1.980e-02      
      1612      1.218e-02      
      1613      7.005e-03      
      1614      4.472e-03      
      1615      3.547e-03      
      1992      6.049e-03      
      1993      1.138e-02      
      1994      2.202e-02      
      1995      3.753e-02      
      1996      5.256e-02      
      1997      5.897e-02      
      1998      5.262e-02      
      1999      3.755e-02      
      2000      2.203e-02      
      2001      1.158e-02      
      2002      6.655e-03      
      2007      3.644e-03      
      2008      3.400e-03      
      2193      4.090e-03      
      2194      6.693e-03      
      2195      1.423e-02      
      2196      3.090e-02      
      2197      5.852e-02      
      2198      9.166e-02      
      2199      1.183e-01      
      2200      1.298e-01      
      2202      1.300e-01      
      2203      1.339e-01      
      2204      1.325e-01      
      2205      1.156e-01      
      2206      8.472e-02      
      2207      5.138e-02      
      2208      2.625e-02      
      2209      1.216e-02      
      2210      6.178e-03      
      2414      7.654e-03      
      2415      1.411e-02      
      2416      2.440e-02      
      2417      3.598e-02      
      2418      4.388e-02      
      2419      4.441e-02      
      2420      3.820e-02      
      2421      2.906e-02      
      2422      2.046e-02      
      2423      1.376e-02      
      2424      9.007e-03      
      2425      5.973e-03      
      2426      4.318e-03      
      2563      4.826e-03      
      2564      8.133e-03      
      2565      1.500e-02      
      2566      2.534e-02      
      2567      3.574e-02      
      2568      4.066e-02      
      2569      3.701e-02      
      2570      2.714e-02      
      2571      1.652e-02      
      2572      9.040e-03      
      2573      5.247e-03      
      2950      7.497e-03      
      2951      1.153e-02      
      2952      1.769e-02      
      2953      2.384e-02      
      2955      2.368e-02      
      2956      1.728e-02      
      2957      1.075e-02      
      2958      6.361e-03      
      3140      3.189e-03      
      3141      3.102e-03      
      3553      3.745e-03      
      3554      8.731e-03      
      3555      1.621e-02      
      3556      2.408e-02      
      3557      2.895e-02      
      3558      2.863e-02      
      3559      2.385e-02      
      3560      1.715e-02      
      3561      1.081e-02      
      3562      5.953e-03      
      3563      2.807e-03      
      3564      1.106e-03
3624   1.106e-03