0      0.0      
      1      9.875e-03      
      35      2.905e-02      
      36      5.321e-02      
      37      8.719e-02      
      38      1.236e-01      
      39      1.510e-01      
      41      1.467e-01      
      42      1.184e-01      
      43      8.546e-02      
      44      5.721e-02      
      45      3.750e-02      
      46      2.552e-02      
      417      4.092e-02      
      418      6.522e-02      
      419      9.705e-02      
      420      1.283e-01      
      421      1.491e-01      
      422      1.540e-01      
      423      1.450e-01      
      424      1.287e-01      
      425      1.112e-01      
      426      9.608e-02      
      433      7.445e-02      
      434      6.873e-02      
      442      8.881e-02      
      443      9.684e-02      
      446      1.212e-01      
      447      1.314e-01      
      459      1.080e-01      
      460      1.040e-01      
      475      7.994e-02      
      476      7.755e-02      
      479      8.796e-02      
      480      1.069e-01      
      481      1.346e-01      
      482      1.657e-01      
      483      1.956e-01      
      484      2.263e-01      
      485      2.634e-01      
      486      3.041e-01      
      487      3.326e-01      
      488      3.318e-01      
      489      3.002e-01      
      490      2.534e-01      
      491      2.101e-01      
      492      1.803e-01      
      494      1.572e-01      
      495      1.553e-01      
      515      1.304e-01      
      516      1.216e-01      
      522      9.754e-02      
      523      9.420e-02      
      615      6.944e-02      
      616      6.891e-02      
      738      4.403e-02      
      739      4.351e-02      
      865      1.900e-02      
      866      1.850e-02      
      1069      2.406e-02      
      1070      5.314e-02      
      1071      1.084e-01      
      1072      1.868e-01      
      1073      2.653e-01      
      1074      3.094e-01      
      1075      2.984e-01      
      1076      2.418e-01      
      1077      1.691e-01      
      1078      1.063e-01      
      1079      6.351e-02      
      1080      3.858e-02      
      1081      2.521e-02      
      1216      3.617e-02      
      1217      5.463e-02      
      1223      3.714e-02      
      1224      2.926e-02      
      1607      3.836e-02      
      1608      5.582e-02      
      1614      3.206e-02      
      1615      2.565e-02      
      1993      3.459e-02      
      1994      7.468e-02      
      1995      1.431e-01      
      1996      2.284e-01      
      1997      2.983e-01      
      1999      2.844e-01      
      2000      2.148e-01      
      2001      1.426e-01      
      2002      8.783e-02      
      2003      5.395e-02      
      2004      3.559e-02      
      2005      2.614e-02      
      2105      3.295e-02      
      2106      6.659e-02      
      2107      1.214e-01      
      2108      1.853e-01      
      2109      2.318e-01      
      2110      2.380e-01      
      2111      2.035e-01      
      2112      1.487e-01      
      2113      9.683e-02      
      2114      5.960e-02      
      2115      3.715e-02      
      2116      2.486e-02      
      2197      4.677e-02      
      2198      7.532e-02      
      2199      1.126e-01      
      2200      1.641e-01      
      2201      2.444e-01      
      2202      3.634e-01      
      2203      5.033e-01      
      2204      6.133e-01      
      2205      6.412e-01      
      2206      5.745e-01      
      2207      4.479e-01      
      2208      3.128e-01      
      2209      2.037e-01      
      2210      1.297e-01      
      2211      8.475e-02      
      2212      5.930e-02      
      2221      7.892e-02      
      2222      8.562e-02      
      2229      1.094e-01      
      2230      1.119e-01      
      2249      8.779e-02      
      2250      8.441e-02      
      2297      5.998e-02      
      2298      5.853e-02      
      2415      7.395e-02      
      2416      1.085e-01      
      2417      1.555e-01      
      2418      2.014e-01      
      2419      2.281e-01      
      2420      2.259e-01      
      2421      1.988e-01      
      2422      1.596e-01      
      2423      1.211e-01      
      2424      9.059e-02      
      2425      6.973e-02      
      2426      5.690e-02      
      2466      3.248e-02      
      2467      3.029e-02      
      2565      5.332e-02      
      2566      7.590e-02      
      2570      5.785e-02      
      2571      4.032e-02      
      2575      4.418e-02      
      2576      7.598e-02      
      2577      1.197e-01      
      2578      1.604e-01      
      2580      1.671e-01      
      2581      1.335e-01      
      2582      9.562e-02      
      2583      6.735e-02      
      2590      5.341e-02      
      2591      4.206e-02      
      2754      1.749e-02      
      2755      1.674e-02      
      2947      3.782e-02      
      2948      5.113e-02      
      2949      6.567e-02      
      2950      8.920e-02      
      2951      1.375e-01      
      2952      2.194e-01      
      2953      3.167e-01      
      2954      3.848e-01      
      2955      3.860e-01      
      2956      3.219e-01      
      2957      2.286e-01      
      2958      1.439e-01      
      2959      8.500e-02      
      2960      5.056e-02      
      2961      3.223e-02      
      2962      2.272e-02      
      3401      4.197e-02      
      3402      5.798e-02      
      3407      4.543e-02      
      3408      3.203e-02
3624   3.203e-02