0      0.0      
      1      2.128e-03      
      33      3.472e-03      
      34      5.918e-03      
      35      1.078e-02      
      36      1.829e-02      
      37      2.720e-02      
      38      3.498e-02      
      39      3.910e-02      
      40      3.840e-02      
      41      3.368e-02      
      42      2.706e-02      
      43      2.073e-02      
      44      1.584e-02      
      45      1.253e-02      
      46      1.049e-02      
      47      9.348e-03      
      51      7.818e-03      
      52      7.182e-03      
      54      5.578e-03      
      55      4.928e-03      
      60      2.980e-03      
      61      2.605e-03      
      298      4.202e-03      
      299      5.904e-03      
      300      7.527e-03      
      301      8.195e-03      
      302      7.495e-03      
      303      5.886e-03      
      304      4.238e-03      
      305      3.107e-03      
      370      4.576e-03      
      371      6.867e-03      
      372      9.457e-03      
      373      1.139e-02      
      374      1.209e-02      
      378      1.026e-02      
      379      9.601e-03      
      385      7.896e-03      
      386      7.421e-03      
      389      5.417e-03      
      390      5.147e-03      
      392      6.670e-03      
      393      8.814e-03      
      394      1.163e-02      
      395      1.455e-02      
      396      1.702e-02      
      397      1.877e-02      
      398      1.967e-02      
      400      1.862e-02      
      401      1.698e-02      
      402      1.518e-02      
      403      1.373e-02      
      412      1.497e-02      
      413      1.711e-02      
      414      2.220e-02      
      415      3.117e-02      
      416      4.388e-02      
      417      5.906e-02      
      418      7.473e-02      
      419      8.887e-02      
      420      1.003e-01      
      421      1.097e-01      
      422      1.199e-01      
      423      1.335e-01      
      424      1.504e-01      
      425      1.667e-01      
      426      1.778e-01      
      427      1.823e-01      
      428      1.833e-01      
      429      1.848e-01      
      430      1.884e-01      
      431      1.925e-01      
      432      1.937e-01      
      433      1.899e-01      
      434      1.811e-01      
      435      1.692e-01      
      436      1.559e-01      
      437      1.424e-01      
      438      1.294e-01      
      439      1.173e-01      
      440      1.061e-01      
      441      9.551e-02      
      442      8.577e-02      
      443      7.727e-02      
      444      7.071e-02      
      445      6.683e-02      
      447      6.789e-02      
      448      7.076e-02      
      451      6.989e-02      
      452      6.641e-02      
      453      6.260e-02      
      454      5.880e-02      
      455      5.511e-02      
      456      5.170e-02      
      457      4.867e-02      
      458      4.600e-02      
      459      4.362e-02      
      460      4.156e-02      
      461      3.995e-02      
      466      3.811e-02      
      467      3.718e-02      
      468      3.548e-02      
      469      3.311e-02      
      470      3.032e-02      
      471      2.742e-02      
      472      2.456e-02      
      473      2.179e-02      
      474      1.913e-02      
      475      1.669e-02      
      476      1.475e-02      
      477      1.373e-02      
      478      1.424e-02      
      479      1.688e-02      
      480      2.178e-02      
      481      2.806e-02      
      482      3.443e-02      
      483      4.069e-02      
      484      4.840e-02      
      485      5.892e-02      
      486      7.090e-02      
      487      8.042e-02      
      488      8.428e-02      
      489      8.259e-02      
      490      7.808e-02      
      491      7.357e-02      
      492      7.036e-02      
      493      6.842e-02      
      494      6.711e-02      
      495      6.569e-02      
      496      6.361e-02      
      497      6.061e-02      
      498      5.684e-02      
      499      5.268e-02      
      500      4.850e-02      
      501      4.451e-02      
      502      4.087e-02      
      503      3.767e-02      
      504      3.492e-02      
      505      3.249e-02      
      506      3.020e-02      
      507      2.795e-02      
      508      2.581e-02      
      509      2.393e-02      
      510      2.242e-02      
      511      2.121e-02      
      512      2.009e-02      
      513      1.882e-02      
      514      1.730e-02      
      515      1.565e-02      
      516      1.403e-02      
      517      1.254e-02      
      518      1.121e-02      
      519      9.938e-03      
      520      8.686e-03      
      521      7.470e-03      
      522      6.376e-03      
      539      4.250e-03      
      540      4.231e-03      
      895      2.103e-03      
      896      2.046e-03      
      1067      2.021e-03      
      1068      6.973e-03      
      1069      1.911e-02      
      1070      4.167e-02      
      1071      7.254e-02      
      1072      1.012e-01      
      1073      1.137e-01      
      1074      1.044e-01      
      1075      7.994e-02      
      1076      5.334e-02      
      1077      3.332e-02      
      1078      2.129e-02      
      1079      1.469e-02      
      1080      1.088e-02      
      1081      8.389e-03      
      1082      6.682e-03      
      1083      5.541e-03      
      1087      3.430e-03      
      1088      2.985e-03      
      1209      3.797e-03      
      1210      5.349e-03      
      1211      7.793e-03      
      1212      1.144e-02      
      1213      1.640e-02      
      1214      2.224e-02      
      1215      2.813e-02      
      1216      3.332e-02      
      1217      3.730e-02      
      1218      3.966e-02      
      1221      3.788e-02      
      1222      3.736e-02      
      1226      3.555e-02      
      1227      3.223e-02      
      1228      2.862e-02      
      1229      2.542e-02      
      1230      2.297e-02      
      1231      2.134e-02      
      1232      2.047e-02      
      1240      1.868e-02      
      1241      1.831e-02      
      1243      1.696e-02      
      1244      1.609e-02      
      1247      1.413e-02      
      1248      1.382e-02      
      1254      1.205e-02      
      1255      1.142e-02      
      1258      9.460e-03      
      1259      8.995e-03      
      1263      7.445e-03      
      1264      6.759e-03      
      1267      4.814e-03      
      1268      4.500e-03      
      1290      2.605e-03      
      1291      2.347e-03      
      1537      3.438e-03      
      1538      5.284e-03      
      1539      8.852e-03      
      1540      1.418e-02      
      1541      1.985e-02      
      1542      2.347e-02      
      1543      2.343e-02      
      1544      2.025e-02      
      1545      1.590e-02      
      1546      1.209e-02      
      1547      9.441e-03      
      1548      7.801e-03      
      1549      6.838e-03      
      1552      7.602e-03      
      1553      1.087e-02      
      1554      1.686e-02      
      1555      2.475e-02      
      1556      3.209e-02      
      1557      3.647e-02      
      1559      3.551e-02      
      1560      3.266e-02      
      1561      2.952e-02      
      1562      2.645e-02      
      1563      2.362e-02      
      1564      2.103e-02      
      1565      1.865e-02      
      1566      1.654e-02      
      1567      1.483e-02      
      1569      1.272e-02      
      1570      1.215e-02      
      1577      1.361e-02      
      1578      1.591e-02      
      1579      1.841e-02      
      1580      2.056e-02      
      1588      1.867e-02      
      1589      1.818e-02      
      1591      1.608e-02      
      1592      1.463e-02      
      1593      1.315e-02      
      1594      1.181e-02      
      1595      1.065e-02      
      1596      9.670e-03      
      1598      8.007e-03      
      1599      7.238e-03      
      1604      7.045e-03      
      1605      1.228e-02      
      1606      2.357e-02      
      1607      4.108e-02      
      1608      5.979e-02      
      1609      7.120e-02      
      1610      7.025e-02      
      1611      6.000e-02      
      1612      4.823e-02      
      1613      4.044e-02      
      1614      3.730e-02      
      1620      3.552e-02      
      1621      3.362e-02      
      1622      3.143e-02      
      1623      2.915e-02      
      1624      2.684e-02      
      1625      2.444e-02      
      1626      2.192e-02      
      1627      1.932e-02      
      1628      1.682e-02      
      1629      1.463e-02      
      1630      1.291e-02      
      1631      1.170e-02      
      1634      9.846e-03      
      1635      9.379e-03      
      1647      7.441e-03      
      1648      6.768e-03      
      1657      8.671e-03      
      1658      9.690e-03      
      1668      7.632e-03      
      1669      7.478e-03      
      1679      9.604e-03      
      1680      1.004e-02      
      1689      7.921e-03      
      1690      7.300e-03      
      1694      5.270e-03      
      1695      4.829e-03      
      1703      2.979e-03      
      1704      2.605e-03      
      1963      8.516e-04      
      1964      4.771e-04      
      1991      1.585e-03      
      1992      4.758e-03      
      1993      1.215e-02      
      1994      2.602e-02      
      1995      4.604e-02      
      1996      6.657e-02      
      1997      7.855e-02      
      1998      7.643e-02      
      1999      6.298e-02      
      2000      4.612e-02      
      2001      3.212e-02      
      2002      2.270e-02      
      2003      1.687e-02      
      2004      1.325e-02      
      2005      1.093e-02      
      2006      9.324e-03      
      2007      8.081e-03      
      2009      6.094e-03      
      2010      5.328e-03      
      2014      3.429e-03      
      2015      2.985e-03      
      2104      5.071e-03      
      2105      5.999e-03      
      2116      4.120e-03      
      2117      3.804e-03      
      2193      4.253e-03      
      2194      9.910e-03      
      2195      2.513e-02      
      2196      5.705e-02      
      2197      1.084e-01      
      2198      1.703e-01      
      2199      2.247e-01      
      2200      2.598e-01      
      2201      2.830e-01      
      2202      3.115e-01      
      2203      3.493e-01      
      2204      3.821e-01      
      2205      3.970e-01      
      2206      3.994e-01      
      2207      4.039e-01      
      2208      4.144e-01      
      2209      4.206e-01      
      2210      4.105e-01      
      2211      3.814e-01      
      2212      3.402e-01      
      2213      2.964e-01      
      2214      2.567e-01      
      2215      2.233e-01      
      2216      1.958e-01      
      2217      1.724e-01      
      2218      1.519e-01      
      2219      1.336e-01      
      2220      1.175e-01      
      2221      1.038e-01      
      2222      9.248e-02      
      2223      8.302e-02      
      2224      7.486e-02      
      2225      6.747e-02      
      2226      6.050e-02      
      2227      5.377e-02      
      2228      4.732e-02      
      2229      4.144e-02      
      2230      3.653e-02      
      2231      3.284e-02      
      2232      3.031e-02      
      2233      2.864e-02      
      2234      2.749e-02      
      2236      2.588e-02      
      2237      2.505e-02      
      2238      2.400e-02      
      2239      2.261e-02      
      2240      2.091e-02      
      2241      1.906e-02      
      2242      1.735e-02      
      2243      1.596e-02      
      2246      1.396e-02      
      2247      1.361e-02      
      2249      1.164e-02      
      2250      9.931e-03      
      2251      8.163e-03      
      2252      6.664e-03      
      2254      4.895e-03      
      2255      4.521e-03      
      2270      2.605e-03      
      2271      2.347e-03      
      2412      2.832e-03      
      2413      4.525e-03      
      2414      8.633e-03      
      2415      1.626e-02      
      2416      2.693e-02      
      2417      3.776e-02      
      2418      4.497e-02      
      2420      4.428e-02      
      2421      3.970e-02      
      2422      3.435e-02      
      2423      2.857e-02      
      2424      2.277e-02      
      2425      1.766e-02      
      2426      1.390e-02      
      2427      1.172e-02      
      2430      1.270e-02      
      2431      1.392e-02      
      2436      1.268e-02      
      2437      1.121e-02      
      2438      9.619e-03      
      2439      8.075e-03      
      2440      6.685e-03      
      2441      5.495e-03      
      2443      3.713e-03      
      2444      3.087e-03      
      2562      3.143e-03      
      2563      6.148e-03      
      2564      1.461e-02      
      2565      3.261e-02      
      2566      6.078e-02      
      2567      9.155e-02      
      2568      1.111e-01      
      2569      1.100e-01      
      2570      9.126e-02      
      2571      6.660e-02      
      2572      4.599e-02      
      2573      3.280e-02      
      2574      2.582e-02      
      2575      2.277e-02      
      2580      2.167e-02      
      2581      2.062e-02      
      2582      1.932e-02      
      2583      1.806e-02      
      2591      1.663e-02      
      2592      1.542e-02      
      2594      1.333e-02      
      2595      1.297e-02      
      2606      1.161e-02      
      2607      1.079e-02      
      2609      8.725e-03      
      2610      7.769e-03      
      2613      6.013e-03      
      2614      5.562e-03      
      2633      3.803e-03      
      2634      3.409e-03      
      2918      1.674e-03      
      2919      1.282e-03      
      2944      1.521e-03      
      2945      3.692e-03      
      2946      7.034e-03      
      2947      1.063e-02      
      2948      1.315e-02      
      2949      1.449e-02      
      2950      1.667e-02      
      2951      2.212e-02      
      2952      3.064e-02      
      2953      3.851e-02      
      2954      4.130e-02      
      2955      3.767e-02      
      2956      3.010e-02      
      2957      2.213e-02      
      2958      1.583e-02      
      2959      1.148e-02      
      2960      8.617e-03      
      2961      6.750e-03      
      2962      5.557e-03      
      2966      3.430e-03      
      2967      2.985e-03      
      3076      1.276e-03      
      3077      8.516e-04      
      3147      2.638e-03      
      3148      3.759e-03      
      3149      6.068e-03      
      3150      9.532e-03      
      3151      1.298e-02      
      3153      1.328e-02      
      3154      9.977e-03      
      3155      6.501e-03      
      3156      4.088e-03      
      3218      2.046e-03      
      3219      1.908e-03      
      3348      2.007e-03      
      3349      4.285e-03      
      3350      7.433e-03      
      3351      1.042e-02      
      3354      8.704e-03      
      3355      6.324e-03      
      3356      4.671e-03      
      3357      3.754e-03      
      3397      4.654e-03      
      3398      6.006e-03      
      3399      8.146e-03      
      3400      1.095e-02      
      3401      1.389e-02      
      3402      1.623e-02      
      3405      1.444e-02      
      3406      1.187e-02      
      3407      9.558e-03      
      3408      7.843e-03      
      3409      6.664e-03      
      3412      4.759e-03      
      3413      4.475e-03      
      3420      2.605e-03      
      3421      2.347e-03      
      3431      4.395e-03      
      3432      6.409e-03      
      3433      8.460e-03      
      3434      9.512e-03      
      3436      7.473e-03      
      3437      5.866e-03      
      3449      3.778e-03      
      3450      3.404e-03      
      3551      5.277e-03      
      3552      1.218e-02      
      3553      2.745e-02      
      3554      5.270e-02      
      3555      8.298e-02      
      3556      1.071e-01      
      3557      1.153e-01      
      3558      1.068e-01      
      3559      8.843e-02      
      3560      6.772e-02      
      3561      4.907e-02      
      3562      3.423e-02      
      3563      2.371e-02      
      3564      1.711e-02      
      3565      1.338e-02      
      3566      1.136e-02      
      3567      1.020e-02      
      3570      8.261e-03      
      3571      7.742e-03      
      3577      5.912e-03      
      3578      5.532e-03      
      3600      3.778e-03      
      3601      3.404e-03
3624   3.404e-03