0      0.0      
      1      3.456e-03      
      33      5.333e-03      
      34      9.585e-03      
      35      1.824e-02      
      36      3.189e-02      
      37      4.821e-02      
      38      6.219e-02      
      39      6.871e-02      
      40      6.560e-02      
      41      5.467e-02      
      42      4.041e-02      
      43      2.735e-02      
      44      1.800e-02      
      45      1.259e-02      
      62      9.356e-03      
      63      8.553e-03      
      69      4.723e-03      
      70      4.494e-03      
      391      6.773e-03      
      392      9.833e-03      
      393      1.393e-02      
      394      1.801e-02      
      395      2.084e-02      
      396      2.196e-02      
      407      2.559e-02      
      408      2.583e-02      
      411      2.258e-02      
      412      2.183e-02      
      413      2.283e-02      
      414      2.660e-02      
      415      3.369e-02      
      416      4.403e-02      
      417      5.718e-02      
      418      7.214e-02      
      419      8.671e-02      
      420      9.758e-02      
      421      1.026e-01      
      426      1.006e-01      
      427      9.689e-02      
      428      9.258e-02      
      431      9.544e-02      
      432      9.938e-02      
      433      1.022e-01      
      434      1.033e-01      
      436      1.013e-01      
      437      9.896e-02      
      438      9.642e-02      
      439      9.397e-02      
      440      9.170e-02      
      441      8.943e-02      
      442      8.702e-02      
      443      8.465e-02      
      446      8.540e-02      
      447      8.988e-02      
      448      9.492e-02      
      451      9.574e-02      
      452      9.043e-02      
      453      8.416e-02      
      454      7.818e-02      
      455      7.330e-02      
      456      6.988e-02      
      457      6.790e-02      
      462      6.577e-02      
      463      6.404e-02      
      464      6.188e-02      
      465      5.969e-02      
      467      5.613e-02      
      468      5.475e-02      
      470      5.204e-02      
      471      5.032e-02      
      472      4.811e-02      
      473      4.537e-02      
      474      4.226e-02      
      475      3.917e-02      
      479      4.130e-02      
      480      5.077e-02      
      481      6.401e-02      
      482      7.899e-02      
      483      9.489e-02      
      484      1.135e-01      
      485      1.362e-01      
      486      1.592e-01      
      487      1.741e-01      
      488      1.745e-01      
      489      1.623e-01      
      490      1.458e-01      
      491      1.327e-01      
      492      1.261e-01      
      498      1.263e-01      
      499      1.221e-01      
      500      1.167e-01      
      501      1.111e-01      
      502      1.060e-01      
      503      1.018e-01      
      504      9.845e-02      
      505      9.583e-02      
      506      9.352e-02      
      507      9.115e-02      
      508      8.853e-02      
      509      8.570e-02      
      510      8.274e-02      
      511      7.958e-02      
      512      7.604e-02      
      513      7.203e-02      
      514      6.776e-02      
      515      6.363e-02      
      516      5.994e-02      
      517      5.671e-02      
      518      5.374e-02      
      519      5.074e-02      
      520      4.754e-02      
      521      4.418e-02      
      522      4.085e-02      
      523      3.779e-02      
      524      3.515e-02      
      525      3.293e-02      
      527      2.948e-02      
      528      2.809e-02      
      536      2.442e-02      
      537      2.415e-02      
      570      2.181e-02      
      571      2.022e-02      
      573      1.709e-02      
      574      1.615e-02      
      580      1.952e-02      
      581      2.016e-02      
      596      1.745e-02      
      597      1.598e-02      
      601      1.261e-02      
      602      1.199e-02      
      691      8.174e-03      
      692      8.000e-03      
      972      4.159e-03      
      973      4.025e-03      
      1067      4.383e-03      
      1068      7.967e-03      
      1069      1.768e-02      
      1070      3.794e-02      
      1071      6.981e-02      
      1072      1.059e-01      
      1073      1.312e-01      
      1074      1.335e-01      
      1075      1.126e-01      
      1076      8.029e-02      
      1077      4.988e-02      
      1078      2.837e-02      
      1079      1.592e-02      
      1080      9.598e-03      
      1081      6.559e-03      
      1082      5.061e-03      
      1212      7.724e-03      
      1213      1.131e-02      
      1214      1.649e-02      
      1215      2.312e-02      
      1216      3.041e-02      
      1217      3.685e-02      
      1220      3.651e-02      
      1221      3.143e-02      
      1222      2.728e-02      
      1233      3.051e-02      
      1234      3.140e-02      
      1239      2.792e-02      
      1240      2.568e-02      
      1241      2.311e-02      
      1242      2.037e-02      
      1243      1.773e-02      
      1244      1.543e-02      
      1246      1.219e-02      
      1247      1.120e-02      
      1260      7.355e-03      
      1261      7.247e-03      
      1538      8.527e-03      
      1539      1.481e-02      
      1540      2.432e-02      
      1541      3.441e-02      
      1542      4.051e-02      
      1543      3.955e-02      
      1544      3.254e-02      
      1545      2.341e-02      
      1546      1.564e-02      
      1547      1.052e-02      
      1548      7.642e-03      
      1549      6.160e-03      
      1553      8.227e-03      
      1554      1.282e-02      
      1555      1.978e-02      
      1556      2.725e-02      
      1557      3.206e-02      
      1558      3.198e-02      
      1559      2.752e-02      
      1560      2.128e-02      
      1561      1.575e-02      
      1562      1.206e-02      
      1563      1.012e-02      
      1569      1.355e-02      
      1570      1.523e-02      
      1572      1.830e-02      
      1573      1.917e-02      
      1577      2.184e-02      
      1578      2.484e-02      
      1579      2.890e-02      
      1580      3.286e-02      
      1583      3.206e-02      
      1584      2.843e-02      
      1585      2.501e-02      
      1586      2.221e-02      
      1587      1.992e-02      
      1588      1.793e-02      
      1590      1.443e-02      
      1591      1.289e-02      
      1594      9.382e-03      
      1595      8.638e-03      
      1604      7.872e-03      
      1605      1.311e-02      
      1606      2.465e-02      
      1607      4.344e-02      
      1608      6.514e-02      
      1609      8.063e-02      
      1610      8.260e-02      
      1611      7.183e-02      
      1612      5.595e-02      
      1613      4.255e-02      
      1614      3.464e-02      
      1615      3.130e-02      
      1616      3.035e-02      
      1620      2.659e-02      
      1621      2.469e-02      
      1623      2.116e-02      
      1624      1.945e-02      
      1625      1.757e-02      
      1626      1.548e-02      
      1627      1.328e-02      
      1628      1.122e-02      
      1631      7.552e-03      
      1632      7.183e-03      
      1672      1.030e-02      
      1673      1.124e-02      
      1675      1.462e-02      
      1676      1.651e-02      
      1678      1.933e-02      
      1679      2.038e-02      
      1689      1.699e-02      
      1690      1.583e-02      
      1694      1.244e-02      
      1695      1.192e-02      
      1702      8.171e-03      
      1703      7.989e-03      
      1939      4.160e-03      
      1940      4.082e-03      
      1991      4.753e-03      
      1992      8.099e-03      
      1993      1.739e-02      
      1994      3.732e-02      
      1995      6.924e-02      
      1996      1.054e-01      
      1997      1.300e-01      
      1998      1.302e-01      
      1999      1.073e-01      
      2000      7.476e-02      
      2001      4.621e-02      
      2002      2.762e-02      
      2003      1.784e-02      
      2004      1.312e-02      
      2005      1.044e-02      
      2006      8.407e-03      
      2009      4.892e-03      
      2010      4.439e-03      
      2106      8.062e-03      
      2107      9.931e-03      
      2112      6.724e-03      
      2113      5.505e-03      
      2194      6.514e-03      
      2195      1.407e-02      
      2196      3.134e-02      
      2197      6.185e-02      
      2198      1.032e-01      
      2199      1.465e-01      
      2200      1.850e-01      
      2201      2.223e-01      
      2202      2.679e-01      
      2203      3.187e-01      
      2204      3.518e-01      
      2205      3.429e-01      
      2206      2.905e-01      
      2207      2.184e-01      
      2208      1.547e-01      
      2209      1.144e-01      
      2210      9.751e-02      
      2211      9.685e-02      
      2212      1.053e-01      
      2213      1.182e-01      
      2214      1.324e-01      
      2215      1.459e-01      
      2216      1.569e-01      
      2217      1.644e-01      
      2220      1.630e-01      
      2221      1.567e-01      
      2222      1.491e-01      
      2223      1.409e-01      
      2224      1.329e-01      
      2225      1.251e-01      
      2226      1.177e-01      
      2227      1.105e-01      
      2228      1.036e-01      
      2229      9.741e-02      
      2230      9.233e-02      
      2231      8.860e-02      
      2232      8.613e-02      
      2235      8.260e-02      
      2236      8.168e-02      
      2239      7.794e-02      
      2240      7.652e-02      
      2242      7.356e-02      
      2243      7.176e-02      
      2244      6.961e-02      
      2245      6.717e-02      
      2246      6.453e-02      
      2247      6.173e-02      
      2248      5.871e-02      
      2249      5.545e-02      
      2250      5.207e-02      
      2251      4.881e-02      
      2252      4.595e-02      
      2253      4.373e-02      
      2269      4.083e-02      
      2270      3.957e-02      
      2271      3.762e-02      
      2272      3.524e-02      
      2273      3.276e-02      
      2274      3.041e-02      
      2275      2.821e-02      
      2276      2.606e-02      
      2277      2.393e-02      
      2278      2.188e-02      
      2280      1.867e-02      
      2281      1.771e-02      
      2302      1.432e-02      
      2303      1.347e-02      
      2346      9.702e-03      
      2347      9.440e-03      
      2413      1.027e-02      
      2414      1.492e-02      
      2415      2.502e-02      
      2416      4.163e-02      
      2417      6.168e-02      
      2418      7.799e-02      
      2419      8.377e-02      
      2420      7.780e-02      
      2421      6.464e-02      
      2422      5.038e-02      
      2423      3.890e-02      
      2424      3.141e-02      
      2425      2.766e-02      
      2426      2.689e-02      
      2427      2.827e-02      
      2428      3.104e-02      
      2429      3.449e-02      
      2430      3.796e-02      
      2431      4.082e-02      
      2432      4.256e-02      
      2435      3.961e-02      
      2436      3.682e-02      
      2437      3.392e-02      
      2438      3.118e-02      
      2439      2.854e-02      
      2440      2.587e-02      
      2441      2.305e-02      
      2442      2.016e-02      
      2443      1.739e-02      
      2444      1.496e-02      
      2446      1.162e-02      
      2447      1.072e-02      
      2493      6.960e-03      
      2494      6.855e-03      
      2563      1.011e-02      
      2564      1.986e-02      
      2565      4.115e-02      
      2566      7.547e-02      
      2567      1.146e-01      
      2568      1.417e-01      
      2569      1.432e-01      
      2570      1.199e-01      
      2571      8.580e-02      
      2572      5.540e-02      
      2573      3.556e-02      
      2574      2.583e-02      
      2577      2.891e-02      
      2578      3.434e-02      
      2579      3.932e-02      
      2580      4.255e-02      
      2581      4.368e-02      
      2585      4.022e-02      
      2586      3.936e-02      
      2588      3.631e-02      
      2589      3.352e-02      
      2590      3.015e-02      
      2591      2.680e-02      
      2592      2.397e-02      
      2593      2.183e-02      
      2596      1.816e-02      
      2597      1.740e-02      
      2605      1.403e-02      
      2606      1.337e-02      
      2609      1.045e-02      
      2610      9.500e-03      
      2708      5.717e-03      
      2709      5.584e-03      
      2947      8.875e-03      
      2948      1.129e-02      
      2949      1.354e-02      
      2950      1.693e-02      
      2951      2.403e-02      
      2952      3.610e-02      
      2953      5.000e-02      
      2954      5.880e-02      
      2955      5.722e-02      
      2956      4.632e-02      
      2957      3.208e-02      
      2958      2.004e-02      
      2959      1.224e-02      
      2960      7.970e-03      
      2962      4.703e-03      
      2963      4.090e-03      
      3150      7.515e-03      
      3151      1.023e-02      
      3156      6.665e-03      
      3157      5.204e-03      
      3552      6.855e-03      
      3553      1.454e-02      
      3554      2.858e-02      
      3555      4.755e-02      
      3556      6.527e-02      
      3557      7.389e-02      
      3558      6.999e-02      
      3559      5.699e-02      
      3560      4.143e-02      
      3561      2.805e-02      
      3562      1.833e-02      
      3563      1.188e-02      
      3564      7.898e-03      
      3566      4.285e-03      
      3567      3.569e-03
3624   3.569e-03