0      0.0      
      1      0.000e+00      
      33      2.041e-03      
      34      5.539e-03      
      35      1.212e-02      
      36      2.162e-02      
      37      3.180e-02      
      38      3.901e-02      
      39      4.022e-02      
      40      3.489e-02      
      41      2.531e-02      
      42      1.521e-02      
      43      7.503e-03      
      44      3.019e-03      
      372      6.844e-03      
      373      8.782e-03      
      378      5.641e-03      
      379      3.705e-03      
      393      6.659e-03      
      394      1.035e-02      
      395      1.353e-02      
      396      1.520e-02      
      398      1.326e-02      
      399      1.080e-02      
      400      8.469e-03      
      401      6.758e-03      
      413      9.536e-03      
      414      1.758e-02      
      415      2.994e-02      
      416      4.488e-02      
      417      5.916e-02      
      418      6.960e-02      
      419      7.450e-02      
      421      7.126e-02      
      422      6.999e-02      
      423      7.363e-02      
      424      8.184e-02      
      425      9.075e-02      
      426      9.626e-02      
      434      9.348e-02      
      435      9.078e-02      
      436      8.818e-02      
      437      8.564e-02      
      438      8.298e-02      
      439      8.018e-02      
      440      7.732e-02      
      441      7.439e-02      
      442      7.138e-02      
      443      6.852e-02      
      446      6.887e-02      
      447      7.298e-02      
      448      7.675e-02      
      449      7.811e-02      
      450      7.650e-02      
      451      7.298e-02      
      452      6.911e-02      
      453      6.582e-02      
      454      6.318e-02      
      455      6.086e-02      
      456      5.855e-02      
      457      5.620e-02      
      458      5.392e-02      
      459      5.184e-02      
      461      4.838e-02      
      462      4.709e-02      
      467      4.355e-02      
      468      4.298e-02      
      472      3.951e-02      
      473      3.825e-02      
      475      3.520e-02      
      476      3.336e-02      
      480      3.653e-02      
      481      4.210e-02      
      482      4.785e-02      
      483      5.397e-02      
      484      6.269e-02      
      485      7.503e-02      
      486      8.723e-02      
      487      9.263e-02      
      488      8.793e-02      
      489      7.647e-02      
      490      6.471e-02      
      491      5.676e-02      
      492      5.285e-02      
      493      5.130e-02      
      501      4.743e-02      
      502      4.563e-02      
      504      4.167e-02      
      505      4.006e-02      
      508      3.649e-02      
      509      3.515e-02      
      512      3.141e-02      
      513      3.015e-02      
      515      2.726e-02      
      516      2.585e-02      
      519      2.195e-02      
      520      2.019e-02      
      521      1.800e-02      
      522      1.552e-02      
      523      1.305e-02      
      524      1.096e-02      
      532      7.103e-03      
      533      6.399e-03      
      603      3.103e-03      
      604      2.399e-03      
      1067      2.181e-03      
      1068      7.471e-03      
      1069      2.030e-02      
      1070      4.383e-02      
      1071      7.528e-02      
      1072      1.030e-01      
      1073      1.124e-01      
      1074      9.810e-02      
      1075      6.873e-02      
      1076      3.891e-02      
      1077      1.800e-02      
      1078      6.971e-03      
      1079      2.359e-03      
      1210      3.805e-03      
      1211      7.348e-03      
      1212      1.293e-02      
      1213      2.023e-02      
      1214      2.757e-02      
      1215      3.263e-02      
      1217      3.193e-02      
      1218      2.774e-02      
      1219      2.274e-02      
      1220      1.797e-02      
      1221      1.424e-02      
      1222      1.195e-02      
      1225      8.644e-03      
      1226      6.883e-03      
      1228      3.269e-03      
      1229      2.006e-03      
      1234      5.293e-03      
      1235      6.914e-03      
      1242      1.087e-02      
      1243      1.216e-02      
      1245      1.514e-02      
      1246      1.666e-02      
      1265      1.345e-02      
      1266      1.248e-02      
      1270      8.541e-03      
      1271      7.672e-03      
      1303      3.846e-03      
      1304      3.587e-03      
      1538      4.938e-03      
      1539      8.425e-03      
      1540      1.278e-02      
      1541      1.637e-02      
      1542      1.711e-02      
      1543      1.432e-02      
      1544      9.513e-03      
      1545      4.990e-03      
      1546      2.064e-03      
      1547      6.737e-04      
      1553      3.898e-03      
      1554      7.729e-03      
      1555      1.215e-02      
      1559      8.659e-03      
      1560      4.960e-03      
      1562      9.918e-04      
      1563      3.425e-04      
      1575      3.017e-03      
      1576      5.690e-03      
      1577      9.657e-03      
      1578      1.400e-02      
      1579      1.722e-02      
      1580      1.804e-02      
      1581      1.619e-02      
      1582      1.267e-02      
      1583      9.160e-03      
      1584      6.986e-03      
      1603      8.856e-03      
      1604      1.102e-02      
      1605      1.641e-02      
      1606      2.659e-02      
      1607      4.053e-02      
      1608      5.319e-02      
      1609      5.813e-02      
      1610      5.311e-02      
      1611      4.227e-02      
      1612      3.203e-02      
      1613      2.594e-02      
      1622      2.198e-02      
      1623      2.066e-02      
      1625      1.760e-02      
      1626      1.615e-02      
      1631      1.216e-02      
      1632      1.205e-02      
      1687      8.295e-03      
      1688      7.588e-03      
      1701      3.846e-03      
      1702      3.587e-03      
      1991      4.980e-03      
      1992      1.241e-02      
      1993      2.608e-02      
      1994      4.651e-02      
      1995      7.007e-02      
      1996      8.807e-02      
      1997      9.087e-02      
      1998      7.589e-02      
      1999      5.080e-02      
      2000      2.717e-02      
      2001      1.168e-02      
      2002      4.137e-03      
      2005      1.394e-04      
      2006      4.785e-05      
      2193      2.661e-03      
      2194      9.595e-03      
      2195      2.815e-02      
      2196      6.720e-02      
      2197      1.306e-01      
      2198      2.075e-01      
      2199      2.738e-01      
      2200      3.104e-01      
      2201      3.224e-01      
      2202      3.318e-01      
      2203      3.478e-01      
      2204      3.543e-01      
      2205      3.310e-01      
      2206      2.793e-01      
      2207      2.196e-01      
      2208      1.705e-01      
      2209      1.373e-01      
      2210      1.164e-01      
      2211      1.031e-01      
      2212      9.449e-02      
      2213      8.880e-02      
      2214      8.471e-02      
      2215      8.115e-02      
      2216      7.746e-02      
      2217      7.341e-02      
      2218      6.896e-02      
      2219      6.416e-02      
      2220      5.914e-02      
      2221      5.418e-02      
      2222      4.974e-02      
      2223      4.632e-02      
      2224      4.421e-02      
      2228      4.165e-02      
      2229      3.969e-02      
      2230      3.713e-02      
      2231      3.457e-02      
      2233      3.108e-02      
      2234      3.000e-02      
      2237      2.637e-02      
      2238      2.485e-02      
      2241      2.105e-02      
      2242      2.046e-02      
      2249      1.723e-02      
      2250      1.621e-02      
      2256      1.235e-02      
      2257      1.203e-02      
      2265      8.046e-03      
      2266      8.011e-03      
      2281      4.011e-03      
      2282      4.002e-03      
      2303      1.088e-05      
      2304      2.013e-06      
      2413      2.504e-03      
      2414      6.938e-03      
      2415      1.538e-02      
      2416      2.742e-02      
      2417      3.971e-02      
      2418      4.742e-02      
      2419      4.786e-02      
      2420      4.223e-02      
      2421      3.371e-02      
      2422      2.473e-02      
      2423      1.642e-02      
      2424      9.557e-03      
      2425      4.728e-03      
      2426      1.952e-03      
      2427      6.707e-04      
      2563      3.905e-03      
      2564      1.210e-02      
      2565      2.943e-02      
      2566      5.627e-02      
      2567      8.468e-02      
      2568      1.005e-01      
      2569      9.451e-02      
      2570      7.066e-02      
      2571      4.234e-02      
      2572      2.061e-02      
      2573      8.501e-03      
      2574      3.679e-03      
      2576      5.123e-03      
      2577      8.653e-03      
      2578      1.251e-02      
      2579      1.516e-02      
      2582      1.159e-02      
      2583      9.071e-03      
      2586      5.291e-03      
      2587      4.961e-03      
      2654      1.601e-03      
      2655      8.969e-04      
      2818      4.730e-03      
      2819      5.175e-03      
      2825      1.744e-03      
      2826      9.408e-04      
      2935      4.732e-03      
      2936      5.184e-03      
      2949      8.313e-03      
      2950      1.207e-02      
      2951      1.938e-02      
      2952      2.886e-02      
      2953      3.580e-02      
      2954      3.568e-02      
      2955      2.827e-02      
      2956      1.776e-02      
      2957      8.836e-03      
      2958      3.484e-03      
      3151      7.041e-03      
      3152      7.979e-03      
      3154      4.839e-03      
      3155      2.590e-03      
      3552      4.583e-03      
      3553      1.264e-02      
      3554      2.788e-02      
      3555      4.938e-02      
      3556      7.059e-02      
      3557      8.197e-02      
      3558      7.807e-02      
      3559      6.171e-02      
      3560      4.108e-02      
      3561      2.337e-02      
      3562      1.149e-02      
      3563      4.910e-03      
      3564      1.828e-03      
      3565      5.929e-04
3624   5.929e-04