0      0.0      
      1      0.000e+00      
      34      3.319e-03      
      35      7.307e-03      
      36      1.297e-02      
      37      1.873e-02      
      40      1.853e-02      
      41      1.303e-02      
      42      7.641e-03      
      43      3.679e-03      
      44      1.433e-03      
      416      6.122e-03      
      417      9.422e-03      
      418      1.356e-02      
      419      1.742e-02      
      423      1.309e-02      
      424      1.144e-02      
      426      8.322e-03      
      427      5.872e-03      
      429      1.602e-03      
      430      6.009e-04      
      480      3.380e-03      
      481      5.620e-03      
      482      8.595e-03      
      483      1.354e-02      
      484      2.225e-02      
      485      3.443e-02      
      486      4.539e-02      
      488      4.117e-02      
      489      2.756e-02      
      490      1.451e-02      
      491      5.997e-03      
      492      1.945e-03      
      493      4.952e-04      
      1068      3.689e-03      
      1069      1.069e-02      
      1070      2.442e-02      
      1071      4.393e-02      
      1072      6.214e-02      
      1073      6.906e-02      
      1074      6.027e-02      
      1075      4.128e-02      
      1076      2.218e-02      
      1077      9.358e-03      
      1078      3.099e-03      
      1992      3.422e-03      
      1993      1.054e-02      
      1994      2.529e-02      
      1995      4.724e-02      
      1996      6.874e-02      
      1997      7.789e-02      
      1998      6.876e-02      
      1999      4.733e-02      
      2000      2.554e-02      
      2001      1.116e-02      
      2002      4.575e-03      
      2195      5.399e-03      
      2196      1.354e-02      
      2197      2.686e-02      
      2198      4.275e-02      
      2199      5.642e-02      
      2200      6.634e-02      
      2201      7.744e-02      
      2202      9.506e-02      
      2203      1.153e-01      
      2204      1.248e-01      
      2205      1.133e-01      
      2206      8.432e-02      
      2207      5.101e-02      
      2208      2.510e-02      
      2209      1.008e-02      
      2210      3.315e-03      
      2414      3.526e-03      
      2415      8.484e-03      
      2416      1.608e-02      
      2417      2.404e-02      
      2420      2.011e-02      
      2421      1.235e-02      
      2422      6.375e-03      
      2423      2.888e-03      
      2424      1.200e-03      
      2563      2.142e-03      
      2564      6.521e-03      
      2565      1.551e-02      
      2566      2.880e-02      
      2567      4.176e-02      
      2568      4.727e-02      
      2569      4.176e-02      
      2570      2.880e-02      
      2571      1.551e-02      
      2572      6.523e-03      
      2573      2.153e-03      
      2574      5.921e-04      
      2951      4.893e-03      
      2952      7.927e-03      
      2957      4.009e-03      
      2958      1.671e-03      
      3555      5.001e-03      
      3556      7.539e-03      
      3561      3.013e-03      
      3562      1.615e-03
3624   1.615e-03