0      0.0      
      1      0.000e+00      
      408      2.516e-02      
      409      3.150e-02      
      413      4.267e-02      
      414      5.200e-02      
      415      6.813e-02      
      416      8.850e-02      
      417      1.075e-01      
      418      1.205e-01      
      419      1.280e-01      
      420      1.351e-01      
      421      1.477e-01      
      422      1.690e-01      
      423      1.976e-01      
      424      2.283e-01      
      425      2.555e-01      
      426      2.768e-01      
      427      2.949e-01      
      428      3.151e-01      
      429      3.420e-01      
      430      3.762e-01      
      431      4.143e-01      
      432      4.501e-01      
      433      4.758e-01      
      435      4.742e-01      
      436      4.445e-01      
      437      4.012e-01      
      438      3.525e-01      
      439      3.066e-01      
      440      2.689e-01      
      441      2.395e-01      
      442      2.161e-01      
      443      1.966e-01      
      444      1.815e-01      
      445      1.730e-01      
      447      1.807e-01      
      448      1.920e-01      
      452      1.872e-01      
      453      1.738e-01      
      454      1.599e-01      
      455      1.464e-01      
      456      1.340e-01      
      457      1.232e-01      
      459      1.072e-01      
      460      1.014e-01      
      462      8.995e-02      
      463      8.319e-02      
      473      6.935e-02      
      474      6.510e-02      
      477      5.078e-02      
      478      4.654e-02      
      500      3.010e-02      
      501      2.620e-02      
      516      1.048e-02      
      517      7.540e-03      
      1069      1.633e-02      
      1070      3.559e-02      
      1071      6.234e-02      
      1072      8.807e-02      
      1075      7.153e-02      
      1076      4.520e-02      
      1077      2.421e-02      
      1078      1.152e-02      
      1079      5.291e-03      
      1222      1.577e-02      
      1223      2.428e-02      
      1224      3.475e-02      
      1225      4.583e-02      
      1226      5.633e-02      
      1227      6.531e-02      
      1235      5.158e-02      
      1236      4.593e-02      
      1239      3.087e-02      
      1240      2.780e-02      
      1253      1.310e-02      
      1254      1.001e-02      
      1557      2.148e-02      
      1558      3.079e-02      
      1579      4.679e-02      
      1580      5.011e-02      
      1585      3.700e-02      
      1586      3.115e-02      
      1588      1.878e-02      
      1589      1.303e-02      
      1607      2.584e-02      
      1608      3.853e-02      
      1612      2.405e-02      
      1613      1.799e-02      
      1644      1.495e-03      
      1645      1.293e-03      
      1667      1.744e-02      
      1668      1.821e-02      
      1680      1.894e-03      
      1681      7.056e-04      
      1992      8.799e-03      
      1993      1.809e-02      
      1994      2.983e-02      
      1995      3.977e-02      
      1998      2.897e-02      
      1999      1.836e-02      
      2002      2.689e-03      
      2003      1.452e-03      
      2194      1.135e-02      
      2195      3.563e-02      
      2196      8.958e-02      
      2197      1.805e-01      
      2198      2.923e-01      
      2199      3.822e-01      
      2200      4.086e-01      
      2201      3.677e-01      
      2202      2.966e-01      
      2203      2.374e-01      
      2204      2.082e-01      
      2205      2.082e-01      
      2206      2.349e-01      
      2207      2.881e-01      
      2208      3.620e-01      
      2209      4.437e-01      
      2210      5.189e-01      
      2211      5.769e-01      
      2212      6.120e-01      
      2214      6.082e-01      
      2215      5.718e-01      
      2216      5.183e-01      
      2217      4.557e-01      
      2218      3.922e-01      
      2219      3.326e-01      
      2220      2.783e-01      
      2221      2.300e-01      
      2222      1.895e-01      
      2223      1.587e-01      
      2224      1.376e-01      
      2225      1.241e-01      
      2226      1.155e-01      
      2228      1.031e-01      
      2229      9.701e-02      
      2231      8.448e-02      
      2232      7.750e-02      
      2234      6.160e-02      
      2235      5.441e-02      
      2247      3.933e-02      
      2248      3.524e-02      
      2254      1.860e-02      
      2255      1.609e-02      
      2451      3.268e-02      
      2452      3.310e-02      
      2459      1.868e-02      
      2460      1.465e-02      
      2566      3.077e-02      
      2567      4.435e-02      
      2570      3.940e-02      
      2571      2.627e-02      
      2576      2.966e-02      
      2577      4.400e-02      
      2578      6.063e-02      
      2579      7.609e-02      
      2587      6.497e-02      
      2588      5.876e-02      
      2589      5.060e-02      
      2590      4.174e-02      
      2604      2.664e-02      
      2605      2.394e-02      
      2613      8.804e-03      
      2614      6.296e-03      
      2950      1.477e-02      
      2951      2.399e-02      
      2957      9.300e-03      
      2958      4.741e-03      
      3400      1.827e-02      
      3401      2.147e-02      
      3406      6.181e-03      
      3407      3.714e-03      
      3552      1.972e-02      
      3553      4.921e-02      
      3554      9.665e-02      
      3555      1.499e-01      
      3556      1.842e-01      
      3557      1.804e-01      
      3558      1.421e-01      
      3559      9.125e-02      
      3560      4.897e-02      
      3561      2.303e-02      
      3562      1.051e-02      
      3563      5.943e-03      
      3566      1.646e-02      
      3567      2.712e-02      
      3568      4.031e-02      
      3569      5.401e-02      
      3570      6.574e-02      
      3571      7.331e-02      
      3574      6.359e-02      
      3575      5.274e-02      
      3576      4.120e-02      
      3577      3.049e-02      
      3579      1.481e-02      
      3580      1.015e-02
3624   1.015e-02