0      0.0      
      1      5.204e-03      
      35      9.374e-03      
      36      1.896e-02      
      37      3.147e-02      
      38      4.335e-02      
      41      4.091e-02      
      42      2.975e-02      
      43      1.984e-02      
      44      1.351e-02      
      45      1.060e-02      
      70      3.431e-03      
      71      1.891e-03      
      369      7.653e-03      
      370      1.039e-02      
      372      1.689e-02      
      373      1.888e-02      
      379      1.144e-02      
      380      1.045e-02      
      394      1.618e-02      
      395      1.890e-02      
      413      2.301e-02      
      414      3.066e-02      
      415      4.485e-02      
      416      6.452e-02      
      417      8.619e-02      
      418      1.055e-01      
      419      1.201e-01      
      420      1.317e-01      
      421      1.477e-01      
      422      1.778e-01      
      423      2.274e-01      
      424      2.924e-01      
      425      3.605e-01      
      426      4.194e-01      
      427      4.656e-01      
      428      5.039e-01      
      429      5.401e-01      
      430      5.741e-01      
      431      5.996e-01      
      432      6.101e-01      
      433      6.031e-01      
      434      5.809e-01      
      435      5.485e-01      
      436      5.098e-01      
      437      4.675e-01      
      438      4.235e-01      
      439      3.794e-01      
      440      3.365e-01      
      441      2.956e-01      
      442      2.574e-01      
      443      2.235e-01      
      444      1.960e-01      
      445      1.770e-01      
      446      1.677e-01      
      448      1.757e-01      
      449      1.878e-01      
      450      2.002e-01      
      451      2.084e-01      
      452      2.089e-01      
      453      1.999e-01      
      454      1.826e-01      
      455      1.610e-01      
      456      1.398e-01      
      457      1.223e-01      
      458      1.087e-01      
      459      9.793e-02      
      460      8.848e-02      
      461      7.976e-02      
      462      7.203e-02      
      463      6.582e-02      
      465      5.830e-02      
      466      5.605e-02      
      469      4.973e-02      
      470      4.760e-02      
      473      4.095e-02      
      474      3.879e-02      
      480      4.287e-02      
      481      4.781e-02      
      483      5.550e-02      
      484      5.992e-02      
      485      6.780e-02      
      486      7.926e-02      
      487      9.202e-02      
      488      1.042e-01      
      489      1.156e-01      
      490      1.263e-01      
      491      1.350e-01      
      497      1.268e-01      
      498      1.222e-01      
      499      1.168e-01      
      500      1.101e-01      
      501      1.017e-01      
      502      9.220e-02      
      503      8.263e-02      
      504      7.409e-02      
      505      6.705e-02      
      506      6.140e-02      
      507      5.677e-02      
      508      5.297e-02      
      516      4.604e-02      
      517      4.350e-02      
      521      3.673e-02      
      522      3.483e-02      
      524      2.857e-02      
      525      2.440e-02      
      527      1.640e-02      
      528      1.370e-02      
      577      7.230e-03      
      578      5.296e-03      
      597      1.268e-02      
      598      1.426e-02      
      603      8.481e-03      
      604      5.912e-03      
      1068      5.976e-03      
      1069      1.747e-02      
      1070      4.091e-02      
      1071      7.690e-02      
      1072      1.165e-01      
      1073      1.429e-01      
      1074      1.431e-01      
      1075      1.180e-01      
      1076      8.148e-02      
      1077      4.815e-02      
      1078      2.526e-02      
      1079      1.245e-02      
      1080      6.251e-03      
      1081      3.497e-03      
      1214      9.099e-03      
      1215      1.197e-02      
      1223      1.932e-02      
      1224      2.031e-02      
      1230      2.548e-02      
      1231      3.145e-02      
      1232      3.882e-02      
      1233      4.598e-02      
      1234      5.153e-02      
      1235      5.510e-02      
      1239      6.255e-02      
      1240      6.419e-02      
      1245      5.924e-02      
      1246      5.480e-02      
      1248      4.669e-02      
      1249      4.394e-02      
      1255      3.573e-02      
      1256      3.467e-02      
      1262      2.723e-02      
      1263      2.525e-02      
      1273      1.759e-02      
      1274      1.580e-02      
      1303      8.635e-03      
      1304      7.395e-03      
      1540      1.006e-02      
      1541      1.672e-02      
      1542      2.288e-02      
      1543      2.604e-02      
      1545      2.150e-02      
      1546      1.719e-02      
      1555      2.326e-02      
      1556      2.888e-02      
      1561      2.464e-02      
      1562      2.002e-02      
      1564      1.298e-02      
      1565      1.139e-02      
      1576      1.907e-02      
      1577      2.023e-02      
      1604      2.391e-02      
      1605      3.047e-02      
      1606      4.312e-02      
      1607      6.238e-02      
      1608      8.284e-02      
      1609      9.447e-02      
      1610      9.078e-02      
      1611      7.497e-02      
      1612      5.641e-02      
      1613      4.231e-02      
      1614      3.406e-02      
      1615      2.963e-02      
      1673      2.178e-02      
      1674      2.012e-02      
      1682      1.261e-02      
      1683      1.171e-02      
      1752      4.998e-03      
      1753      3.336e-03      
      1992      6.671e-03      
      1993      1.725e-02      
      1994      3.637e-02      
      1995      6.235e-02      
      1996      8.656e-02      
      1997      9.719e-02      
      1998      8.844e-02      
      1999      6.580e-02      
      2000      4.080e-02      
      2001      2.189e-02      
      2002      1.086e-02      
      2004      3.006e-03      
      2005      1.839e-03      
      2194      7.502e-03      
      2195      2.383e-02      
      2196      6.064e-02      
      2197      1.242e-01      
      2198      2.073e-01      
      2199      2.886e-01      
      2200      3.512e-01      
      2201      4.016e-01      
      2202      4.612e-01      
      2203      5.352e-01      
      2204      6.039e-01      
      2205      6.515e-01      
      2206      6.905e-01      
      2207      7.439e-01      
      2208      8.124e-01      
      2209      8.708e-01      
      2210      8.922e-01      
      2211      8.672e-01      
      2212      8.043e-01      
      2213      7.197e-01      
      2214      6.291e-01      
      2215      5.439e-01      
      2216      4.695e-01      
      2217      4.068e-01      
      2218      3.538e-01      
      2219      3.086e-01      
      2220      2.701e-01      
      2221      2.384e-01      
      2222      2.141e-01      
      2223      1.970e-01      
      2224      1.857e-01      
      2225      1.778e-01      
      2226      1.702e-01      
      2227      1.609e-01      
      2228      1.486e-01      
      2229      1.336e-01      
      2230      1.171e-01      
      2231      1.012e-01      
      2232      8.770e-02      
      2233      7.720e-02      
      2234      6.944e-02      
      2235      6.378e-02      
      2237      5.621e-02      
      2238      5.305e-02      
      2240      4.680e-02      
      2241      4.420e-02      
      2247      3.594e-02      
      2248      3.445e-02      
      2250      2.943e-02      
      2251      2.549e-02      
      2252      2.089e-02      
      2253      1.638e-02      
      2275      8.200e-03      
      2276      6.483e-03      
      2415      1.391e-02      
      2416      2.527e-02      
      2417      3.778e-02      
      2418      4.729e-02      
      2421      4.013e-02      
      2422      3.106e-02      
      2423      2.274e-02      
      2424      1.673e-02      
      2452      8.406e-03      
      2453      6.804e-03      
      2542      1.281e-02      
      2543      1.567e-02      
      2546      8.748e-03      
      2547      5.535e-03      
      2563      1.202e-02      
      2564      1.855e-02      
      2565      3.102e-02      
      2566      4.875e-02      
      2567      6.636e-02      
      2568      7.581e-02      
      2569      7.247e-02      
      2570      5.902e-02      
      2571      4.294e-02      
      2572      3.040e-02      
      2573      2.322e-02      
      2574      2.025e-02      
      2576      2.332e-02      
      2577      2.995e-02      
      2578      3.891e-02      
      2579      4.647e-02      
      2580      4.863e-02      
      2581      4.447e-02      
      2582      3.661e-02      
      2583      2.881e-02      
      2584      2.360e-02      
      2587      3.065e-02      
      2588      3.976e-02      
      2589      5.030e-02      
      2590      6.019e-02      
      2591      6.763e-02      
      2592      7.214e-02      
      2603      7.397e-02      
      2604      8.065e-02      
      2605      8.668e-02      
      2606      8.961e-02      
      2608      8.310e-02      
      2609      7.612e-02      
      2610      6.907e-02      
      2611      6.297e-02      
      2612      5.804e-02      
      2613      5.416e-02      
      2618      4.622e-02      
      2619      4.577e-02      
      2630      3.868e-02      
      2631      3.687e-02      
      2633      3.113e-02      
      2634      2.832e-02      
      2637      2.077e-02      
      2638      1.770e-02      
      2658      9.369e-03      
      2659      8.503e-03      
      2665      3.528e-04      
      2666      1.053e-04      
      2945      6.073e-03      
      2946      1.187e-02      
      2947      1.856e-02      
      2948      2.386e-02      
      2950      3.040e-02      
      2951      3.686e-02      
      2952      4.567e-02      
      2955      3.951e-02      
      2956      2.658e-02      
      2957      1.558e-02      
      2958      8.444e-03      
      2959      4.583e-03      
      3433      1.131e-02      
      3434      1.461e-02      
      3438      6.426e-03      
      3439      3.891e-03      
      3551      3.857e-03      
      3552      1.241e-02      
      3553      3.154e-02      
      3554      6.356e-02      
      3555      1.022e-01      
      3556      1.323e-01      
      3557      1.394e-01      
      3558      1.216e-01      
      3559      8.973e-02      
      3560      5.752e-02      
      3561      3.315e-02      
      3562      1.789e-02      
      3563      9.506e-03      
      3567      1.288e-03      
      3568      8.120e-04      
      3580      8.971e-03      
      3581      1.220e-02      
      3590      4.543e-03      
      3591      3.739e-03
3624   3.739e-03