0      0.0      
      1      0.000e+00      
      33      1.334e-03      
      34      4.139e-03      
      35      1.033e-02      
      36      2.087e-02      
      37      3.437e-02      
      38      4.642e-02      
      39      5.161e-02      
      40      4.722e-02      
      41      3.541e-02      
      42      2.161e-02      
      43      1.065e-02      
      44      4.203e-03      
      45      1.321e-03      
      46      3.293e-04      
      298      2.124e-03      
      299      4.431e-03      
      300      7.310e-03      
      301      9.539e-03      
      303      8.020e-03      
      304      5.156e-03      
      305      2.612e-03      
      306      1.040e-03      
      370      3.732e-03      
      371      7.720e-03      
      372      1.277e-02      
      373      1.704e-02      
      375      1.708e-02      
      376      1.373e-02      
      377      1.026e-02      
      378      7.475e-03      
      379      5.306e-03      
      380      3.476e-03      
      381      1.974e-03      
      394      4.621e-03      
      395      5.946e-03      
      400      2.929e-03      
      401      1.839e-03      
      412      4.761e-03      
      413      1.189e-02      
      414      2.539e-02      
      415      4.579e-02      
      416      6.984e-02      
      417      9.074e-02      
      418      1.019e-01      
      419      1.014e-01      
      420      9.322e-02      
      421      8.493e-02      
      422      8.300e-02      
      423      8.896e-02      
      424      9.868e-02      
      425      1.054e-01      
      426      1.045e-01      
      427      9.706e-02      
      428      8.775e-02      
      429      8.110e-02      
      435      7.907e-02      
      436      7.740e-02      
      437      7.520e-02      
      438      7.273e-02      
      439      7.010e-02      
      440      6.719e-02      
      441      6.371e-02      
      442      5.954e-02      
      443      5.507e-02      
      444      5.125e-02      
      447      5.445e-02      
      448      5.871e-02      
      450      5.808e-02      
      451      5.269e-02      
      452      4.676e-02      
      453      4.221e-02      
      454      3.944e-02      
      455      3.791e-02      
      458      3.568e-02      
      459      3.464e-02      
      460      3.304e-02      
      461      3.093e-02      
      462      2.859e-02      
      463      2.634e-02      
      464      2.444e-02      
      465      2.303e-02      
      470      1.984e-02      
      471      1.923e-02      
      474      1.653e-02      
      475      1.551e-02      
      479      1.679e-02      
      480      1.982e-02      
      481      2.278e-02      
      482      2.389e-02      
      484      2.078e-02      
      485      2.026e-02      
      498      1.725e-02      
      499      1.543e-02      
      500      1.359e-02      
      501      1.174e-02      
      502      9.932e-03      
      503      8.268e-03      
      505      5.626e-03      
      506      4.678e-03      
      512      1.938e-03      
      513      1.300e-03      
      1067      1.906e-03      
      1068      6.624e-03      
      1069      1.841e-02      
      1070      4.105e-02      
      1071      7.367e-02      
      1072      1.066e-01      
      1073      1.244e-01      
      1074      1.171e-01      
      1075      8.881e-02      
      1076      5.413e-02      
      1077      2.645e-02      
      1078      1.033e-02      
      1079      3.220e-03      
      1209      4.548e-03      
      1210      8.146e-03      
      1211      1.264e-02      
      1212      1.761e-02      
      1213      2.257e-02      
      1214      2.668e-02      
      1219      2.409e-02      
      1220      2.104e-02      
      1221      1.783e-02      
      1222      1.508e-02      
      1223      1.298e-02      
      1224      1.127e-02      
      1231      1.422e-02      
      1232      1.564e-02      
      1236      1.397e-02      
      1237      1.197e-02      
      1238      9.946e-03      
      1239      8.170e-03      
      1241      5.575e-03      
      1242      4.660e-03      
      1291      1.935e-03      
      1292      1.291e-03      
      1540      4.486e-03      
      1541      7.735e-03      
      1542      1.052e-02      
      1543      1.128e-02      
      1544      9.511e-03      
      1545      6.300e-03      
      1546      3.273e-03      
      1547      1.332e-03      
      1553      3.828e-03      
      1554      7.509e-03      
      1555      1.181e-02      
      1556      1.528e-02      
      1560      1.436e-02      
      1561      1.097e-02      
      1562      6.946e-03      
      1563      3.540e-03      
      1565      4.542e-04      
      1566      1.157e-04      
      1576      2.511e-03      
      1577      3.648e-03      
      1583      6.421e-04      
      1584      2.216e-04      
      1604      2.102e-03      
      1605      6.420e-03      
      1606      1.531e-02      
      1607      2.849e-02      
      1608      4.135e-02      
      1609      4.682e-02      
      1610      4.135e-02      
      1611      2.849e-02      
      1612      1.534e-02      
      1613      6.509e-03      
      1614      2.319e-03      
      1653      5.387e-03      
      1654      7.801e-03      
      1658      4.650e-03      
      1659      2.786e-03      
      1992      5.592e-03      
      1993      1.208e-02      
      1994      2.109e-02      
      1995      2.981e-02      
      1996      3.411e-02      
      1997      3.163e-02      
      1998      2.378e-02      
      1999      1.453e-02      
      2000      7.242e-03      
      2001      2.961e-03      
      2102      3.552e-03      
      2103      7.190e-03      
      2104      1.150e-02      
      2107      1.150e-02      
      2108      7.190e-03      
      2109      3.552e-03      
      2111      4.250e-04      
      2112      1.027e-04      
      2193      1.883e-03      
      2194      7.242e-03      
      2195      2.227e-02      
      2196      5.481e-02      
      2197      1.083e-01      
      2198      1.730e-01      
      2199      2.259e-01      
      2200      2.474e-01      
      2201      2.382e-01      
      2202      2.149e-01      
      2203      1.892e-01      
      2204      1.592e-01      
      2205      1.214e-01      
      2206      8.199e-02      
      2207      5.289e-02      
      2208      4.019e-02      
      2209      4.117e-02      
      2210      4.896e-02      
      2211      5.731e-02      
      2212      6.246e-02      
      2214      6.153e-02      
      2215      5.886e-02      
      2217      5.613e-02      
      2218      5.557e-02      
      2220      5.244e-02      
      2221      4.936e-02      
      2222      4.534e-02      
      2223      4.053e-02      
      2224      3.524e-02      
      2225      3.003e-02      
      2226      2.546e-02      
      2227      2.196e-02      
      2228      1.965e-02      
      2229      1.833e-02      
      2232      1.551e-02      
      2233      1.408e-02      
      2235      1.142e-02      
      2236      1.059e-02      
      2255      7.535e-03      
      2256      6.487e-03      
      2260      3.291e-03      
      2261      2.802e-03      
      2413      2.554e-03      
      2414      6.764e-03      
      2415      1.454e-02      
      2416      2.565e-02      
      2417      3.763e-02      
      2418      4.673e-02      
      2419      4.996e-02      
      2420      4.655e-02      
      2421      3.791e-02      
      2422      2.680e-02      
      2423      1.623e-02      
      2424      8.297e-03      
      2425      3.528e-03      
      2427      3.485e-04      
      2428      7.926e-05      
      2439      2.525e-03      
      2440      3.424e-03      
      2447      3.685e-04      
      2448      1.327e-04      
      2538      1.445e-03      
      2539      4.493e-03      
      2540      1.098e-02      
      2541      2.108e-02      
      2542      3.187e-02      
      2543      3.797e-02      
      2544      3.567e-02      
      2545      2.647e-02      
      2546      1.552e-02      
      2547      7.202e-03      
      2548      2.644e-03      
      2563      2.293e-03      
      2564      5.883e-03      
      2565      1.200e-02      
      2566      1.956e-02      
      2567      2.569e-02      
      2569      2.403e-02      
      2570      1.747e-02      
      2571      1.065e-02      
      2572      5.591e-03      
      2573      2.859e-03      
      2574      2.309e-03      
      2575      3.928e-03      
      2576      8.183e-03      
      2577      1.542e-02      
      2578      2.455e-02      
      2579      3.247e-02      
      2581      3.307e-02      
      2582      2.710e-02      
      2583      2.160e-02      
      2586      2.265e-02      
      2587      2.504e-02      
      2589      2.384e-02      
      2590      2.085e-02      
      2591      1.764e-02      
      2592      1.484e-02      
      2593      1.259e-02      
      2594      1.077e-02      
      2596      8.122e-03      
      2597      7.301e-03      
      2603      4.526e-03      
      2604      3.986e-03      
      2657      1.291e-03      
      2658      7.233e-04      
      2861      2.732e-03      
      2862      3.975e-03      
      2866      1.462e-03      
      2867      6.096e-04      
      2944      3.748e-03      
      2945      9.019e-03      
      2946      1.699e-02      
      2947      2.534e-02      
      2948      3.094e-02      
      2949      3.362e-02      
      2950      3.722e-02      
      2951      4.485e-02      
      2952      5.336e-02      
      2953      5.527e-02      
      2954      4.663e-02      
      2955      3.126e-02      
      2956      1.651e-02      
      2957      6.851e-03      
      2958      2.232e-03      
      3149      3.134e-03      
      3150      5.854e-03      
      3151      8.518e-03      
      3152      9.652e-03      
      3153      8.518e-03      
      3154      5.854e-03      
      3155      3.134e-03      
      3156      1.306e-03      
      3348      2.246e-03      
      3349      4.612e-03      
      3350      7.488e-03      
      3351      9.615e-03      
      3353      7.864e-03      
      3354      5.083e-03      
      3358      6.137e-03      
      3359      8.922e-03      
      3362      6.422e-03      
      3363      3.524e-03      
      3365      5.112e-04      
      3366      1.355e-04      
      3397      2.189e-03      
      3398      4.342e-03      
      3399      7.093e-03      
      3400      9.713e-03      
      3404      8.206e-03      
      3405      5.541e-03      
      3406      3.171e-03      
      3407      1.519e-03      
      3431      2.594e-03      
      3432      4.892e-03      
      3433      7.205e-03      
      3434      8.289e-03      
      3436      5.251e-03      
      3437      2.897e-03      
      3551      5.485e-03      
      3552      1.673e-02      
      3553      4.027e-02      
      3554      7.661e-02      
      3555      1.156e-01      
      3556      1.393e-01      
      3557      1.356e-01      
      3558      1.084e-01      
      3559      7.311e-02      
      3560      4.275e-02      
      3561      2.212e-02      
      3562      1.021e-02      
      3563      4.351e-03      
      3570      7.364e-03      
      3571      8.215e-03      
      3577      5.549e-03      
      3578      4.126e-03      
      3580      1.661e-03      
      3581      8.562e-04
3624   8.562e-04