0      0.0      
      1      0.000e+00      
      35      4.773e-03      
      36      9.597e-03      
      37      1.577e-02      
      38      2.127e-02      
      41      1.647e-02      
      42      1.044e-02      
      43      5.617e-03      
      44      2.656e-03      
      373      8.480e-03      
      374      9.594e-03      
      379      3.703e-03      
      380      2.727e-03      
      394      7.188e-03      
      395      9.619e-03      
      397      1.563e-02      
      398      1.809e-02      
      407      1.162e-02      
      408      1.013e-02      
      413      1.107e-02      
      414      1.926e-02      
      415      3.247e-02      
      416      4.977e-02      
      417      6.827e-02      
      418      8.414e-02      
      419      9.450e-02      
      421      1.005e-01      
      422      1.042e-01      
      423      1.140e-01      
      424      1.307e-01      
      425      1.512e-01      
      426      1.718e-01      
      427      1.906e-01      
      428      2.090e-01      
      429      2.287e-01      
      430      2.502e-01      
      431      2.715e-01      
      432      2.893e-01      
      433      3.010e-01      
      436      2.954e-01      
      437      2.827e-01      
      438      2.676e-01      
      439      2.528e-01      
      440      2.402e-01      
      441      2.297e-01      
      442      2.202e-01      
      443      2.107e-01      
      444      2.021e-01      
      445      1.962e-01      
      446      1.945e-01      
      450      1.928e-01      
      451      1.809e-01      
      452      1.664e-01      
      453      1.519e-01      
      454      1.390e-01      
      455      1.279e-01      
      456      1.190e-01      
      457      1.120e-01      
      458      1.068e-01      
      459      1.026e-01      
      460      9.838e-02      
      461      9.386e-02      
      462      8.920e-02      
      463      8.487e-02      
      465      7.864e-02      
      466      7.702e-02      
      471      7.063e-02      
      472      6.827e-02      
      475      6.219e-02      
      476      6.147e-02      
      480      6.699e-02      
      481      6.841e-02      
      499      6.254e-02      
      500      6.016e-02      
      509      5.520e-02      
      510      5.197e-02      
      511      4.732e-02      
      512      4.213e-02      
      513      3.733e-02      
      514      3.339e-02      
      516      2.805e-02      
      517      2.643e-02      
      530      2.067e-02      
      531      1.934e-02      
      546      1.304e-02      
      547      1.153e-02      
      577      1.813e-02      
      578      1.954e-02      
      585      1.438e-02      
      586      1.285e-02      
      617      6.772e-03      
      618      5.857e-03      
      1068      5.648e-03      
      1069      1.490e-02      
      1070      3.125e-02      
      1071      5.233e-02      
      1072      7.024e-02      
      1074      6.627e-02      
      1075      4.711e-02      
      1076      2.749e-02      
      1077      1.339e-02      
      1078      5.624e-03      
      1212      7.557e-03      
      1213      1.240e-02      
      1214      1.702e-02      
      1215      1.976e-02      
      1218      1.440e-02      
      1219      1.152e-02      
      1223      1.525e-02      
      1224      1.944e-02      
      1226      2.576e-02      
      1227      2.630e-02      
      1229      2.232e-02      
      1230      1.926e-02      
      1237      2.565e-02      
      1238      2.891e-02      
      1242      2.427e-02      
      1243      2.108e-02      
      1246      1.442e-02      
      1247      1.334e-02      
      1310      7.662e-03      
      1311      6.322e-03      
      1575      1.267e-02      
      1576      1.320e-02      
      1579      1.872e-02      
      1580      2.072e-02      
      1585      1.544e-02      
      1586      1.276e-02      
      1601      6.531e-03      
      1602      5.142e-03      
      1605      7.700e-03      
      1606      1.521e-02      
      1607      2.689e-02      
      1608      3.890e-02      
      1611      3.311e-02      
      1612      2.437e-02      
      1620      1.899e-02      
      1621      1.736e-02      
      1626      1.074e-02      
      1627      1.011e-02      
      1699      3.762e-03      
      1700      2.838e-03      
      1992      8.632e-03      
      1993      1.806e-02      
      1994      3.041e-02      
      1995      4.149e-02      
      1997      4.203e-02      
      1998      3.145e-02      
      1999      1.942e-02      
      2000      9.988e-03      
      2001      4.381e-03      
      2002      1.718e-03      
      2193      2.657e-03      
      2194      9.867e-03      
      2195      2.928e-02      
      2196      6.959e-02      
      2197      1.327e-01      
      2198      2.039e-01      
      2199      2.549e-01      
      2200      2.652e-01      
      2201      2.424e-01      
      2202      2.146e-01      
      2203      2.044e-01      
      2204      2.140e-01      
      2205      2.364e-01      
      2206      2.698e-01      
      2207      3.165e-01      
      2208      3.725e-01      
      2209      4.260e-01      
      2210      4.644e-01      
      2211      4.824e-01      
      2212      4.819e-01      
      2213      4.676e-01      
      2214      4.434e-01      
      2215      4.125e-01      
      2216      3.786e-01      
      2217      3.456e-01      
      2218      3.160e-01      
      2219      2.903e-01      
      2220      2.673e-01      
      2221      2.461e-01      
      2222      2.262e-01      
      2223      2.078e-01      
      2224      1.907e-01      
      2225      1.746e-01      
      2226      1.589e-01      
      2227      1.434e-01      
      2228      1.284e-01      
      2229      1.145e-01      
      2230      1.021e-01      
      2231      9.174e-02      
      2232      8.343e-02      
      2233      7.710e-02      
      2234      7.257e-02      
      2237      6.607e-02      
      2238      6.466e-02      
      2246      5.827e-02      
      2247      5.742e-02      
      2251      5.124e-02      
      2252      5.039e-02      
      2269      4.557e-02      
      2270      4.188e-02      
      2271      3.697e-02      
      2272      3.143e-02      
      2273      2.602e-02      
      2274      2.139e-02      
      2276      1.583e-02      
      2277      1.472e-02      
      2288      2.066e-02      
      2289      2.189e-02      
      2298      1.702e-02      
      2299      1.485e-02      
      2303      8.206e-03      
      2304      7.366e-03      
      2324      1.503e-03      
      2325      6.901e-04      
      2414      4.028e-03      
      2415      8.596e-03      
      2416      1.490e-02      
      2417      2.132e-02      
      2422      1.641e-02      
      2423      1.106e-02      
      2424      6.553e-03      
      2425      3.485e-03      
      2541      7.220e-03      
      2542      1.069e-02      
      2546      4.917e-03      
      2547      2.442e-03      
      2564      5.375e-03      
      2565      1.194e-02      
      2566      2.146e-02      
      2567      3.139e-02      
      2570      3.041e-02      
      2571      2.167e-02      
      2572      1.475e-02      
      2576      2.011e-02      
      2577      2.759e-02      
      2578      3.628e-02      
      2579      4.386e-02      
      2582      3.923e-02      
      2583      3.145e-02      
      2584      2.472e-02      
      2585      2.022e-02      
      2586      1.784e-02      
      2590      1.183e-02      
      2591      9.396e-03      
      2599      1.606e-02      
      2600      1.799e-02      
      2609      2.329e-02      
      2610      2.604e-02      
      2611      2.954e-02      
      2612      3.285e-02      
      2621      2.621e-02      
      2622      2.409e-02      
      2632      1.838e-02      
      2633      1.719e-02      
      2649      1.083e-02      
      2650      1.002e-02      
      2682      4.665e-03      
      2683      3.137e-03      
      2949      7.179e-03      
      2950      1.248e-02      
      2951      2.061e-02      
      2952      2.886e-02      
      2954      2.923e-02      
      2955      2.083e-02      
      2956      1.191e-02      
      2957      5.612e-03      
      2958      2.311e-03      
      3399      6.486e-03      
      3400      9.057e-03      
      3406      2.516e-03      
      3407      1.249e-03      
      3551      2.630e-03      
      3552      8.311e-03      
      3553      2.061e-02      
      3554      4.023e-02      
      3555      6.201e-02      
      3556      7.591e-02      
      3557      7.431e-02      
      3558      5.879e-02      
      3559      3.813e-02      
      3560      2.069e-02      
      3561      9.659e-03      
      3562      4.032e-03      
      3563      1.583e-03      
      3576      7.449e-03      
      3577      1.061e-02      
      3579      1.622e-02      
      3580      1.821e-02      
      3586      1.303e-02      
      3587      1.005e-02      
      3590      3.434e-03      
      3591      2.200e-03
3624   2.200e-03