0      0.0      
      1      2.500e-03      
      32      3.236e-03      
      33      3.950e-03      
      34      5.692e-03      
      35      9.283e-03      
      36      1.506e-02      
      37      2.199e-02      
      38      2.766e-02      
      39      2.968e-02      
      40      2.720e-02      
      41      2.142e-02      
      42      1.473e-02      
      43      9.246e-03      
      44      5.886e-03      
      45      4.353e-03      
      89      3.520e-03      
      90      3.419e-03      
      177      2.587e-03      
      178      2.535e-03      
      184      3.331e-03      
      185      3.637e-03      
      259      2.836e-03      
      260      2.696e-03      
      296      3.139e-03      
      297      3.864e-03      
      298      5.003e-03      
      299      6.181e-03      
      302      5.564e-03      
      303      4.417e-03      
      304      3.505e-03      
      305      2.948e-03      
      306      2.670e-03      
      372      3.420e-03      
      373      3.662e-03      
      379      2.843e-03      
      380      2.698e-03      
      389      3.344e-03      
      390      3.702e-03      
      391      4.553e-03      
      392      6.005e-03      
      393      7.824e-03      
      394      9.468e-03      
      395      1.046e-02      
      397      1.032e-02      
      398      9.431e-03      
      399      8.088e-03      
      400      6.548e-03      
      401      5.213e-03      
      402      4.372e-03      
      411      5.095e-03      
      412      5.291e-03      
      413      5.699e-03      
      414      6.485e-03      
      415      7.956e-03      
      416      1.065e-02      
      417      1.520e-02      
      418      2.169e-02      
      419      2.885e-02      
      420      3.425e-02      
      421      3.604e-02      
      422      3.433e-02      
      423      3.089e-02      
      424      2.736e-02      
      425      2.425e-02      
      426      2.144e-02      
      427      1.903e-02      
      428      1.754e-02      
      432      1.729e-02      
      433      1.625e-02      
      434      1.519e-02      
      439      1.563e-02      
      440      1.623e-02      
      441      1.682e-02      
      442      1.737e-02      
      443      1.795e-02      
      444      1.883e-02      
      445      2.040e-02      
      446      2.279e-02      
      447      2.555e-02      
      448      2.777e-02      
      449      2.868e-02      
      450      2.816e-02      
      451      2.669e-02      
      452      2.490e-02      
      453      2.332e-02      
      454      2.224e-02      
      467      2.149e-02      
      468      2.132e-02      
      471      2.061e-02      
      472      2.025e-02      
      473      1.979e-02      
      474      1.928e-02      
      478      1.933e-02      
      479      2.154e-02      
      480      2.539e-02      
      481      3.035e-02      
      482      3.529e-02      
      483      3.973e-02      
      484      4.469e-02      
      485      5.110e-02      
      486      5.734e-02      
      487      5.954e-02      
      488      5.541e-02      
      489      4.692e-02      
      490      3.842e-02      
      491      3.290e-02      
      492      3.059e-02      
      494      3.081e-02      
      495      3.152e-02      
      496      3.216e-02      
      497      3.264e-02      
      503      3.186e-02      
      504      3.176e-02      
      513      3.100e-02      
      514      2.988e-02      
      515      2.889e-02      
      516      2.817e-02      
      517      2.768e-02      
      518      2.727e-02      
      519      2.681e-02      
      520      2.618e-02      
      521      2.541e-02      
      522      2.455e-02      
      523      2.374e-02      
      524      2.305e-02      
      525      2.252e-02      
      526      2.214e-02      
      542      2.138e-02      
      543      2.110e-02      
      544      2.071e-02      
      545      2.024e-02      
      546      1.973e-02      
      547      1.924e-02      
      563      1.841e-02      
      564      1.833e-02      
      568      1.771e-02      
      569      1.740e-02      
      571      1.662e-02      
      572      1.621e-02      
      588      1.550e-02      
      589      1.532e-02      
      593      1.459e-02      
      594      1.432e-02      
      597      1.355e-02      
      598      1.343e-02      
      616      1.264e-02      
      617      1.232e-02      
      619      1.171e-02      
      620      1.146e-02      
      638      1.074e-02      
      639      1.061e-02      
      642      9.856e-03      
      643      9.596e-03      
      665      8.843e-03      
      666      8.669e-03      
      687      7.998e-03      
      688      7.824e-03      
      708      7.000e-03      
      709      6.853e-03      
      717      6.020e-03      
      718      5.919e-03      
      760      5.131e-03      
      761      5.063e-03      
      808      4.230e-03      
      809      4.191e-03      
      885      3.358e-03      
      886      3.341e-03      
      955      2.510e-03      
      956      2.502e-03      
      1067      2.871e-03      
      1068      3.968e-03      
      1069      7.131e-03      
      1070      1.416e-02      
      1071      2.594e-02      
      1072      4.013e-02      
      1073      5.072e-02      
      1074      5.183e-02      
      1075      4.277e-02      
      1076      2.872e-02      
      1077      1.611e-02      
      1078      8.158e-03      
      1079      4.439e-03      
      1080      3.173e-03      
      1146      3.824e-03      
      1147      4.327e-03      
      1148      5.124e-03      
      1149      5.935e-03      
      1152      5.194e-03      
      1153      4.352e-03      
      1154      3.770e-03      
      1155      3.480e-03      
      1194      2.733e-03      
      1195      2.633e-03      
      1211      3.408e-03      
      1212      3.758e-03      
      1213      4.326e-03      
      1214      5.543e-03      
      1215      7.897e-03      
      1216      1.145e-02      
      1217      1.538e-02      
      1218      1.808e-02      
      1219      1.828e-02      
      1220      1.606e-02      
      1221      1.282e-02      
      1222      1.007e-02      
      1223      8.499e-03      
      1224      7.837e-03      
      1225      7.441e-03      
      1226      6.855e-03      
      1227      6.054e-03      
      1228      5.292e-03      
      1229      4.789e-03      
      1236      5.475e-03      
      1237      5.636e-03      
      1290      4.815e-03      
      1291      4.676e-03      
      1332      3.973e-03      
      1333      3.831e-03      
      1386      3.002e-03      
      1387      2.843e-03      
      1457      2.167e-03      
      1458      2.002e-03      
      1531      2.807e-03      
      1532      3.207e-03      
      1533      3.822e-03      
      1534      4.455e-03      
      1536      4.997e-03      
      1537      5.363e-03      
      1538      6.561e-03      
      1539      8.706e-03      
      1540      1.099e-02      
      1541      1.208e-02      
      1542      1.123e-02      
      1543      8.956e-03      
      1544      6.487e-03      
      1545      4.730e-03      
      1546      3.830e-03      
      1549      3.902e-03      
      1550      4.690e-03      
      1551      5.889e-03      
      1552      7.135e-03      
      1558      6.378e-03      
      1559      5.572e-03      
      1560      4.735e-03      
      1561      4.082e-03      
      1562      3.676e-03      
      1567      3.906e-03      
      1568      4.702e-03      
      1569      5.966e-03      
      1570      7.450e-03      
      1571      8.632e-03      
      1573      8.525e-03      
      1574      7.455e-03      
      1575      6.408e-03      
      1577      6.522e-03      
      1578      8.232e-03      
      1579      1.076e-02      
      1580      1.310e-02      
      1581      1.397e-02      
      1582      1.282e-02      
      1583      1.042e-02      
      1584      8.054e-03      
      1585      6.484e-03      
      1586      5.695e-03      
      1587      5.345e-03      
      1602      4.525e-03      
      1603      4.484e-03      
      1604      4.782e-03      
      1605      5.877e-03      
      1606      8.356e-03      
      1607      1.235e-02      
      1608      1.680e-02      
      1609      1.960e-02      
      1610      1.920e-02      
      1611      1.601e-02      
      1612      1.198e-02      
      1613      8.875e-03      
      1614      7.230e-03      
      1624      6.448e-03      
      1625      6.249e-03      
      1628      5.506e-03      
      1629      5.406e-03      
      1650      6.097e-03      
      1651      6.734e-03      
      1652      7.797e-03      
      1653      8.992e-03      
      1654      9.808e-03      
      1655      9.923e-03      
      1656      9.440e-03      
      1657      8.697e-03      
      1658      7.971e-03      
      1659      7.394e-03      
      1674      8.027e-03      
      1675      8.486e-03      
      1688      7.702e-03      
      1689      7.608e-03      
      1700      6.854e-03      
      1701      6.753e-03      
      1720      6.018e-03      
      1721      5.919e-03      
      1747      5.088e-03      
      1748      5.042e-03      
      1818      4.253e-03      
      1819      4.199e-03      
      1868      3.365e-03      
      1869      3.343e-03      
      1917      2.510e-03      
      1918      2.502e-03      
      1991      2.383e-03      
      1992      3.936e-03      
      1993      8.096e-03      
      1994      1.672e-02      
      1995      2.987e-02      
      1996      4.346e-02      
      1997      5.047e-02      
      1998      4.662e-02      
      1999      3.446e-02      
      2000      2.084e-02      
      2001      1.110e-02      
      2002      6.316e-03      
      2003      4.910e-03      
      2007      4.277e-03      
      2008      3.622e-03      
      2009      3.103e-03      
      2010      2.781e-03      
      2103      3.278e-03      
      2104      4.717e-03      
      2105      8.022e-03      
      2106      1.420e-02      
      2107      2.295e-02      
      2108      3.141e-02      
      2109      3.513e-02      
      2110      3.174e-02      
      2111      2.328e-02      
      2112      1.429e-02      
      2113      7.996e-03      
      2114      4.826e-03      
      2115      3.664e-03      
      2177      2.834e-03      
      2178      2.687e-03      
      2193      3.302e-03      
      2194      3.861e-03      
      2195      5.238e-03      
      2196      8.236e-03      
      2197      1.345e-02      
      2198      2.076e-02      
      2199      2.996e-02      
      2200      4.266e-02      
      2201      6.250e-02      
      2202      9.056e-02      
      2203      1.191e-01      
      2204      1.333e-01      
      2205      1.233e-01      
      2206      9.376e-02      
      2207      5.984e-02      
      2208      3.420e-02      
      2209      2.023e-02      
      2210      1.476e-02      
      2211      1.357e-02      
      2212      1.406e-02      
      2213      1.523e-02      
      2214      1.675e-02      
      2215      1.848e-02      
      2216      2.026e-02      
      2217      2.195e-02      
      2218      2.345e-02      
      2219      2.477e-02      
      2220      2.598e-02      
      2221      2.717e-02      
      2222      2.834e-02      
      2223      2.938e-02      
      2224      3.017e-02      
      2225      3.060e-02      
      2230      3.108e-02      
      2231      3.152e-02      
      2232      3.206e-02      
      2233      3.257e-02      
      2244      3.206e-02      
      2245      3.165e-02      
      2246      3.109e-02      
      2247      3.032e-02      
      2248      2.931e-02      
      2249      2.809e-02      
      2250      2.673e-02      
      2251      2.543e-02      
      2252      2.437e-02      
      2253      2.373e-02      
      2254      2.353e-02      
      2256      2.411e-02      
      2257      2.458e-02      
      2267      2.419e-02      
      2268      2.371e-02      
      2269      2.311e-02      
      2270      2.244e-02      
      2271      2.173e-02      
      2272      2.104e-02      
      2273      2.043e-02      
      2274      1.990e-02      
      2276      1.908e-02      
      2277      1.881e-02      
      2282      1.948e-02      
      2283      1.972e-02      
      2293      1.899e-02      
      2294      1.873e-02      
      2295      1.836e-02      
      2296      1.788e-02      
      2297      1.732e-02      
      2298      1.671e-02      
      2299      1.615e-02      
      2300      1.574e-02      
      2316      1.509e-02      
      2317      1.487e-02      
      2319      1.431e-02      
      2320      1.399e-02      
      2322      1.334e-02      
      2323      1.304e-02      
      2342      1.237e-02      
      2343      1.220e-02      
      2345      1.148e-02      
      2346      1.102e-02      
      2367      1.040e-02      
      2368      1.012e-02      
      2370      9.409e-03      
      2371      9.084e-03      
      2392      8.480e-03      
      2393      8.187e-03      
      2413      8.494e-03      
      2414      1.041e-02      
      2415      1.461e-02      
      2416      2.148e-02      
      2417      2.970e-02      
      2418      3.617e-02      
      2419      3.802e-02      
      2420      3.478e-02      
      2421      2.845e-02      
      2422      2.175e-02      
      2423      1.639e-02      
      2424      1.286e-02      
      2425      1.089e-02      
      2426      9.990e-03      
      2443      9.255e-03      
      2444      8.960e-03      
      2462      8.217e-03      
      2463      8.059e-03      
      2465      7.476e-03      
      2466      7.126e-03      
      2489      6.333e-03      
      2490      6.167e-03      
      2515      5.351e-03      
      2516      5.214e-03      
      2562      5.219e-03      
      2563      6.511e-03      
      2564      9.434e-03      
      2565      1.413e-02      
      2566      1.934e-02      
      2567      2.261e-02      
      2568      2.206e-02      
      2569      1.810e-02      
      2570      1.300e-02      
      2571      8.977e-03      
      2572      6.859e-03      
      2573      6.521e-03      
      2574      7.958e-03      
      2575      1.184e-02      
      2576      1.889e-02      
      2577      2.817e-02      
      2578      3.619e-02      
      2579      3.868e-02      
      2580      3.432e-02      
      2581      2.602e-02      
      2582      1.832e-02      
      2583      1.407e-02      
      2584      1.366e-02      
      2585      1.599e-02      
      2586      1.923e-02      
      2587      2.134e-02      
      2588      2.102e-02      
      2589      1.859e-02      
      2590      1.552e-02      
      2591      1.316e-02      
      2592      1.197e-02      
      2599      1.267e-02      
      2600      1.282e-02      
      2612      1.235e-02      
      2613      1.195e-02      
      2614      1.143e-02      
      2615      1.098e-02      
      2631      1.030e-02      
      2632      9.966e-03      
      2634      9.230e-03      
      2635      8.897e-03      
      2652      8.079e-03      
      2653      7.990e-03      
      2657      7.245e-03      
      2658      7.030e-03      
      2681      6.243e-03      
      2682      6.050e-03      
      2706      5.334e-03      
      2707      5.187e-03      
      2753      4.500e-03      
      2754      4.354e-03      
      2801      3.520e-03      
      2802      3.419e-03      
      2828      2.596e-03      
      2829      2.564e-03      
      2859      3.205e-03      
      2860      3.808e-03      
      2861      4.538e-03      
      2862      5.135e-03      
      2864      4.926e-03      
      2865      4.214e-03      
      2866      3.487e-03      
      2867      2.965e-03      
      2921      2.167e-03      
      2922      2.001e-03      
      2943      2.741e-03      
      2944      3.290e-03      
      2945      4.523e-03      
      2946      6.581e-03      
      2947      9.040e-03      
      2948      1.115e-02      
      2949      1.302e-02      
      2950      1.686e-02      
      2951      2.604e-02      
      2952      4.128e-02      
      2953      5.709e-02      
      2954      6.416e-02      
      2955      5.743e-02      
      2956      4.101e-02      
      2957      2.388e-02      
      2958      1.212e-02      
      2959      6.305e-03      
      2960      4.193e-03      
      2972      3.368e-03      
      2973      3.352e-03      
      3065      2.532e-03      
      3066      2.510e-03      
      3141      1.677e-03      
      3142      1.671e-03      
      3147      2.207e-03      
      3148      2.824e-03      
      3149      3.955e-03      
      3150      5.636e-03      
      3151      7.446e-03      
      3152      8.553e-03      
      3153      8.326e-03      
      3154      6.925e-03      
      3155      5.150e-03      
      3156      3.732e-03      
      3157      2.889e-03      
      3159      2.200e-03      
      3160      2.006e-03      
      3349      2.746e-03      
      3350      3.683e-03      
      3351      4.601e-03      
      3353      4.601e-03      
      3354      3.685e-03      
      3355      2.753e-03      
      3356      2.139e-03      
      3357      1.867e-03      
      3390      2.178e-03      
      3391      2.780e-03      
      3392      3.974e-03      
      3393      5.684e-03      
      3394      7.294e-03      
      3396      7.400e-03      
      3397      6.232e-03      
      3399      5.912e-03      
      3400      7.577e-03      
      3401      1.022e-02      
      3402      1.306e-02      
      3403      1.483e-02      
      3404      1.443e-02      
      3405      1.189e-02      
      3406      8.461e-03      
      3407      5.535e-03      
      3408      3.737e-03      
      3409      2.902e-03      
      3430      3.231e-03      
      3431      4.273e-03      
      3432      5.873e-03      
      3433      7.537e-03      
      3434      8.427e-03      
      3435      8.046e-03      
      3436      6.712e-03      
      3437      5.223e-03      
      3438      4.161e-03      
      3441      3.340e-03      
      3442      3.304e-03      
      3448      2.500e-03      
      3449      2.347e-03      
      3552      2.681e-03      
      3553      4.367e-03      
      3554      7.363e-03      
      3555      1.121e-02      
      3556      1.441e-02      
      3557      1.533e-02      
      3558      1.363e-02      
      3559      1.051e-02      
      3560      7.495e-03      
      3561      5.274e-03      
      3562      3.783e-03      
      3563      2.793e-03      
      3564      2.179e-03      
      3565      1.858e-03
3624   1.858e-03