0      0.0      
      1      0.000e+00      
      370      7.963e-02      
      371      1.061e-01      
      390      7.758e-03      
      391      5.997e-03      
      424      8.313e-02      
      425      1.425e-01      
      426      2.174e-01      
      427      2.814e-01      
      430      2.374e-01      
      431      1.798e-01      
      433      9.424e-02      
      434      6.942e-02      
      506      1.586e-01      
      507      1.771e-01      
      518      2.748e-01      
      519      2.800e-01      
      539      3.744e-01      
      540      3.829e-01      
      557      4.795e-01      
      558      4.829e-01      
      691      3.896e-01      
      692      3.805e-01      
      737      2.849e-01      
      738      2.763e-01      
      841      1.764e-01      
      842      1.741e-01      
      906      7.561e-02      
      907      7.000e-02      
      1068      9.990e-02      
      1069      1.846e-01      
      1070      2.861e-01      
      1071      3.689e-01      
      1072      3.992e-01      
      1074      3.019e-01      
      1075      2.260e-01      
      1076      1.621e-01      
      1077      1.155e-01      
      1086      1.642e-02      
      1087      1.412e-02      
      1206      7.616e-02      
      1207      1.922e-01      
      1208      3.927e-01      
      1209      6.570e-01      
      1210      9.153e-01      
      1211      1.087e+00      
      1213      1.073e+00      
      1214      9.510e-01      
      1215      8.057e-01      
      1216      6.599e-01      
      1217      5.246e-01      
      1218      4.055e-01      
      1219      3.056e-01      
      1220      2.260e-01      
      1221      1.655e-01      
      1222      1.217e-01      
      1230      2.278e-02      
      1231      2.118e-02      
      1270      1.198e-01      
      1271      1.256e-01      
      1285      2.222e-01      
      1286      2.266e-01      
      1674      1.313e-01      
      1675      1.254e-01      
      1772      2.703e-02      
      1773      2.439e-02      
      2098      1.035e-01      
      2099      1.610e-01      
      2107      6.920e-02      
      2108      5.261e-02      
      2197      7.747e-02      
      2198      1.626e-01      
      2199      2.864e-01      
      2200      4.239e-01      
      2201      5.285e-01      
      2203      5.078e-01      
      2204      4.061e-01      
      2205      2.958e-01      
      2206      2.050e-01      
      2207      1.413e-01      
      2211      4.353e-02      
      2212      3.431e-02      
      2413      6.148e-02      
      2414      1.348e-01      
      2415      2.711e-01      
      2416      4.692e-01      
      2417      6.840e-01      
      2418      8.362e-01      
      2420      7.594e-01      
      2421      5.868e-01      
      2422      4.123e-01      
      2423      2.753e-01      
      2424      1.826e-01      
      2425      1.239e-01      
      2431      2.469e-02      
      2432      2.057e-02      
      3394      5.533e-02      
      3395      1.465e-01      
      3396      3.124e-01      
      3397      5.412e-01      
      3398      7.693e-01      
      3399      9.092e-01      
      3400      9.084e-01      
      3401      7.835e-01      
      3402      5.992e-01      
      3403      4.204e-01      
      3404      2.814e-01      
      3405      1.867e-01      
      3406      1.263e-01      
      3411      3.003e-02      
      3412      2.470e-02
3624   2.470e-02