0      0.0      
      1      0.000e+00      
      369      7.360e-02      
      370      1.040e-01      
      376      1.006e-02      
      377      3.985e-03      
      423      5.220e-02      
      424      1.128e-01      
      425      1.964e-01      
      426      2.738e-01      
      429      2.012e-01      
      430      1.199e-01      
      432      2.462e-02      
      433      8.827e-03      
      470      1.086e-01      
      471      1.133e-01      
      669      1.366e-02      
      670      1.153e-02      
      1068      8.158e-02      
      1069      1.512e-01      
      1070      2.225e-01      
      1071      2.608e-01      
      1073      1.839e-01      
      1074      1.124e-01      
      1076      2.387e-02      
      1077      8.648e-03      
      1206      8.011e-02      
      1207      1.974e-01      
      1208      3.867e-01      
      1209      6.069e-01      
      1210      7.731e-01      
      1212      7.316e-01      
      1213      5.778e-01      
      1214      4.150e-01      
      1215      2.770e-01      
      1216      1.730e-01      
      1217      1.007e-01      
      1218      5.435e-02      
      2198      1.133e-01      
      2199      2.202e-01      
      2200      3.398e-01      
      2203      3.217e-01      
      2204      2.045e-01      
      2205      1.064e-01      
      2206      4.622e-02      
      2413      1.269e-01      
      2414      2.230e-01      
      2415      3.431e-01      
      2416      4.408e-01      
      2417      4.705e-01      
      2418      4.201e-01      
      2419      3.159e-01      
      2420      2.010e-01      
      2421      1.087e-01      
      2422      5.043e-02      
      3396      1.477e-01      
      3397      2.501e-01      
      3398      3.427e-01      
      3399      3.826e-01      
      3400      3.510e-01      
      3401      2.669e-01      
      3402      1.699e-01      
      3403      9.185e-02
3624   9.185e-02