0      0.0      
      1      0.000e+00      
      34      4.946e-03      
      35      9.640e-03      
      36      1.487e-02      
      37      1.829e-02      
      40      9.980e-03      
      41      5.912e-03      
      368      9.171e-03      
      369      1.578e-02      
      370      2.245e-02      
      371      2.651e-02      
      373      2.192e-02      
      374      1.574e-02      
      375      9.884e-03      
      376      5.635e-03      
      413      9.685e-03      
      414      1.572e-02      
      415      2.133e-02      
      416      2.450e-02      
      418      2.055e-02      
      419      1.524e-02      
      423      1.243e-02      
      424      2.426e-02      
      425      4.180e-02      
      426      6.018e-02      
      427      7.186e-02      
      428      7.153e-02      
      429      5.999e-02      
      430      4.305e-02      
      431      2.697e-02      
      432      1.511e-02      
      433      7.834e-03      
      434      3.954e-03      
      478      1.226e-02      
      479      1.399e-02      
      484      2.166e-02      
      485      2.234e-02      
      573      1.414e-02      
      574      1.394e-02      
      763      6.573e-03      
      764      4.989e-03      
      1067      5.599e-03      
      1068      1.348e-02      
      1069      2.608e-02      
      1070      4.072e-02      
      1071      5.161e-02      
      1073      4.617e-02      
      1074      3.357e-02      
      1075      2.111e-02      
      1076      1.190e-02      
      1077      6.352e-03      
      1078      3.454e-03      
      1206      1.044e-02      
      1207      2.623e-02      
      1208      5.350e-02      
      1209      8.949e-02      
      1210      1.248e-01      
      1211      1.485e-01      
      1213      1.471e-01      
      1214      1.297e-01      
      1215      1.083e-01      
      1216      8.643e-02      
      1217      6.585e-02      
      1218      4.770e-02      
      1219      3.271e-02      
      1220      2.128e-02      
      1221      1.331e-02      
      1222      8.253e-03      
      1304      1.650e-02      
      1305      1.813e-02      
      1318      1.002e-02      
      1319      9.707e-03      
      1436      1.740e-03      
      1437      1.295e-03      
      2095      6.001e-03      
      2096      1.500e-02      
      2097      2.962e-02      
      2098      4.650e-02      
      2099      5.854e-02      
      2101      5.042e-02      
      2102      3.585e-02      
      2103      2.211e-02      
      2104      1.229e-02      
      2105      6.492e-03      
      2106      3.501e-03      
      2195      7.032e-03      
      2196      1.685e-02      
      2197      3.384e-02      
      2198      5.778e-02      
      2199      8.473e-02      
      2200      1.070e-01      
      2201      1.161e-01      
      2202      1.078e-01      
      2203      8.548e-02      
      2204      5.822e-02      
      2205      3.457e-02      
      2206      1.843e-02      
      2207      9.288e-03      
      2211      1.159e-03      
      2212      8.852e-04      
      2411      8.269e-03      
      2412      1.426e-02      
      2413      2.857e-02      
      2414      5.353e-02      
      2415      8.451e-02      
      2416      1.100e-01      
      2417      1.191e-01      
      2418      1.090e-01      
      2419      8.603e-02      
      2420      5.952e-02      
      2421      3.666e-02      
      2422      2.050e-02      
      2423      1.077e-02      
      2425      3.135e-03      
      2426      1.949e-03      
      2948      4.275e-03      
      2949      1.061e-02      
      2950      2.074e-02      
      2951      3.200e-02      
      2954      3.071e-02      
      2955      2.036e-02      
      2956      1.169e-02      
      2958      3.373e-03      
      2959      2.021e-03      
      3149      8.802e-03      
      3150      1.272e-02      
      3155      4.611e-03      
      3156      2.713e-03      
      3347      8.428e-03      
      3348      1.268e-02      
      3353      4.919e-03      
      3354      2.896e-03      
      3394      6.751e-03      
      3395      1.646e-02      
      3396      3.279e-02      
      3397      5.384e-02      
      3398      7.364e-02      
      3399      8.489e-02      
      3400      8.334e-02      
      3401      7.026e-02      
      3402      5.121e-02      
      3403      3.256e-02      
      3404      1.840e-02      
      3405      9.612e-03      
      3408      1.650e-03      
      3409      1.109e-03      
      3552      5.784e-03      
      3553      1.250e-02      
      3554      2.175e-02      
      3555      3.066e-02      
      3558      2.640e-02      
      3559      1.776e-02      
      3560      1.054e-02      
      3561      5.849e-03
3624   5.849e-03