0      0.0      
      1      0.000e+00      
      38      9.929e-02      
      39      1.196e-01      
      43      3.193e-02      
      44      1.585e-02      
      414      8.294e-02      
      415      1.593e-01      
      416      2.405e-01      
      417      2.867e-01      
      419      2.065e-01      
      420      1.288e-01      
      422      3.585e-02      
      423      2.648e-02      
      425      8.484e-02      
      426      1.607e-01      
      427      2.487e-01      
      428      3.083e-01      
      430      2.464e-01      
      431      1.627e-01      
      432      9.057e-02      
      433      4.466e-02      
      1069      9.842e-02      
      1070      1.916e-01      
      1071      2.940e-01      
      1074      2.695e-01      
      1075      1.714e-01      
      1076      9.144e-02      
      1077      4.269e-02      
      1209      9.528e-02      
      1210      1.760e-01      
      1211      2.856e-01      
      1212      4.160e-01      
      1213      5.434e-01      
      1216      5.434e-01      
      1217      4.149e-01      
      1218      2.864e-01      
      1219      1.842e-01      
      1220      1.128e-01      
      1221      6.599e-02      
      1992      9.013e-02      
      1993      1.685e-01      
      1994      2.488e-01      
      1995      2.913e-01      
      1997      2.044e-01      
      1998      1.263e-01      
      2000      3.155e-02      
      2001      1.450e-02      
      2195      4.573e-02      
      2196      1.326e-01      
      2197      3.063e-01      
      2198      5.653e-01      
      2199      8.383e-01      
      2200      1.008e+00      
      2201      9.987e-01      
      2202      8.356e-01      
      2203      6.080e-01      
      2204      3.946e-01      
      2205      2.311e-01      
      2206      1.222e-01      
      2208      2.685e-02      
      2209      1.224e-02      
      3396      8.782e-02      
      3397      2.523e-01      
      3398      5.771e-01      
      3399      1.052e+00      
      3400      1.531e+00      
      3401      1.782e+00      
      3402      1.663e+00      
      3403      1.251e+00      
      3404      7.649e-01      
      3405      3.852e-01      
      3406      1.640e-01      
      3407      6.197e-02      
      3552      1.546e-01      
      3553      3.971e-01      
      3554      8.072e-01      
      3555      1.302e+00      
      3556      1.674e+00      
      3557      1.721e+00      
      3558      1.423e+00      
      3559      9.525e-01      
      3560      5.221e-01      
      3561      2.392e-01      
      3562      9.531e-02
3624   9.531e-02