0      0.0      
      1      0.000e+00      
      38      2.354e-02      
      39      2.589e-02      
      42      9.071e-03      
      43      4.039e-03      
      413      1.302e-02      
      414      3.208e-02      
      415      6.209e-02      
      416      9.456e-02      
      419      8.234e-02      
      420      5.008e-02      
      421      2.468e-02      
      425      3.001e-02      
      426      5.977e-02      
      427      9.599e-02      
      428      1.244e-01      
      430      1.128e-01      
      431      8.053e-02      
      432      4.824e-02      
      433      2.453e-02      
      434      1.066e-02      
      435      3.960e-03      
      1067      9.524e-03      
      1068      2.966e-02      
      1069      7.268e-02      
      1070      1.403e-01      
      1071      2.139e-01      
      1072      2.583e-01      
      1073      2.482e-01      
      1074      1.908e-01      
      1075      1.182e-01      
      1076      5.947e-02      
      1077      2.452e-02      
      1078      8.351e-03      
      1079      2.362e-03      
      1206      1.263e-02      
      1207      4.090e-02      
      1208      1.052e-01      
      1209      2.168e-01      
      1210      3.638e-01      
      1211      5.082e-01      
      1212      6.102e-01      
      1213      6.534e-01      
      1214      6.451e-01      
      1215      5.986e-01      
      1216      5.249e-01      
      1217      4.348e-01      
      1218      3.410e-01      
      1219      2.547e-01      
      1220      1.824e-01      
      1221      1.260e-01      
      1222      8.376e-02      
      1223      5.306e-02      
      1224      3.137e-02      
      1225      1.682e-02      
      1226      7.933e-03      
      1991      1.582e-02      
      1992      3.587e-02      
      1993      6.465e-02      
      1994      9.272e-02      
      1996      9.652e-02      
      1997      7.033e-02      
      1998      4.109e-02      
      1999      1.932e-02      
      2097      2.932e-02      
      2098      5.759e-02      
      2099      8.938e-02      
      2100      1.101e-01      
      2101      1.083e-01      
      2102      8.564e-02      
      2103      5.500e-02      
      2104      2.898e-02      
      2105      1.266e-02      
      2106      4.619e-03      
      2194      8.334e-03      
      2195      2.814e-02      
      2196      7.669e-02      
      2197      1.693e-01      
      2198      3.048e-01      
      2199      4.528e-01      
      2200      5.660e-01      
      2201      6.116e-01      
      2202      5.874e-01      
      2203      5.100e-01      
      2204      4.002e-01      
      2205      2.809e-01      
      2206      1.754e-01      
      2207      9.815e-02      
      2208      4.987e-02      
      2209      2.318e-02      
      2211      3.643e-03      
      2212      1.160e-03      
      2411      7.208e-03      
      2412      2.381e-02      
      2413      6.248e-02      
      2414      1.311e-01      
      2415      2.224e-01      
      2416      3.094e-01      
      2417      3.613e-01      
      2418      3.639e-01      
      2419      3.248e-01      
      2420      2.606e-01      
      2421      1.868e-01      
      2422      1.173e-01      
      2423      6.308e-02      
      2424      2.859e-02      
      2425      1.079e-02      
      2426      3.359e-03      
      3395      1.630e-02      
      3396      5.058e-02      
      3397      1.299e-01      
      3398      2.758e-01      
      3399      4.835e-01      
      3400      7.002e-01      
      3401      8.400e-01      
      3402      8.402e-01      
      3403      7.087e-01      
      3404      5.126e-01      
      3405      3.253e-01      
      3406      1.862e-01      
      3407      9.859e-02      
      3408      4.901e-02      
      3409      2.277e-02      
      3411      3.613e-03      
      3412      1.159e-03      
      3552      1.923e-02      
      3553      5.125e-02      
      3554      1.092e-01      
      3555      1.874e-01      
      3556      2.608e-01      
      3557      2.975e-01      
      3558      2.820e-01      
      3559      2.256e-01      
      3560      1.553e-01      
      3561      9.384e-02      
      3562      5.046e-02      
      3563      2.426e-02      
      3564      1.034e-02      
      3565      3.840e-03
3624   3.840e-03