0      0.0      
      1      0.000e+00      
      1068      9.453e-03      
      1069      1.952e-02      
      1070      3.192e-02      
      1071      4.140e-02      
      1073      3.492e-02      
      1074      2.279e-02      
      1075      1.191e-02      
      1076      5.046e-03      
      1077      1.774e-03      
      1206      3.878e-03      
      1207      1.078e-02      
      1208      2.414e-02      
      1209      4.395e-02      
      1210      6.579e-02      
      1211      8.218e-02      
      1213      8.083e-02      
      1214      6.681e-02      
      1215      5.051e-02      
      1216      3.557e-02      
      1217      2.363e-02      
      1218      1.487e-02      
      1219      8.814e-03      
      1220      4.839e-03      
      2098      1.020e-02      
      2099      1.483e-02      
      2102      1.183e-02      
      2103      7.202e-03      
      2107      1.829e-04      
      2108      5.114e-05      
      2196      5.341e-03      
      2197      1.241e-02      
      2198      2.421e-02      
      2199      3.960e-02      
      2200      5.429e-02      
      2201      6.251e-02      
      2202      6.056e-02      
      2203      4.945e-02      
      2204      3.405e-02      
      2205      1.976e-02      
      2206      9.682e-03      
      2207      4.031e-03      
      2208      1.452e-03      
      2411      8.352e-03      
      2412      1.687e-02      
      2413      3.624e-02      
      2414      6.728e-02      
      2415      1.007e-01      
      2416      1.203e-01      
      2417      1.156e-01      
      2418      9.120e-02      
      2419      6.110e-02      
      2420      3.616e-02      
      2421      1.946e-02      
      2422      9.533e-03      
      2423      4.169e-03      
      2424      1.598e-03      
      2949      7.051e-03      
      2950      1.371e-02      
      2951      2.094e-02      
      2954      1.800e-02      
      2955      1.074e-02      
      2956      5.097e-03      
      2957      1.936e-03      
      3148      6.579e-03      
      3149      1.226e-02      
      3150      1.786e-02      
      3151      2.030e-02      
      3152      1.800e-02      
      3153      1.245e-02      
      3154      6.734e-03      
      3155      2.852e-03      
      3394      6.790e-03      
      3395      1.377e-02      
      3396      2.447e-02      
      3397      3.920e-02      
      3398      5.735e-02      
      3399      7.589e-02      
      3400      8.830e-02      
      3401      8.761e-02      
      3402      7.241e-02      
      3403      4.916e-02      
      3404      2.728e-02      
      3405      1.242e-02      
      3406      4.705e-03
3624   4.705e-03