0      0.0      
      1      0.000e+00      
      36      1.054e-02      
      37      1.670e-02      
      41      1.272e-02      
      42      6.678e-03      
      413      1.127e-02      
      414      2.611e-02      
      415      4.752e-02      
      416      6.795e-02      
      417      7.631e-02      
      418      6.736e-02      
      419      4.691e-02      
      420      2.615e-02      
      421      1.235e-02      
      424      1.020e-02      
      425      2.171e-02      
      426      4.063e-02      
      427      6.187e-02      
      428      7.517e-02      
      429      7.260e-02      
      430      5.579e-02      
      431      3.421e-02      
      432      1.684e-02      
      433      6.733e-03      
      461      1.366e-02      
      462      1.459e-02      
      510      7.396e-03      
      511      6.898e-03      
      1068      1.456e-02      
      1069      3.491e-02      
      1070      6.545e-02      
      1071      9.598e-02      
      1072      1.102e-01      
      1073      9.921e-02      
      1074      7.027e-02      
      1075      3.940e-02      
      1076      1.777e-02      
      1077      6.707e-03      
      1207      6.270e-03      
      1208      1.593e-02      
      1209      3.250e-02      
      1210      5.434e-02      
      1211      7.687e-02      
      1212      9.570e-02      
      1213      1.084e-01      
      1215      1.067e-01      
      1216      9.065e-02      
      1217      6.893e-02      
      1218      4.731e-02      
      1219      2.961e-02      
      1220      1.698e-02      
      1221      8.912e-03      
      1223      1.963e-03      
      1224      8.978e-04      
      1508      8.485e-03      
      1509      8.846e-03      
      1512      2.408e-03      
      1513      9.655e-04      
      1990      3.805e-03      
      1991      1.060e-02      
      1992      2.337e-02      
      1993      4.074e-02      
      1994      5.614e-02      
      1996      5.262e-02      
      1997      3.590e-02      
      1998      1.956e-02      
      1999      8.684e-03      
      2001      1.202e-03      
      2002      4.742e-04      
      2097      6.476e-03      
      2098      1.210e-02      
      2099      1.760e-02      
      2100      1.995e-02      
      2101      1.760e-02      
      2102      1.210e-02      
      2103      6.476e-03      
      2104      2.700e-03      
      2194      3.468e-03      
      2195      1.156e-02      
      2196      3.088e-02      
      2197      6.606e-02      
      2198      1.133e-01      
      2199      1.562e-01      
      2200      1.745e-01      
      2201      1.601e-01      
      2202      1.239e-01      
      2203      8.350e-02      
      2204      5.052e-02      
      2205      2.765e-02      
      2206      1.353e-02      
      2207      5.888e-03      
      2208      2.366e-03      
      2412      9.505e-03      
      2413      1.144e-02      
      2414      1.586e-02      
      2415      2.220e-02      
      2416      2.791e-02      
      2417      3.078e-02      
      2420      2.342e-02      
      2421      1.735e-02      
      2422      1.096e-02      
      2423      5.757e-03      
      2951      1.303e-02      
      2952      1.896e-02      
      2955      1.303e-02      
      2956      6.974e-03      
      3395      5.562e-03      
      3396      1.874e-02      
      3397      5.087e-02      
      3398      1.111e-01      
      3399      1.950e-01      
      3400      2.747e-01      
      3401      3.109e-01      
      3402      2.828e-01      
      3403      2.074e-01      
      3404      1.235e-01      
      3405      6.037e-02      
      3406      2.483e-02      
      3407      9.062e-03      
      3408      3.262e-03      
      3409      1.343e-03      
      3551      7.027e-03      
      3552      2.306e-02      
      3553      5.977e-02      
      3554      1.227e-01      
      3555      1.998e-01      
      3556      2.588e-01      
      3557      2.677e-01      
      3558      2.217e-01      
      3559      1.479e-01      
      3560      8.029e-02      
      3561      3.617e-02      
      3562      1.413e-02      
      3563      5.249e-03
3624   5.249e-03