0      0.0      
      1      0.000e+00      
      370      1.060e-02      
      371      1.275e-02      
      374      7.418e-03      
      375      4.758e-03      
      413      8.828e-03      
      414      1.778e-02      
      415      3.009e-02      
      416      4.185e-02      
      418      4.413e-02      
      419      3.401e-02      
      420      2.245e-02      
      421      1.374e-02      
      424      2.056e-02      
      425      3.781e-02      
      426      6.036e-02      
      427      8.015e-02      
      429      7.947e-02      
      430      6.008e-02      
      431      3.870e-02      
      432      2.200e-02      
      433      1.168e-02      
      434      6.251e-03      
      435      3.605e-03      
      1067      5.725e-03      
      1068      1.567e-02      
      1069      3.421e-02      
      1070      5.983e-02      
      1071      8.410e-02      
      1072      9.555e-02      
      1073      8.848e-02      
      1074      6.767e-02      
      1075      4.370e-02      
      1076      2.476e-02      
      1077      1.306e-02      
      1078      6.930e-03      
      1079      3.952e-03      
      1206      5.475e-03      
      1207      1.645e-02      
      1208      3.991e-02      
      1209      7.878e-02      
      1210      1.278e-01      
      1211      1.726e-01      
      1212      1.979e-01      
      1213      1.968e-01      
      1214      1.738e-01      
      1215      1.391e-01      
      1216      1.024e-01      
      1217      6.998e-02      
      1218      4.467e-02      
      1219      2.688e-02      
      1220      1.547e-02      
      1221      8.758e-03      
      1222      5.067e-03      
      1993      1.240e-02      
      1994      1.610e-02      
      1997      1.128e-02      
      1998      7.332e-03      
      2096      8.580e-03      
      2097      1.948e-02      
      2098      3.526e-02      
      2099      5.097e-02      
      2100      5.912e-02      
      2101      5.545e-02      
      2102      4.264e-02      
      2103      2.759e-02      
      2104      1.570e-02      
      2105      8.434e-03      
      2106      4.667e-03      
      2196      9.236e-03      
      2197      2.178e-02      
      2198      4.277e-02      
      2199      7.035e-02      
      2200      9.747e-02      
      2201      1.145e-01      
      2202      1.147e-01      
      2203      9.858e-02      
      2204      7.316e-02      
      2205      4.736e-02      
      2206      2.728e-02      
      2207      1.453e-02      
      2208      7.612e-03      
      2209      4.201e-03      
      2410      9.612e-03      
      2411      1.635e-02      
      2412      3.267e-02      
      2413      6.819e-02      
      2414      1.272e-01      
      2415      1.974e-01      
      2416      2.501e-01      
      2417      2.603e-01      
      2418      2.265e-01      
      2419      1.691e-01      
      2420      1.116e-01      
      2421      6.691e-02      
      2422      3.731e-02      
      2423      1.983e-02      
      2424      1.044e-02      
      2426      3.425e-03      
      2427      2.252e-03      
      2948      4.334e-03      
      2949      1.128e-02      
      2950      2.334e-02      
      2951      3.854e-02      
      2952      5.112e-02      
      2954      4.834e-02      
      2955      3.554e-02      
      2956      2.251e-02      
      2957      1.288e-02      
      2958      7.119e-03      
      2959      4.077e-03      
      3148      1.031e-02      
      3149      1.655e-02      
      3150      2.416e-02      
      3151      2.952e-02      
      3153      2.489e-02      
      3154      1.780e-02      
      3155      1.135e-02      
      3156      6.820e-03      
      3395      1.273e-02      
      3396      2.766e-02      
      3397      5.259e-02      
      3398      8.790e-02      
      3399      1.282e-01      
      3400      1.606e-01      
      3401      1.706e-01      
      3402      1.522e-01      
      3403      1.141e-01      
      3404      7.253e-02      
      3405      4.003e-02      
      3406      2.007e-02      
      3407      9.840e-03      
      3409      3.044e-03      
      3410      1.992e-03      
      3554      7.169e-03      
      3555      1.182e-02      
      3560      6.810e-03      
      3561      4.084e-03
3624   4.084e-03