0      0.0      
      1      0.000e+00      
      415      7.552e-03      
      416      1.096e-02      
      420      5.681e-03      
      421      3.410e-03      
      424      6.917e-03      
      425      1.324e-02      
      426      2.142e-02      
      427      2.833e-02      
      429      2.660e-02      
      430      1.913e-02      
      431      1.156e-02      
      432      6.143e-03      
      433      3.105e-03      
      531      8.943e-03      
      532      9.285e-03      
      573      3.500e-03      
      574      3.284e-03      
      1068      7.424e-03      
      1069      1.549e-02      
      1070      2.578e-02      
      1071      3.435e-02      
      1073      3.203e-02      
      1074      2.288e-02      
      1075      1.371e-02      
      1076      7.192e-03      
      1078      1.844e-03      
      1079      1.093e-03      
      1206      5.639e-03      
      1207      1.514e-02      
      1208      3.260e-02      
      1209      5.682e-02      
      1210      8.121e-02      
      1211      9.705e-02      
      1213      9.127e-02      
      1214      7.710e-02      
      1215      6.154e-02      
      1216      4.656e-02      
      1217      3.298e-02      
      1218      2.153e-02      
      1219      1.282e-02      
      1220      7.010e-03      
      1221      3.646e-03      
      2096      4.680e-03      
      2097      1.055e-02      
      2098      1.883e-02      
      2099      2.659e-02      
      2101      2.656e-02      
      2102      1.907e-02      
      2103      1.127e-02      
      2104      5.753e-03      
      2105      2.768e-03      
      2195      4.408e-03      
      2196      1.085e-02      
      2197      2.201e-02      
      2198      3.709e-02      
      2199      5.249e-02      
      2200      6.316e-02      
      2202      5.905e-02      
      2203      4.664e-02      
      2204      3.227e-02      
      2205      1.961e-02      
      2206      1.062e-02      
      2207      5.341e-03      
      2208      2.705e-03      
      2412      5.827e-03      
      2413      1.329e-02      
      2414      2.710e-02      
      2415      4.599e-02      
      2416      6.427e-02      
      2417      7.441e-02      
      2418      7.217e-02      
      2419      5.931e-02      
      2420      4.184e-02      
      2421      2.571e-02      
      2422      1.405e-02      
      2423      7.071e-03      
      2425      1.824e-03      
      2426      1.090e-03      
      2950      5.718e-03      
      2951      9.776e-03      
      2956      5.304e-03      
      2957      2.819e-03      
      3394      4.530e-03      
      3395      1.183e-02      
      3396      2.671e-02      
      3397      5.194e-02      
      3398      8.644e-02      
      3399      1.222e-01      
      3400      1.457e-01      
      3401      1.454e-01      
      3402      1.210e-01      
      3403      8.404e-02      
      3404      4.910e-02      
      3405      2.467e-02      
      3406      1.115e-02      
      3407      4.909e-03      
      3553      8.750e-03      
      3554      1.676e-02      
      3555      2.552e-02      
      3558      2.399e-02      
      3559      1.573e-02      
      3560      8.843e-03      
      3561      4.534e-03      
      3562      2.321e-03
3624   2.321e-03