0      0.0      
      1      0.000e+00      
      393      2.198e-02      
      394      2.341e-02      
      401      3.631e-02      
      402      4.261e-02      
      404      5.505e-02      
      405      6.016e-02      
      408      7.296e-02      
      409      7.598e-02      
      415      8.779e-02      
      416      1.043e-01      
      417      1.199e-01      
      418      1.315e-01      
      419      1.408e-01      
      420      1.516e-01      
      421      1.655e-01      
      422      1.796e-01      
      423      1.892e-01      
      436      1.804e-01      
      437      1.635e-01      
      438      1.478e-01      
      443      1.559e-01      
      444      1.720e-01      
      445      1.899e-01      
      446      2.040e-01      
      447      2.081e-01      
      448      1.993e-01      
      449      1.810e-01      
      450      1.600e-01      
      451      1.415e-01      
      452      1.266e-01      
      453      1.135e-01      
      454      1.003e-01      
      455      8.711e-02      
      456      7.492e-02      
      457      6.468e-02      
      458      5.661e-02      
      460      4.557e-02      
      461      4.128e-02      
      463      3.162e-02      
      464      2.602e-02      
      467      1.228e-02      
      468      9.678e-03      
      537      2.261e-02      
      538      2.774e-02      
      541      4.073e-02      
      542      4.288e-02      
      547      3.218e-02      
      548      2.789e-02      
      551      1.648e-02      
      552      1.349e-02      
      1070      1.985e-02      
      1071      3.040e-02      
      1075      1.930e-02      
      1076      1.122e-02      
      1208      1.871e-02      
      1209      3.717e-02      
      1210      5.939e-02      
      1211      7.814e-02      
      1213      9.219e-02      
      1214      9.735e-02      
      1215      1.119e-01      
      1216      1.408e-01      
      1217      1.843e-01      
      1218      2.374e-01      
      1219      2.906e-01      
      1220      3.333e-01      
      1221      3.587e-01      
      1229      3.715e-01      
      1230      3.750e-01      
      1232      3.616e-01      
      1233      3.499e-01      
      1234      3.386e-01      
      1235      3.260e-01      
      1236      3.078e-01      
      1237      2.800e-01      
      1238      2.434e-01      
      1239      2.032e-01      
      1240      1.663e-01      
      1241      1.372e-01      
      1242      1.170e-01      
      1243      1.042e-01      
      1244      9.639e-02      
      1246      8.572e-02      
      1247      7.897e-02      
      1248      7.018e-02      
      1249      5.987e-02      
      1250      4.923e-02      
      1251      3.951e-02      
      1253      2.667e-02      
      1254      2.513e-02      
      1256      3.350e-02      
      1257      4.230e-02      
      1258      5.283e-02      
      1259      6.407e-02      
      1260      7.472e-02      
      1261      8.294e-02      
      1264      7.723e-02      
      1265      6.616e-02      
      1266      5.373e-02      
      1267      4.181e-02      
      1268      3.148e-02      
      1269      2.317e-02      
      1272      9.329e-03      
      1273      7.585e-03      
      2197      1.166e-02      
      2198      2.217e-02      
      2199      3.411e-02      
      2200      4.336e-02      
      2204      2.957e-02      
      2205      2.045e-02      
      2218      9.359e-03      
      2219      6.047e-03      
      2228      1.873e-02      
      2229      2.434e-02      
      2231      3.849e-02      
      2232      4.433e-02      
      2237      3.345e-02      
      2238      2.741e-02      
      2240      1.689e-02      
      2241      1.269e-02      
      3396      1.123e-02      
      3397      2.800e-02      
      3398      5.648e-02      
      3399      9.209e-02      
      3400      1.212e-01      
      3402      1.105e-01      
      3403      7.703e-02      
      3404      4.427e-02      
      3405      2.164e-02      
      3406      9.605e-03      
      3407      4.352e-03      
      3416      1.500e-02      
      3417      2.589e-02      
      3418      3.761e-02      
      3419      4.652e-02      
      3422      3.810e-02      
      3423      2.827e-02      
      3424      1.919e-02      
      3425      1.219e-02      
      3430      1.598e-02      
      3431      2.853e-02      
      3432      4.402e-02      
      3433      5.831e-02      
      3438      4.811e-02      
      3439      3.981e-02      
      3441      2.636e-02      
      3442      2.115e-02      
      3446      7.419e-03      
      3447      5.378e-03      
      3553      1.939e-02      
      3554      3.931e-02      
      3555      6.329e-02      
      3556      8.125e-02      
      3558      6.976e-02      
      3559      4.809e-02      
      3560      2.893e-02      
      3561      1.772e-02      
      3562      1.456e-02      
      3564      2.285e-02      
      3565      2.904e-02      
      3571      1.654e-02      
      3572      1.288e-02      
      3580      2.656e-02      
      3581      3.079e-02      
      3582      3.706e-02      
      3583      4.508e-02      
      3585      5.926e-02      
      3586      6.112e-02      
      3588      5.112e-02      
      3589      4.186e-02      
      3590      3.229e-02      
      3591      2.375e-02      
      3593      1.155e-02      
      3594      7.761e-03
3624   7.761e-03