0      0.0      
      1      2.000e-02      
      414      8.776e-02      
      415      1.444e-01      
      416      2.124e-01      
      417      2.671e-01      
      420      2.166e-01      
      421      1.669e-01      
      433      7.427e-02      
      434      6.610e-02      
      472      1.564e-01      
      473      1.687e-01      
      480      2.630e-01      
      481      2.924e-01      
      483      3.839e-01      
      484      4.468e-01      
      485      5.167e-01      
      486      5.858e-01      
      487      6.477e-01      
      488      7.004e-01      
      490      7.895e-01      
      491      8.292e-01      
      493      8.998e-01      
      494      9.349e-01      
      496      1.019e+00      
      497      1.066e+00      
      500      1.165e+00      
      501      1.176e+00      
      518      1.076e+00      
      519      1.069e+00      
      524      9.761e-01      
      525      9.582e-01      
      531      8.718e-01      
      532      8.558e-01      
      537      7.736e-01      
      538      7.544e-01      
      544      6.578e-01      
      545      6.411e-01      
      550      5.470e-01      
      551      5.312e-01      
      557      4.385e-01      
      558      4.236e-01      
      570      3.292e-01      
      571      3.208e-01      
      596      2.234e-01      
      597      2.147e-01      
      644      1.152e-01      
      645      1.127e-01      
      1069      1.795e-01      
      1070      3.381e-01      
      1071      5.276e-01      
      1072      6.743e-01      
      1074      6.318e-01      
      1075      4.885e-01      
      1076      3.443e-01      
      1077      2.338e-01      
      1078      1.606e-01      
      1079      1.150e-01      
      1207      1.369e-01      
      1208      3.070e-01      
      1209      6.019e-01      
      1210      9.834e-01      
      1211      1.335e+00      
      1212      1.529e+00      
      1213      1.520e+00      
      1214      1.352e+00      
      1215      1.109e+00      
      1216      8.542e-01      
      1217      6.257e-01      
      1218      4.414e-01      
      1219      3.056e-01      
      1220      2.128e-01      
      1221      1.527e-01      
      1227      5.391e-02      
      1228      5.173e-02      
      1237      1.455e-01      
      1238      1.744e-01      
      1241      2.729e-01      
      1242      3.077e-01      
      1244      3.788e-01      
      1245      4.174e-01      
      1247      5.141e-01      
      1248      5.786e-01      
      1249      6.555e-01      
      1250      7.430e-01      
      1251      8.376e-01      
      1252      9.353e-01      
      1253      1.032e+00      
      1254      1.124e+00      
      1255      1.208e+00      
      1256      1.280e+00      
      1257      1.344e+00      
      1258      1.402e+00      
      1259      1.455e+00      
      1260      1.503e+00      
      1288      1.406e+00      
      1289      1.377e+00      
      1291      1.309e+00      
      1292      1.273e+00      
      1303      1.183e+00      
      1304      1.168e+00      
      1309      1.077e+00      
      1310      1.053e+00      
      1312      9.889e-01      
      1313      9.483e-01      
      1315      8.499e-01      
      1316      7.972e-01      
      1318      7.044e-01      
      1319      6.693e-01      
      1323      5.811e-01      
      1324      5.628e-01      
      1330      4.643e-01      
      1331      4.550e-01      
      1353      3.585e-01      
      1354      3.516e-01      
      1385      2.595e-01      
      1386      2.508e-01      
      1409      1.590e-01      
      1410      1.507e-01      
      1551      5.101e-02      
      1552      5.027e-02      
      1991      1.031e-01      
      1992      1.954e-01      
      1993      3.182e-01      
      1994      4.322e-01      
      1997      3.921e-01      
      1998      2.962e-01      
      1999      2.126e-01      
      2000      1.519e-01      
      2004      5.744e-02      
      2005      4.948e-02      
      2196      1.264e-01      
      2197      2.402e-01      
      2198      4.098e-01      
      2199      6.006e-01      
      2200      7.516e-01      
      2203      6.973e-01      
      2204      5.736e-01      
      2205      4.427e-01      
      2206      3.244e-01      
      2207      2.316e-01      
      2208      1.664e-01      
      2211      7.792e-02      
      2212      6.577e-02      
      2413      1.548e-01      
      2414      2.025e-01      
      2415      2.895e-01      
      2416      4.077e-01      
      2417      5.236e-01      
      2421      4.714e-01      
      2422      3.871e-01      
      2423      3.121e-01      
      2424      2.523e-01      
      2427      1.609e-01      
      2428      1.495e-01      
      2709      4.962e-02      
      2710      4.897e-02      
      2952      1.419e-01      
      2953      1.793e-01      
      2959      8.201e-02      
      2960      6.749e-02      
      3395      7.213e-02      
      3396      1.906e-01      
      3397      4.742e-01      
      3398      1.006e+00      
      3399      1.767e+00      
      3400      2.559e+00      
      3401      3.068e+00      
      3402      3.073e+00      
      3403      2.616e+00      
      3404      1.939e+00      
      3405      1.292e+00      
      3406      8.059e-01      
      3407      4.934e-01      
      3408      3.107e-01      
      3409      2.087e-01      
      3411      1.197e-01      
      3412      1.011e-01      
      3552      1.475e-01      
      3553      2.460e-01      
      3554      4.227e-01      
      3555      6.566e-01      
      3556      8.700e-01      
      3558      9.179e-01      
      3559      7.549e-01      
      3560      5.607e-01      
      3561      3.961e-01      
      3562      2.815e-01      
      3563      2.098e-01      
      3564      1.666e-01
3624   1.666e-01