0      0.0      
      1      0.000e+00      
      410      9.708e-03      
      411      1.261e-02      
      413      2.193e-02      
      414      3.066e-02      
      415      4.255e-02      
      416      5.488e-02      
      426      6.455e-02      
      427      7.014e-02      
      446      8.106e-02      
      447      8.276e-02      
      451      7.632e-02      
      452      6.936e-02      
      453      6.137e-02      
      454      5.345e-02      
      455      4.636e-02      
      456      4.037e-02      
      459      2.826e-02      
      460      2.592e-02      
      491      1.414e-02      
      492      1.317e-02      
      524      7.531e-04      
      525      5.010e-04      
      1068      7.629e-03      
      1069      1.868e-02      
      1070      3.591e-02      
      1071      5.435e-02      
      1074      4.872e-02      
      1075      3.184e-02      
      1076      1.838e-02      
      1077      1.015e-02      
      1078      5.861e-03      
      1208      1.430e-02      
      1209      2.922e-02      
      1210      4.845e-02      
      1211      6.676e-02      
      1212      7.890e-02      
      1213      8.272e-02      
      1214      7.879e-02      
      1215      6.859e-02      
      1216      5.437e-02      
      1217      3.931e-02      
      1218      2.641e-02      
      1219      1.726e-02      
      1220      1.195e-02      
      1224      1.740e-02      
      1225      2.518e-02      
      1226      3.667e-02      
      1227      5.141e-02      
      1228      6.738e-02      
      1229      8.175e-02      
      1230      9.222e-02      
      1231      9.793e-02      
      1235      8.910e-02      
      1236      8.423e-02      
      1239      7.295e-02      
      1240      7.095e-02      
      1247      5.845e-02      
      1248      5.480e-02      
      1255      4.417e-02      
      1256      4.131e-02      
      1275      2.956e-02      
      1276      2.854e-02      
      1290      1.702e-02      
      1291      1.568e-02      
      1346      3.294e-03      
      1347      3.000e-03      
      1991      1.323e-02      
      1992      2.831e-02      
      1993      4.831e-02      
      1994      6.600e-02      
      1996      6.492e-02      
      1997      4.803e-02      
      1998      3.036e-02      
      1999      1.731e-02      
      2001      5.687e-03      
      2002      3.689e-03      
      2196      9.695e-03      
      2197      2.089e-02      
      2198      3.649e-02      
      2199      5.202e-02      
      2203      4.479e-02      
      2204      3.360e-02      
      2205      2.319e-02      
      2206      1.482e-02      
      2219      2.531e-02      
      2220      2.984e-02      
      2263      1.810e-02      
      2264      1.701e-02      
      2273      5.148e-03      
      2274      4.097e-03      
      2417      1.583e-02      
      2418      1.866e-02      
      2423      6.241e-03      
      2424      4.212e-03      
      3396      1.669e-02      
      3397      4.334e-02      
      3398      9.165e-02      
      3399      1.577e-01      
      3400      2.204e-01      
      3401      2.505e-01      
      3402      2.324e-01      
      3403      1.775e-01      
      3404      1.138e-01      
      3405      6.315e-02      
      3406      3.209e-02      
      3407      1.617e-02      
      3409      5.332e-03      
      3410      3.577e-03      
      3433      1.530e-02      
      3434      1.767e-02      
      3467      5.207e-03      
      3468      4.350e-03      
      3553      9.291e-03      
      3554      1.940e-02      
      3555      3.241e-02      
      3556      4.357e-02      
      3557      4.758e-02      
      3558      4.281e-02      
      3559      3.246e-02      
      3560      2.150e-02      
      3561      1.313e-02
3624   1.313e-02