0      0.0      
      1      0.000e+00      
      413      5.234e-03      
      414      1.210e-02      
      415      2.203e-02      
      416      3.158e-02      
      418      3.190e-02      
      419      2.273e-02      
      420      1.326e-02      
      421      7.018e-03      
      422      4.606e-03      
      424      9.029e-03      
      425      1.649e-02      
      426      2.789e-02      
      427      4.095e-02      
      428      5.119e-02      
      443      4.365e-02      
      444      4.233e-02      
      454      3.511e-02      
      455      3.305e-02      
      458      2.624e-02      
      459      2.439e-02      
      469      1.710e-02      
      470      1.616e-02      
      491      8.486e-03      
      492      7.988e-03      
      524      5.186e-04      
      525      2.115e-04      
      1069      4.691e-03      
      1070      8.874e-03      
      1076      2.367e-03      
      1077      8.144e-04      
      1207      5.024e-03      
      1208      1.232e-02      
      1209      2.386e-02      
      1210      3.698e-02      
      1211      4.699e-02      
      1215      3.943e-02      
      1216      3.261e-02      
      1217      2.577e-02      
      1218      2.000e-02      
      1220      1.294e-02      
      1221      1.128e-02      
      1226      1.519e-02      
      1227      1.904e-02      
      1228      2.389e-02      
      1229      2.894e-02      
      1231      3.599e-02      
      1232      3.736e-02      
      1244      3.047e-02      
      1245      2.709e-02      
      1247      2.109e-02      
      1248      1.885e-02      
      1263      1.231e-02      
      1264      1.077e-02      
      1288      4.613e-03      
      1289      3.079e-03      
      2197      5.824e-03      
      2198      1.127e-02      
      2199      1.749e-02      
      2200      2.222e-02      
      2203      1.869e-02      
      2204      1.362e-02      
      2205      8.395e-03      
      2206      4.240e-03      
      3396      7.699e-03      
      3397      1.924e-02      
      3398      3.860e-02      
      3399      6.204e-02      
      3400      7.976e-02      
      3401      8.186e-02      
      3402      6.693e-02      
      3403      4.351e-02      
      3404      2.245e-02      
      3405      9.181e-03      
      3406      2.974e-03      
      3407      7.627e-04      
      3552      3.458e-03      
      3553      8.828e-03      
      3554      1.779e-02      
      3555      2.834e-02      
      3558      2.853e-02      
      3559      1.807e-02      
      3560      9.110e-03      
      3561      3.659e-03      
      3562      1.171e-03
3624   1.171e-03