0      0.0      
      1      8.333e-04      
      36      1.158e-02      
      37      1.724e-02      
      41      1.334e-02      
      42      7.751e-03      
      373      1.272e-02      
      374      1.675e-02      
      379      1.208e-02      
      380      7.516e-03      
      413      9.499e-03      
      414      2.038e-02      
      415      3.591e-02      
      416      5.096e-02      
      418      5.386e-02      
      419      4.177e-02      
      420      2.912e-02      
      421      2.094e-02      
      422      1.797e-02      
      425      2.616e-02      
      426      3.204e-02      
      427      3.781e-02      
      428      4.127e-02      
      431      3.352e-02      
      432      3.021e-02      
      473      2.283e-02      
      474      2.103e-02      
      485      2.889e-02      
      486      3.017e-02      
      500      2.323e-02      
      501      2.127e-02      
      571      1.426e-02      
      572      1.282e-02      
      714      5.831e-03      
      715      4.169e-03      
      1068      1.038e-02      
      1069      2.409e-02      
      1070      4.515e-02      
      1071      6.699e-02      
      1072      7.832e-02      
      1073      7.223e-02      
      1074      5.275e-02      
      1075      3.079e-02      
      1076      1.466e-02      
      1077      6.003e-03      
      1208      1.329e-02      
      1209      2.599e-02      
      1210      4.213e-02      
      1211      5.753e-02      
      1212      6.859e-02      
      1215      6.962e-02      
      1216      5.962e-02      
      1217      4.713e-02      
      1218      3.535e-02      
      1219      2.626e-02      
      1220      2.008e-02      
      1221      1.625e-02      
      1385      8.311e-03      
      1386      7.321e-03      
      1990      6.588e-03      
      1991      1.660e-02      
      1992      3.510e-02      
      1993      5.988e-02      
      1994      8.153e-02      
      1996      7.605e-02      
      1997      5.221e-02      
      1998      2.876e-02      
      1999      1.295e-02      
      2000      5.057e-03      
      2001      2.025e-03      
      2194      6.405e-03      
      2195      1.611e-02      
      2196      3.511e-02      
      2197      6.385e-02      
      2198      9.578e-02      
      2199      1.182e-01      
      2200      1.206e-01      
      2201      1.032e-01      
      2202      7.642e-02      
      2203      5.114e-02      
      2204      3.209e-02      
      2205      1.891e-02      
      2206      1.020e-02      
      2208      2.397e-03      
      2209      1.319e-03      
      2414      7.948e-03      
      2415      1.584e-02      
      2416      2.631e-02      
      2417      3.604e-02      
      2420      3.372e-02      
      2421      2.546e-02      
      2422      1.730e-02      
      2423      1.053e-02      
      2425      2.924e-03      
      2426      1.569e-03      
      2566      6.551e-03      
      2567      1.053e-02      
      2583      3.311e-03      
      2584      1.886e-03      
      2950      8.985e-03      
      2951      1.619e-02      
      2952      2.344e-02      
      2953      2.684e-02      
      2954      2.429e-02      
      2955      1.745e-02      
      2956      1.013e-02      
      2957      4.974e-03      
      3396      1.257e-02      
      3397      3.063e-02      
      3398      6.205e-02      
      3399      1.026e-01      
      3400      1.375e-01      
      3401      1.493e-01      
      3402      1.311e-01      
      3403      9.331e-02      
      3404      5.409e-02      
      3405      2.581e-02      
      3406      1.043e-02      
      3407      3.880e-03      
      3408      1.642e-03      
      3551      5.307e-03      
      3552      1.521e-02      
      3553      3.717e-02      
      3554      7.326e-02      
      3555      1.150e-01      
      3556      1.434e-01      
      3557      1.424e-01      
      3558      1.129e-01      
      3559      7.188e-02      
      3560      3.707e-02      
      3561      1.580e-02      
      3562      5.879e-03
3624   5.879e-03