0      0.0      
      1      0.000e+00      
      35      6.367e-03      
      36      9.391e-03      
      40      4.150e-03      
      41      1.995e-03      
      414      8.054e-03      
      415      1.358e-02      
      420      7.188e-03      
      421      3.736e-03      
      424      1.016e-02      
      425      1.964e-02      
      426      3.101e-02      
      427      3.959e-02      
      429      3.432e-02      
      430      2.349e-02      
      431      1.324e-02      
      432      6.282e-03      
      433      2.629e-03      
      850      9.743e-03      
      851      9.805e-03      
      859      2.859e-03      
      860      1.602e-03      
      1067      4.744e-03      
      1068      1.213e-02      
      1069      2.487e-02      
      1070      4.107e-02      
      1071      5.490e-02      
      1073      5.392e-02      
      1074      4.082e-02      
      1075      2.658e-02      
      1076      1.526e-02      
      1077      7.876e-03      
      1079      1.535e-03      
      1080      5.674e-04      
      1205      2.713e-03      
      1206      8.999e-03      
      1207      2.394e-02      
      1208      5.137e-02      
      1209      8.973e-02      
      1210      1.292e-01      
      1211      1.560e-01      
      1213      1.499e-01      
      1214      1.275e-01      
      1215      1.028e-01      
      1216      8.023e-02      
      1217      6.132e-02      
      1218      4.610e-02      
      1219      3.404e-02      
      1220      2.439e-02      
      1221      1.659e-02      
      1222      1.039e-02      
      1223      5.805e-03      
      1377      1.268e-02      
      1378      1.353e-02      
      1410      6.409e-03      
      1411      5.561e-03      
      1507      1.250e-02      
      1508      1.470e-02      
      1514      8.148e-03      
      1515      7.499e-03      
      1556      7.379e-04      
      1557      2.784e-04      
      1992      6.171e-03      
      1993      8.949e-03      
      1998      2.622e-03      
      1999      1.022e-03      
      2096      6.927e-03      
      2097      1.534e-02      
      2098      2.704e-02      
      2099      3.802e-02      
      2101      3.886e-02      
      2102      2.872e-02      
      2103      1.752e-02      
      2104      8.968e-03      
      2105      3.905e-03      
      2106      1.454e-03      
      2195      7.940e-03      
      2196      1.786e-02      
      2197      3.368e-02      
      2198      5.376e-02      
      2199      7.336e-02      
      2200      8.650e-02      
      2202      8.041e-02      
      2203      6.391e-02      
      2204      4.448e-02      
      2205      2.693e-02      
      2206      1.411e-02      
      2207      6.415e-03      
      2412      1.064e-02      
      2413      1.972e-02      
      2414      3.695e-02      
      2415      5.993e-02      
      2416      8.087e-02      
      2417      9.115e-02      
      2418      8.741e-02      
      2419      7.290e-02      
      2420      5.387e-02      
      2421      3.563e-02      
      2422      2.106e-02      
      2423      1.103e-02      
      2424      5.067e-03      
      2425      2.027e-03      
      2576      8.580e-03      
      2577      9.704e-03      
      2584      3.130e-03      
      2585      1.683e-03      
      2949      5.499e-03      
      2950      1.127e-02      
      2951      1.830e-02      
      2952      2.358e-02      
      2954      1.965e-02      
      2955      1.274e-02      
      2956      6.570e-03      
      2957      2.699e-03      
      3150      9.666e-03      
      3151      1.123e-02      
      3154      4.102e-03      
      3155      1.812e-03      
      3347      6.905e-03      
      3348      9.833e-03      
      3352      3.832e-03      
      3353      1.682e-03      
      3394      7.408e-03      
      3395      1.739e-02      
      3396      3.547e-02      
      3397      6.301e-02      
      3398      9.717e-02      
      3399      1.292e-01      
      3400      1.466e-01      
      3401      1.406e-01      
      3402      1.132e-01      
      3403      7.609e-02      
      3404      4.267e-02      
      3405      2.008e-02      
      3406      8.047e-03      
      3408      9.397e-04      
      3409      3.085e-04      
      3552      4.913e-03      
      3553      1.166e-02      
      3554      2.196e-02      
      3555      3.286e-02      
      3558      2.796e-02      
      3559      1.688e-02      
      3560      8.161e-03      
      3561      3.164e-03      
      3562      9.848e-04
3624   9.848e-04