0      0.0      
      1      0.000e+00      
      35      2.724e-03      
      36      4.370e-03      
      45      3.383e-04      
      46      1.933e-04      
      368      2.897e-03      
      369      5.384e-03      
      376      1.410e-03      
      377      7.208e-04      
      399      4.489e-03      
      400      7.179e-03      
      401      1.016e-02      
      402      1.250e-02      
      405      9.971e-03      
      406      6.985e-03      
      407      4.306e-03      
      408      2.405e-03      
      412      2.969e-03      
      413      6.586e-03      
      414      1.282e-02      
      415      2.105e-02      
      416      2.875e-02      
      419      2.518e-02      
      420      1.863e-02      
      421      1.357e-02      
      424      1.258e-02      
      425      1.805e-02      
      426      2.587e-02      
      427      3.326e-02      
      430      2.929e-02      
      431      2.262e-02      
      432      1.713e-02      
      433      1.348e-02      
      434      1.138e-02      
      444      1.435e-02      
      445      1.609e-02      
      447      1.961e-02      
      448      2.060e-02      
      455      2.376e-02      
      456      2.522e-02      
      483      2.133e-02      
      484      2.085e-02      
      514      1.682e-02      
      515      1.600e-02      
      524      1.208e-02      
      525      1.126e-02      
      617      7.399e-03      
      618      6.666e-03      
      692      2.943e-03      
      693      2.137e-03      
      1067      2.465e-03      
      1068      6.588e-03      
      1069      1.400e-02      
      1070      2.376e-02      
      1071      3.228e-02      
      1073      3.120e-02      
      1074      2.255e-02      
      1075      1.352e-02      
      1076      6.906e-03      
      1077      3.164e-03      
      1078      1.428e-03      
      1206      4.820e-03      
      1207      1.313e-02      
      1208      2.890e-02      
      1209      5.169e-02      
      1210      7.600e-02      
      1211      9.355e-02      
      1212      9.915e-02      
      1213      9.406e-02      
      1214      8.329e-02      
      1215      7.100e-02      
      1216      5.889e-02      
      1217      4.739e-02      
      1218      3.694e-02      
      1219      2.802e-02      
      1220      2.090e-02      
      1221      1.560e-02      
      1222      1.195e-02      
      1223      9.738e-03      
      1232      1.362e-02      
      1233      1.419e-02      
      1253      1.831e-02      
      1254      1.862e-02      
      1261      2.253e-02      
      1262      2.288e-02      
      1288      1.886e-02      
      1289      1.781e-02      
      1316      1.371e-02      
      1317      1.317e-02      
      1323      1.722e-02      
      1324      1.748e-02      
      1354      1.354e-02      
      1355      1.267e-02      
      1386      8.649e-03      
      1387      7.792e-03      
      1456      3.972e-03      
      1457      3.165e-03      
      1507      7.312e-03      
      1508      8.195e-03      
      1621      4.119e-03      
      1622      4.006e-03      
      1992      6.499e-03      
      1993      9.711e-03      
      1997      6.946e-03      
      1998      4.035e-03      
      2097      5.134e-03      
      2098      9.602e-03      
      2099      1.419e-02      
      2102      1.167e-02      
      2103      7.201e-03      
      2104      3.796e-03      
      2105      1.844e-03      
      2195      5.220e-03      
      2196      1.149e-02      
      2197      2.158e-02      
      2198      3.463e-02      
      2199      4.750e-02      
      2200      5.607e-02      
      2202      5.232e-02      
      2203      4.215e-02      
      2204      3.002e-02      
      2205      1.872e-02      
      2206      1.020e-02      
      2207      4.947e-03      
      2209      1.078e-03      
      2210      5.743e-04      
      2285      4.597e-03      
      2286      5.101e-03      
      2372      9.821e-04      
      2373      5.905e-04      
      2411      3.586e-03      
      2412      5.164e-03      
      2413      8.618e-03      
      2414      1.605e-02      
      2415      2.898e-02      
      2416      4.587e-02      
      2417      6.115e-02      
      2418      6.806e-02      
      2419      6.374e-02      
      2420      5.112e-02      
      2421      3.611e-02      
      2422      2.337e-02      
      2423      1.460e-02      
      2424      9.412e-03      
      2426      5.314e-03      
      2427      4.699e-03      
      2660      9.456e-04      
      2661      4.780e-04      
      2950      2.870e-03      
      2951      5.472e-03      
      2952      8.194e-03      
      2953      9.676e-03      
      2955      6.856e-03      
      2956      4.278e-03      
      2961      1.949e-04      
      2962      1.002e-04      
      3394      1.429e-03      
      3395      4.345e-03      
      3396      1.104e-02      
      3397      2.365e-02      
      3398      4.282e-02      
      3399      6.536e-02      
      3400      8.359e-02      
      3401      8.900e-02      
      3402      7.857e-02      
      3403      5.749e-02      
      3404      3.505e-02      
      3405      1.805e-02      
      3406      8.076e-03      
      3407      3.320e-03      
      3552      5.396e-03      
      3553      1.327e-02      
      3554      2.595e-02      
      3555      4.049e-02      
      3556      5.066e-02      
      3557      5.121e-02      
      3558      4.230e-02      
      3559      2.900e-02      
      3560      1.688e-02      
      3561      8.584e-03      
      3562      3.969e-03
3624   3.969e-03