0      0.0      
      1      0.000e+00      
      426      4.274e-03      
      427      5.552e-03      
      434      1.246e-03      
      435      9.848e-04      
      540      5.501e-03      
      541      5.556e-03      
      621      1.089e-03      
      622      9.625e-04      
      1067      2.944e-03      
      1068      7.117e-03      
      1069      1.377e-02      
      1070      2.137e-02      
      1071      2.670e-02      
      1073      2.218e-02      
      1074      1.498e-02      
      1075      8.438e-03      
      1076      4.083e-03      
      1077      1.815e-03      
      1206      4.640e-03      
      1207      1.160e-02      
      1208      2.360e-02      
      1209      3.951e-02      
      1210      5.524e-02      
      1211      6.592e-02      
      1213      6.568e-02      
      1214      5.827e-02      
      1215      4.912e-02      
      1216      3.957e-02      
      1217      3.042e-02      
      1218      2.231e-02      
      1219      1.574e-02      
      1220      1.088e-02      
      1221      7.568e-03      
      1222      5.341e-03      
      1226      8.441e-04      
      1227      4.556e-04      
      1299      5.000e-03      
      1300      5.001e-03      
      1585      5.275e-04      
      1586      3.248e-04      
      2096      4.768e-03      
      2097      9.618e-03      
      2098      1.540e-02      
      2099      1.965e-02      
      2100      2.008e-02      
      2101      1.655e-02      
      2102      1.107e-02      
      2103      6.064e-03      
      2104      2.737e-03      
      2105      1.024e-03      
      2195      4.531e-03      
      2196      1.018e-02      
      2197      1.901e-02      
      2198      2.971e-02      
      2199      3.925e-02      
      2200      4.437e-02      
      2201      4.338e-02      
      2202      3.693e-02      
      2203      2.737e-02      
      2204      1.753e-02      
      2205      9.573e-03      
      2206      4.395e-03      
      2413      7.189e-03      
      2414      1.500e-02      
      2415      2.707e-02      
      2416      4.066e-02      
      2417      5.055e-02      
      2418      5.201e-02      
      2419      4.433e-02      
      2420      3.138e-02      
      2421      1.855e-02      
      2422      9.218e-03      
      2423      3.872e-03      
      2951      6.829e-03      
      2952      9.247e-03      
      2955      6.111e-03      
      2956      3.666e-03      
      3395      6.105e-03      
      3396      1.227e-02      
      3397      2.100e-02      
      3398      3.066e-02      
      3399      3.825e-02      
      3401      3.727e-02      
      3402      2.917e-02      
      3403      1.977e-02      
      3404      1.193e-02      
      3405      6.788e-03      
      3407      2.547e-03      
      3408      1.813e-03      
      3553      4.240e-03      
      3554      7.727e-03      
      3555      1.121e-02      
      3556      1.296e-02      
      3558      8.739e-03      
      3559      5.094e-03      
      3561      8.695e-04      
      3562      2.540e-04
3624   2.540e-04