0      0.0      
      1      0.000e+00      
      34      2.695e-03      
      35      5.046e-03      
      41      1.201e-03      
      42      4.042e-04      
      369      3.905e-03      
      370      5.681e-03      
      374      2.090e-03      
      375      8.712e-04      
      413      2.641e-03      
      414      5.508e-03      
      415      9.258e-03      
      416      1.246e-02      
      418      1.133e-02      
      419      7.599e-03      
      420      4.061e-03      
      421      1.908e-03      
      423      2.851e-03      
      424      6.572e-03      
      425      1.267e-02      
      426      1.968e-02      
      427      2.459e-02      
      429      2.009e-02      
      430      1.322e-02      
      431      7.078e-03      
      432      3.117e-03      
      433      1.149e-03      
      847      5.464e-03      
      848      5.946e-03      
      883      1.486e-03      
      884      9.760e-04      
      1067      3.478e-03      
      1068      8.803e-03      
      1069      1.777e-02      
      1070      2.868e-02      
      1071      3.717e-02      
      1073      3.317e-02      
      1074      2.331e-02      
      1075      1.373e-02      
      1076      6.918e-03      
      1077      3.044e-03      
      1078      1.189e-03      
      1205      1.869e-03      
      1206      6.141e-03      
      1207      1.613e-02      
      1208      3.407e-02      
      1209      5.833e-02      
      1210      8.196e-02      
      1211      9.635e-02      
      1212      9.739e-02      
      1213      8.781e-02      
      1214      7.341e-02      
      1215      5.862e-02      
      1216      4.522e-02      
      1217      3.355e-02      
      1218      2.373e-02      
      1219      1.588e-02      
      1220      1.003e-02      
      1221      5.963e-03      
      1222      3.300e-03      
      2096      5.990e-03      
      2097      1.286e-02      
      2098      2.191e-02      
      2099      2.969e-02      
      2101      2.754e-02      
      2102      1.899e-02      
      2103      1.056e-02      
      2104      4.798e-03      
      2106      5.802e-04      
      2107      1.624e-04      
      2194      1.953e-03      
      2195      5.315e-03      
      2196      1.199e-02      
      2197      2.259e-02      
      2198      3.589e-02      
      2199      4.852e-02      
      2200      5.634e-02      
      2201      5.676e-02      
      2202      4.999e-02      
      2203      3.862e-02      
      2204      2.612e-02      
      2205      1.540e-02      
      2206      7.877e-03      
      2207      3.496e-03      
      2208      1.352e-03      
      2411      3.125e-03      
      2412      6.024e-03      
      2413      1.319e-02      
      2414      2.596e-02      
      2415      4.227e-02      
      2416      5.632e-02      
      2417      6.185e-02      
      2418      5.673e-02      
      2419      4.406e-02      
      2420      2.937e-02      
      2421      1.699e-02      
      2422      8.589e-03      
      2423      3.809e-03      
      2950      7.891e-03      
      2951      1.298e-02      
      2952      1.695e-02      
      2953      1.760e-02      
      2954      1.455e-02      
      2955      9.595e-03      
      2956      5.066e-03      
      2957      2.156e-03      
      3347      5.200e-03      
      3348      7.308e-03      
      3351      4.694e-03      
      3352      2.478e-03      
      3394      5.311e-03      
      3395      1.225e-02      
      3396      2.419e-02      
      3397      4.114e-02      
      3398      6.030e-02      
      3399      7.600e-02      
      3400      8.184e-02      
      3401      7.461e-02      
      3402      5.705e-02      
      3403      3.633e-02      
      3404      1.921e-02      
      3405      8.470e-03      
      3406      3.159e-03      
      3552      3.879e-03      
      3553      9.090e-03      
      3554      1.693e-02      
      3555      2.505e-02      
      3558      2.066e-02      
      3559      1.236e-02      
      3560      5.971e-03      
      3561      2.372e-03      
      3562      8.054e-04
3624   8.054e-04