0      0.0      
      1      0.000e+00      
      35      2.995e-03      
      36      4.590e-03      
      44      8.959e-05      
      45      2.167e-05      
      369      3.167e-03      
      370      4.845e-03      
      376      6.163e-04      
      377      2.129e-04      
      400      3.688e-03      
      401      5.300e-03      
      407      1.452e-03      
      408      6.410e-04      
      413      3.649e-03      
      414      7.785e-03      
      415      1.333e-02      
      416      1.822e-02      
      418      1.707e-02      
      419      1.168e-02      
      420      6.405e-03      
      421      3.009e-03      
      422      1.857e-03      
      423      3.013e-03      
      424      7.063e-03      
      425      1.454e-02      
      426      2.431e-02      
      427      3.270e-02      
      429      3.070e-02      
      430      2.149e-02      
      431      1.217e-02      
      432      5.646e-03      
      433      2.197e-03      
      434      7.499e-04      
      1068      2.952e-03      
      1069      6.339e-03      
      1070      1.084e-02      
      1071      1.477e-02      
      1073      1.406e-02      
      1074      9.918e-03      
      1075      5.718e-03      
      1076      2.760e-03      
      1206      3.193e-03      
      1207      9.164e-03      
      1208      2.103e-02      
      1209      3.878e-02      
      1210      5.796e-02      
      1211      7.125e-02      
      1212      7.378e-02      
      1213      6.657e-02      
      1214      5.440e-02      
      1215      4.148e-02      
      1216      2.981e-02      
      1217      2.009e-02      
      1218      1.261e-02      
      1219      7.359e-03      
      1220      3.981e-03      
      1221      1.972e-03      
      1992      5.100e-03      
      1993      6.976e-03      
      1997      4.062e-03      
      1998      2.191e-03      
      2096      3.505e-03      
      2097      7.877e-03      
      2098      1.399e-02      
      2099      1.964e-02      
      2101      1.914e-02      
      2102      1.338e-02      
      2103      7.512e-03      
      2104      3.466e-03      
      2105      1.372e-03      
      2194      2.264e-03      
      2195      5.979e-03      
      2196      1.337e-02      
      2197      2.538e-02      
      2198      4.100e-02      
      2199      5.649e-02      
      2200      6.688e-02      
      2201      6.880e-02      
      2202      6.207e-02      
      2203      4.914e-02      
      2204      3.377e-02      
      2205      1.984e-02      
      2206      9.849e-03      
      2207      4.152e-03      
      2412      3.812e-03      
      2413      9.237e-03      
      2414      2.117e-02      
      2415      4.059e-02      
      2416      6.333e-02      
      2417      8.005e-02      
      2418      8.203e-02      
      2419      6.841e-02      
      2420      4.674e-02      
      2421      2.646e-02      
      2422      1.263e-02      
      2423      5.216e-03      
      2425      6.707e-04      
      2426      2.252e-04      
      2949      2.205e-03      
      2950      5.148e-03      
      2951      9.460e-03      
      2952      1.369e-02      
      2955      1.011e-02      
      2956      5.851e-03      
      2957      2.802e-03      
      2958      1.164e-03      
      3394      2.619e-03      
      3395      8.453e-03      
      3396      2.268e-02      
      3397      5.074e-02      
      3398      9.456e-02      
      3399      1.462e-01      
      3400      1.866e-01      
      3401      1.954e-01      
      3402      1.672e-01      
      3403      1.167e-01      
      3404      6.633e-02      
      3405      3.084e-02      
      3406      1.183e-02      
      3407      3.824e-03      
      3553      4.967e-03      
      3554      1.011e-02      
      3555      1.628e-02      
      3556      2.078e-02      
      3557      2.106e-02      
      3558      1.698e-02      
      3559      1.095e-02      
      3560      5.688e-03      
      3561      2.420e-03      
      3562      8.714e-04
3624   8.714e-04