0      0.0      
      1      0.000e+00      
      455      1.226e-02      
      456      2.763e-02      
      457      5.141e-02      
      458      8.039e-02      
      459      1.080e-01      
      460      1.276e-01      
      461      1.351e-01      
      463      1.135e-01      
      464      9.280e-02      
      465      7.372e-02      
      466      6.003e-02      
      469      3.999e-02      
      470      3.410e-02      
      474      1.029e-02      
      475      5.674e-03      
      1225      2.829e-02      
      1226      5.131e-02      
      1227      8.032e-02      
      1228      1.102e-01      
      1229      1.351e-01      
      1230      1.508e-01      
      1235      1.319e-01      
      1236      1.180e-01      
      1239      9.482e-02      
      1240      8.923e-02      
      1241      7.646e-02      
      1242      5.709e-02      
      1243      3.628e-02      
      1244      1.934e-02      
      1257      3.359e-02      
      1258      5.982e-02      
      1259      8.902e-02      
      1260      1.131e-01      
      1261      1.255e-01      
      1263      1.101e-01      
      1264      8.893e-02      
      1265      6.645e-02      
      1266      4.738e-02      
      1268      2.380e-02      
      1269      1.645e-02
3624   1.645e-02