0      0.0      
      1      0.000e+00      
      425      1.219e-02      
      426      1.803e-02      
      430      8.922e-03      
      431      4.225e-03      
      1068      1.441e-02      
      1069      2.849e-02      
      1070      4.530e-02      
      1071      5.829e-02      
      1073      5.292e-02      
      1074      3.829e-02      
      1075      2.367e-02      
      1076      1.291e-02      
      1077      6.563e-03      
      1206      7.797e-03      
      1207      1.923e-02      
      1208      3.861e-02      
      1209      6.383e-02      
      1210      8.840e-02      
      1211      1.051e-01      
      1214      9.767e-02      
      1215      8.639e-02      
      1216      7.437e-02      
      1217      6.210e-02      
      1218      4.981e-02      
      1219      3.788e-02      
      1220      2.693e-02      
      1221      1.769e-02      
      1223      5.951e-03      
      1224      3.172e-03      
      2096      1.243e-02      
      2097      2.466e-02      
      2098      3.881e-02      
      2102      2.836e-02      
      2103      1.680e-02      
      2105      4.465e-03      
      2106      2.337e-03      
      2196      1.442e-02      
      2197      2.866e-02      
      2198      4.741e-02      
      2199      6.607e-02      
      2200      7.865e-02      
      2202      7.317e-02      
      2203      5.852e-02      
      2204      4.182e-02      
      2205      2.684e-02      
      2206      1.556e-02      
      2207      8.246e-03      
      2413      1.454e-02      
      2414      2.842e-02      
      2415      4.806e-02      
      2416      6.815e-02      
      2417      8.100e-02      
      2419      6.882e-02      
      2420      4.970e-02      
      2421      3.082e-02      
      2422      1.670e-02      
      2423      8.228e-03      
      2424      3.979e-03      
      2951      1.355e-02      
      2952      1.814e-02      
      2956      7.650e-03      
      2957      4.354e-03      
      3395      1.443e-02      
      3396      2.980e-02      
      3397      5.127e-02      
      3398      7.432e-02      
      3399      9.165e-02      
      3401      8.793e-02      
      3402      6.872e-02      
      3403      4.640e-02      
      3404      2.742e-02      
      3405      1.462e-02      
      3408      2.276e-03      
      3409      1.439e-03      
      3553      8.370e-03      
      3554      1.646e-02      
      3555      2.583e-02      
      3556      3.248e-02      
      3558      2.713e-02      
      3559      1.854e-02      
      3560      1.087e-02      
      3561      5.813e-03
3624   5.813e-03