0      0.0      
      1      0.000e+00      
      391      9.089e-03      
      392      9.100e-03      
      400      1.775e-02      
      401      2.136e-02      
      414      2.891e-02      
      415      3.535e-02      
      424      3.980e-02      
      425      5.057e-02      
      426      6.448e-02      
      427      7.795e-02      
      428      8.702e-02      
      429      9.073e-02      
      431      9.652e-02      
      432      1.059e-01      
      433      1.192e-01      
      434      1.335e-01      
      435      1.465e-01      
      436      1.575e-01      
      437      1.668e-01      
      438      1.746e-01      
      439      1.808e-01      
      441      1.885e-01      
      442      1.912e-01      
      445      1.999e-01      
      446      2.011e-01      
      448      1.949e-01      
      449      1.875e-01      
      450      1.786e-01      
      451      1.694e-01      
      452      1.608e-01      
      453      1.535e-01      
      454      1.478e-01      
      455      1.434e-01      
      457      1.351e-01      
      458      1.300e-01      
      459      1.245e-01      
      460      1.194e-01      
      462      1.108e-01      
      463      1.069e-01      
      465      9.785e-02      
      466      9.227e-02      
      467      8.630e-02      
      468      8.053e-02      
      469      7.550e-02      
      470      7.144e-02      
      473      6.292e-02      
      474      6.056e-02      
      485      5.238e-02      
      486      5.110e-02      
      510      4.360e-02      
      511      4.193e-02      
      514      3.437e-02      
      515      3.181e-02      
      518      2.367e-02      
      519      2.115e-02      
      528      1.245e-02      
      529      1.186e-02      
      571      3.639e-03      
      572      2.038e-03      
      1068      5.664e-03      
      1069      1.202e-02      
      1070      2.028e-02      
      1071      2.724e-02      
      1073      2.514e-02      
      1074      1.751e-02      
      1075      1.005e-02      
      1076      4.939e-03      
      1207      1.160e-02      
      1208      2.600e-02      
      1209      4.683e-02      
      1210      6.843e-02      
      1211      8.240e-02      
      1213      7.483e-02      
      1214      6.107e-02      
      1215      4.720e-02      
      1216      3.536e-02      
      1217      2.635e-02      
      1218      2.050e-02      
      1225      2.804e-02      
      1226      3.353e-02      
      1227      4.016e-02      
      1228      4.759e-02      
      1229      5.544e-02      
      1230      6.335e-02      
      1231      7.112e-02      
      1232      7.869e-02      
      1233      8.632e-02      
      1234      9.489e-02      
      1235      1.056e-01      
      1236      1.190e-01      
      1237      1.341e-01      
      1238      1.488e-01      
      1239      1.615e-01      
      1240      1.714e-01      
      1241      1.786e-01      
      1242      1.829e-01      
      1246      1.758e-01      
      1247      1.721e-01      
      1249      1.661e-01      
      1250      1.629e-01      
      1252      1.542e-01      
      1253      1.488e-01      
      1254      1.431e-01      
      1255      1.374e-01      
      1256      1.315e-01      
      1257      1.251e-01      
      1258      1.184e-01      
      1259      1.115e-01      
      1260      1.049e-01      
      1261      9.915e-02      
      1263      9.108e-02      
      1264      8.813e-02      
      1266      8.196e-02      
      1267      7.823e-02      
      1269      6.920e-02      
      1270      6.424e-02      
      1272      5.572e-02      
      1273      5.285e-02      
      1286      4.499e-02      
      1287      4.318e-02      
      1299      3.492e-02      
      1300      3.214e-02      
      1312      2.401e-02      
      1313      2.238e-02      
      1317      1.333e-02      
      1318      1.202e-02      
      1367      3.639e-03      
      1368      2.038e-03      
      2098      7.696e-03      
      2099      1.143e-02      
      2104      2.804e-03      
      2105      1.301e-03      
      2195      5.229e-03      
      2196      1.186e-02      
      2197      2.285e-02      
      2198      3.710e-02      
      2199      5.057e-02      
      2202      4.889e-02      
      2203      3.725e-02      
      2204      2.537e-02      
      2205      1.536e-02      
      2206      8.317e-03      
      2207      4.336e-03      
      2220      1.273e-02      
      2221      1.454e-02      
      2269      6.351e-03      
      2270      4.947e-03      
      2414      1.288e-02      
      2415      2.546e-02      
      2416      4.105e-02      
      2417      5.358e-02      
      2419      5.021e-02      
      2420      3.782e-02      
      2421      2.583e-02      
      2422      1.752e-02      
      2423      1.299e-02      
      2453      2.183e-02      
      2454      2.238e-02      
      2477      1.570e-02      
      2478      1.315e-02      
      2485      4.432e-03      
      2486      3.445e-03      
      2507      1.187e-02      
      2508      1.342e-02      
      2540      4.393e-03      
      2541      4.086e-03      
      3395      6.789e-03      
      3396      1.632e-02      
      3397      3.239e-02      
      3398      5.343e-02      
      3399      7.352e-02      
      3400      8.453e-02      
      3401      8.115e-02      
      3402      6.498e-02      
      3403      4.342e-02      
      3404      2.435e-02      
      3405      1.167e-02      
      3406      5.003e-03      
      3407      2.092e-03      
      3424      1.110e-02      
      3425      1.273e-02      
      3477      3.762e-03      
      3478      3.113e-03      
      3552      7.184e-03      
      3553      1.755e-02      
      3554      3.399e-02      
      3555      5.235e-02      
      3556      6.444e-02      
      3557      6.402e-02      
      3558      5.227e-02      
      3559      3.642e-02      
      3560      2.333e-02      
      3561      1.547e-02      
      3562      1.179e-02      
      3617      2.709e-03      
      3618      2.231e-03
3624   2.231e-03