0      0.0      
      1      0.000e+00      
      37      2.572e-02      
      38      3.809e-02      
      43      2.476e-02      
      44      1.629e-02      
      50      2.100e-03      
      51      1.775e-03      
      355      1.568e-02      
      356      2.100e-02      
      362      7.311e-03      
      363      5.240e-03      
      390      1.941e-02      
      391      2.018e-02      
      397      3.142e-02      
      398      3.640e-02      
      399      4.369e-02      
      400      5.402e-02      
      401      6.672e-02      
      402      7.950e-02      
      412      8.393e-02      
      413      1.013e-01      
      414      1.317e-01      
      415      1.768e-01      
      416      2.297e-01      
      417      2.753e-01      
      418      2.984e-01      
      419      2.949e-01      
      420      2.734e-01      
      421      2.478e-01      
      422      2.285e-01      
      425      2.381e-01      
      426      2.659e-01      
      427      3.028e-01      
      428      3.394e-01      
      429      3.638e-01      
      431      3.616e-01      
      432      3.468e-01      
      433      3.333e-01      
      434      3.243e-01      
      438      3.106e-01      
      439      3.068e-01      
      451      2.979e-01      
      452      2.857e-01      
      453      2.731e-01      
      454      2.616e-01      
      455      2.523e-01      
      456      2.450e-01      
      458      2.342e-01      
      459      2.294e-01      
      461      2.182e-01      
      462      2.112e-01      
      463      2.033e-01      
      464      1.950e-01      
      465      1.866e-01      
      466      1.786e-01      
      468      1.650e-01      
      469      1.597e-01      
      472      1.478e-01      
      473      1.440e-01      
      475      1.348e-01      
      476      1.296e-01      
      479      1.167e-01      
      480      1.142e-01      
      486      9.997e-02      
      487      9.743e-02      
      492      8.408e-02      
      493      8.256e-02      
      498      7.185e-02      
      499      6.617e-02      
      501      5.191e-02      
      502      4.530e-02      
      518      3.131e-02      
      519      3.050e-02      
      525      1.716e-02      
      526      1.517e-02      
      673      1.108e-03      
      674      8.569e-04      
      1068      1.051e-02      
      1069      2.713e-02      
      1070      5.577e-02      
      1071      9.191e-02      
      1072      1.225e-01      
      1074      1.206e-01      
      1075      9.211e-02      
      1076      6.088e-02      
      1077      3.602e-02      
      1078      2.002e-02      
      1080      6.650e-03      
      1081      4.412e-03      
      1207      1.792e-02      
      1208      4.590e-02      
      1209      9.664e-02      
      1210      1.669e-01      
      1211      2.402e-01      
      1212      2.954e-01      
      1213      3.198e-01      
      1214      3.138e-01      
      1215      2.859e-01      
      1216      2.457e-01      
      1217      2.020e-01      
      1218      1.616e-01      
      1219      1.297e-01      
      1220      1.093e-01      
      1223      1.204e-01      
      1224      1.437e-01      
      1225      1.732e-01      
      1226      2.062e-01      
      1227      2.392e-01      
      1228      2.690e-01      
      1229      2.927e-01      
      1230      3.089e-01      
      1241      2.959e-01      
      1242      2.903e-01      
      1243      2.829e-01      
      1244      2.745e-01      
      1245      2.662e-01      
      1246      2.587e-01      
      1248      2.459e-01      
      1249      2.396e-01      
      1251      2.258e-01      
      1252      2.180e-01      
      1253      2.097e-01      
      1254      2.012e-01      
      1255      1.928e-01      
      1256      1.849e-01      
      1258      1.712e-01      
      1259      1.657e-01      
      1263      1.519e-01      
      1264      1.479e-01      
      1266      1.371e-01      
      1267      1.309e-01      
      1269      1.202e-01      
      1270      1.163e-01      
      1278      1.055e-01      
      1279      1.019e-01      
      1282      8.764e-02      
      1283      8.232e-02      
      1285      7.059e-02      
      1286      6.450e-02      
      1288      5.225e-02      
      1289      4.567e-02      
      1291      3.180e-02      
      1292      2.554e-02      
      1314      1.282e-02      
      1315      1.078e-02      
      1993      2.103e-02      
      1994      3.063e-02      
      1998      2.238e-02      
      1999      1.524e-02      
      2013      1.108e-03      
      2014      8.568e-04      
      2196      8.892e-03      
      2197      2.294e-02      
      2198      4.742e-02      
      2199      7.962e-02      
      2200      1.108e-01      
      2201      1.309e-01      
      2203      1.241e-01      
      2204      1.026e-01      
      2205      7.646e-02      
      2206      5.155e-02      
      2207      3.198e-02      
      2208      1.886e-02      
      2209      1.104e-02      
      2413      1.159e-02      
      2414      2.598e-02      
      2415      4.762e-02      
      2416      7.240e-02      
      2417      9.298e-02      
      2420      8.679e-02      
      2421      6.758e-02      
      2422      4.765e-02      
      2423      3.094e-02      
      2424      1.914e-02      
      2425      1.187e-02      
      3396      2.116e-02      
      3397      5.502e-02      
      3398      1.164e-01      
      3399      2.010e-01      
      3400      2.849e-01      
      3401      3.339e-01      
      3402      3.265e-01      
      3403      2.696e-01      
      3404      1.909e-01      
      3405      1.182e-01      
      3406      6.555e-02      
      3407      3.377e-02      
      3408      1.700e-02      
      3411      3.281e-03      
      3412      2.348e-03      
      3553      8.817e-03      
      3554      1.931e-02      
      3555      3.402e-02      
      3556      4.852e-02      
      3559      4.442e-02      
      3560      3.156e-02      
      3561      2.045e-02      
      3562      1.279e-02
3624   1.279e-02