0      0.0      
      1      0.000e+00      
      414      3.978e-03      
      415      7.214e-03      
      416      1.025e-02      
      417      1.141e-02      
      418      9.935e-03      
      419      6.761e-03      
      420      3.596e-03      
      421      1.501e-03      
      440      4.957e-03      
      441      5.678e-03      
      444      8.521e-03      
      445      9.583e-03      
      453      1.278e-02      
      454      1.406e-02      
      457      1.742e-02      
      458      1.789e-02      
      488      1.434e-02      
      489      1.333e-02      
      535      9.847e-03      
      536      9.423e-03      
      541      5.859e-03      
      542      5.475e-03      
      553      1.923e-03      
      554      1.201e-03      
      1068      2.606e-03      
      1069      6.256e-03      
      1070      1.170e-02      
      1071      1.704e-02      
      1073      1.710e-02      
      1074      1.178e-02      
      1075      6.326e-03      
      1076      2.648e-03      
      1077      8.640e-04      
      1208      3.236e-03      
      1209      6.524e-03      
      1210      1.075e-02      
      1211      1.493e-02      
      1212      1.814e-02      
      1213      1.985e-02      
      1215      1.730e-02      
      1216      1.335e-02      
      1217      9.027e-03      
      1218      5.449e-03      
      1219      3.033e-03      
      1246      6.524e-03      
      1247      7.608e-03      
      1250      1.102e-02      
      1251      1.206e-02      
      1261      1.514e-02      
      1262      1.596e-02      
      1283      1.303e-02      
      1284      1.215e-02      
      1326      8.794e-03      
      1327      8.129e-03      
      1336      4.674e-03      
      1337      4.407e-03      
      1343      7.429e-04      
      1344      4.757e-04      
      1990      2.417e-03      
      1991      6.226e-03      
      1992      1.266e-02      
      1993      2.034e-02      
      1994      2.585e-02      
      1995      2.599e-02      
      1996      2.068e-02      
      1997      1.301e-02      
      1998      6.464e-03      
      1999      2.535e-03      
      2196      5.179e-03      
      2197      1.038e-02      
      2198      1.681e-02      
      2199      2.204e-02      
      2201      2.103e-02      
      2202      1.617e-02      
      2203      1.116e-02      
      2204      7.036e-03      
      2205      3.965e-03      
      2206      1.910e-03      
      2416      4.735e-03      
      2417      6.205e-03      
      2422      2.899e-03      
      2423      1.651e-03      
      3395      1.895e-03      
      3396      5.941e-03      
      3397      1.507e-02      
      3398      3.085e-02      
      3399      5.081e-02      
      3400      6.708e-02      
      3401      7.072e-02      
      3402      5.934e-02      
      3403      3.952e-02      
      3404      2.085e-02      
      3405      8.701e-03      
      3406      2.871e-03      
      3553      3.841e-03      
      3554      7.626e-03      
      3555      1.194e-02      
      3558      1.115e-02      
      3559      6.827e-03      
      3560      3.309e-03      
      3561      1.270e-03
3624   1.270e-03