0      0.0      
      1      0.000e+00      
      37      3.938e-03      
      38      5.269e-03      
      46      2.085e-05      
      47      3.705e-06      
      414      3.176e-03      
      415      5.772e-03      
      435      1.073e-02      
      436      1.263e-02      
      438      1.667e-02      
      439      1.845e-02      
      443      2.337e-02      
      444      2.499e-02      
      446      2.941e-02      
      447      3.208e-02      
      449      3.676e-02      
      450      3.842e-02      
      452      4.166e-02      
      453      4.376e-02      
      455      4.866e-02      
      456      5.116e-02      
      458      5.573e-02      
      459      5.768e-02      
      470      5.305e-02      
      471      4.957e-02      
      472      4.509e-02      
      473      3.988e-02      
      474      3.464e-02      
      475      3.007e-02      
      476      2.657e-02      
      477      2.418e-02      
      500      1.895e-02      
      501      1.790e-02      
      509      1.263e-02      
      510      1.171e-02      
      523      6.443e-03      
      524      5.806e-03      
      548      6.038e-04      
      549      4.050e-04      
      555      5.277e-03      
      556      6.299e-03      
      560      1.155e-02      
      561      1.230e-02      
      570      7.368e-03      
      571      6.429e-03      
      578      1.241e-03      
      579      7.459e-04      
      1068      3.123e-03      
      1069      7.886e-03      
      1070      1.569e-02      
      1071      2.466e-02      
      1072      3.065e-02      
      1073      3.020e-02      
      1074      2.363e-02      
      1075      1.470e-02      
      1076      7.284e-03      
      1077      2.876e-03      
      1078      9.056e-04      
      1212      4.383e-03      
      1213      7.418e-03      
      1219      2.412e-03      
      1220      9.983e-04      
      1239      6.180e-03      
      1240      6.812e-03      
      1289      2.309e-03      
      1290      1.241e-03      
      1606      5.491e-03      
      1607      9.346e-03      
      1645      4.720e-03      
      1646      4.083e-03      
      1992      5.383e-03      
      1993      1.051e-02      
      1994      1.624e-02      
      1997      1.589e-02      
      1998      1.039e-02      
      1999      5.559e-03      
      2000      2.435e-03      
      2195      7.425e-03      
      2196      1.693e-02      
      2197      3.131e-02      
      2198      4.711e-02      
      2199      5.816e-02      
      2201      5.385e-02      
      2202      4.524e-02      
      2203      3.788e-02      
      2204      3.116e-02      
      2205      2.325e-02      
      2206      1.463e-02      
      2207      7.501e-03      
      2208      3.271e-03      
      2209      1.771e-03      
      2211      4.157e-03      
      2212      7.276e-03      
      2213      1.136e-02      
      2214      1.613e-02      
      2215      2.133e-02      
      2216      2.685e-02      
      2217      3.265e-02      
      2218      3.853e-02      
      2219      4.397e-02      
      2220      4.816e-02      
      2221      5.034e-02      
      2224      4.634e-02      
      2225      4.451e-02      
      2230      4.890e-02      
      2231      5.136e-02      
      2233      5.636e-02      
      2234      5.860e-02      
      2244      5.655e-02      
      2245      5.171e-02      
      2246      4.558e-02      
      2247      3.878e-02      
      2248      3.211e-02      
      2249      2.639e-02      
      2250      2.205e-02      
      2251      1.913e-02      
      2265      1.461e-02      
      2266      1.368e-02      
      2275      8.420e-03      
      2276      7.370e-03      
      2287      3.157e-03      
      2288      2.107e-03      
      2415      4.653e-03      
      2416      7.522e-03      
      2423      2.488e-03      
      2424      1.320e-03      
      2565      4.176e-03      
      2566      8.933e-03      
      2567      1.511e-02      
      2568      2.020e-02      
      2569      2.131e-02      
      2570      1.772e-02      
      2571      1.160e-02      
      2572      5.967e-03      
      2574      8.080e-04      
      2575      3.308e-04      
      2594      5.263e-03      
      2595      6.241e-03      
      2632      1.180e-03      
      2633      5.434e-04      
      3553      4.172e-03      
      3554      8.112e-03      
      3555      1.249e-02      
      3556      1.531e-02      
      3558      1.201e-02      
      3559      7.802e-03      
      3560      4.155e-03      
      3561      1.814e-03
3624   1.814e-03