0      0.0      
      1      0.000e+00      
      414      1.178e-02      
      415      2.059e-02      
      420      9.110e-03      
      421      3.793e-03      
      426      1.621e-02      
      427      2.460e-02      
      437      3.788e-02      
      438      5.430e-02      
      439      7.274e-02      
      440      8.808e-02      
      445      7.936e-02      
      446      7.014e-02      
      447      6.072e-02      
      448      5.193e-02      
      450      3.788e-02      
      451      3.334e-02      
      501      2.055e-02      
      502      1.896e-02      
      572      6.268e-03      
      573      4.678e-03      
      1069      1.504e-02      
      1070      2.687e-02      
      1071      3.786e-02      
      1072      4.203e-02      
      1073      3.674e-02      
      1074      2.528e-02      
      1075      1.369e-02      
      1076      5.842e-03      
      1207      1.153e-02      
      1208      2.778e-02      
      1209      5.300e-02      
      1210      8.083e-02      
      1211      1.002e-01      
      1213      9.440e-02      
      1214      7.885e-02      
      1215      6.279e-02      
      1216      4.802e-02      
      1217      3.492e-02      
      1218      2.382e-02      
      1219      1.503e-02      
      1220      8.569e-03      
      1232      1.555e-02      
      1233      2.368e-02      
      1234      3.599e-02      
      1235      5.326e-02      
      1236      7.462e-02      
      1237      9.750e-02      
      1238      1.181e-01      
      1239      1.323e-01      
      1240      1.365e-01      
      1241      1.292e-01      
      1242      1.120e-01      
      1243      8.942e-02      
      1244      6.714e-02      
      1245      4.953e-02      
      1246      3.821e-02      
      1247      3.227e-02      
      1290      2.001e-02      
      1291      1.753e-02      
      1362      5.718e-03      
      1363      3.203e-03      
      1992      1.234e-02      
      1993      1.949e-02      
      1998      5.629e-03      
      1999      2.169e-03      
      2197      1.573e-02      
      2198      2.798e-02      
      2199      4.021e-02      
      2200      4.760e-02      
      2203      3.398e-02      
      2204      2.459e-02      
      2205      1.569e-02      
      2206      8.684e-03      
      2415      1.993e-02      
      2416      3.081e-02      
      2421      1.783e-02      
      2422      1.065e-02      
      2952      2.263e-02      
      2953      2.565e-02      
      2955      1.556e-02      
      2956      8.326e-03      
      3396      1.802e-02      
      3397      4.415e-02      
      3398      8.776e-02      
      3399      1.414e-01      
      3400      1.843e-01      
      3401      1.939e-01      
      3402      1.644e-01      
      3403      1.124e-01      
      3404      6.223e-02      
      3405      2.826e-02      
      3406      1.087e-02      
      3552      1.993e-02      
      3553      4.974e-02      
      3554      9.756e-02      
      3555      1.506e-01      
      3556      1.833e-01      
      3557      1.763e-01      
      3558      1.341e-01      
      3559      8.083e-02      
      3560      3.873e-02      
      3561      1.481e-02      
      3563      1.142e-03      
      3564      2.395e-04
3624   2.395e-04