0      0.0      
      1      0.000e+00      
      34      2.705e-03      
      35      5.775e-03      
      36      1.010e-02      
      37      1.471e-02      
      38      1.810e-02      
      39      1.899e-02      
      40      1.705e-02      
      41      1.318e-02      
      42      9.028e-03      
      43      5.948e-03      
      44      4.310e-03      
      71      8.008e-04      
      72      3.687e-04      
      374      3.866e-03      
      375      4.892e-03      
      411      7.809e-03      
      412      8.846e-03      
      413      1.137e-02      
      414      1.601e-02      
      415      2.277e-02      
      416      3.069e-02      
      417      3.815e-02      
      418      4.376e-02      
      419      4.690e-02      
      420      4.777e-02      
      427      4.529e-02      
      428      4.306e-02      
      429      4.058e-02      
      430      3.801e-02      
      431      3.539e-02      
      432      3.280e-02      
      433      3.044e-02      
      434      2.847e-02      
      440      2.497e-02      
      441      2.489e-02      
      447      2.799e-02      
      448      2.955e-02      
      452      2.760e-02      
      453      2.597e-02      
      455      2.290e-02      
      456      2.158e-02      
      460      1.814e-02      
      461      1.776e-02      
      471      1.419e-02      
      472      1.393e-02      
      481      1.741e-02      
      482      2.041e-02      
      483      2.464e-02      
      484      3.083e-02      
      485      3.821e-02      
      486      4.402e-02      
      488      4.270e-02      
      489      3.821e-02      
      490      3.484e-02      
      491      3.353e-02      
      498      3.071e-02      
      499      2.967e-02      
      502      2.642e-02      
      503      2.543e-02      
      506      2.209e-02      
      507      2.077e-02      
      510      1.743e-02      
      511      1.644e-02      
      514      1.323e-02      
      515      1.228e-02      
      524      9.285e-03      
      525      8.572e-03      
      594      5.001e-03      
      595      4.372e-03      
      716      1.430e-03      
      717      8.008e-04      
      1068      3.868e-03      
      1069      9.840e-03      
      1070      1.976e-02      
      1071      3.141e-02      
      1072      3.961e-02      
      1073      3.973e-02      
      1074      3.177e-02      
      1075      2.029e-02      
      1076      1.037e-02      
      1077      4.250e-03      
      1078      1.431e-03      
      1079      5.024e-04      
      1210      3.077e-03      
      1211      5.749e-03      
      1212      9.872e-03      
      1213      1.518e-02      
      1214      2.034e-02      
      1217      2.057e-02      
      1218      1.655e-02      
      1219      1.274e-02      
      1220      9.972e-03      
      1221      8.506e-03      
      1227      1.205e-02      
      1228      1.295e-02      
      1241      9.948e-03      
      1242      9.263e-03      
      1255      6.245e-03      
      1256      5.682e-03      
      1291      2.142e-03      
      1292      1.430e-03      
      1538      3.860e-03      
      1539      5.383e-03      
      1543      2.988e-03      
      1544      1.592e-03      
      1576      4.909e-03      
      1577      6.319e-03      
      1578      8.240e-03      
      1579      1.012e-02      
      1586      6.780e-03      
      1587      6.334e-03      
      1601      2.774e-03      
      1602      2.167e-03      
      1606      3.977e-03      
      1607      7.331e-03      
      1608      1.090e-02      
      1609      1.294e-02      
      1611      1.025e-02      
      1612      7.900e-03      
      1621      4.371e-03      
      1622      3.940e-03      
      1632      3.687e-04      
      1633      1.374e-04      
      1991      2.061e-03      
      1992      5.246e-03      
      1993      1.111e-02      
      1994      1.959e-02      
      1995      2.863e-02      
      1996      3.442e-02      
      1997      3.373e-02      
      1998      2.671e-02      
      1999      1.700e-02      
      2000      8.694e-03      
      2001      3.692e-03      
      2028      1.374e-04      
      2029      4.101e-05      
      2104      3.043e-03      
      2105      3.710e-03      
      2111      2.942e-04      
      2112      1.106e-04      
      2194      2.760e-03      
      2195      7.439e-03      
      2196      1.651e-02      
      2197      3.008e-02      
      2198      4.492e-02      
      2199      5.530e-02      
      2201      5.367e-02      
      2202      4.920e-02      
      2203      4.668e-02      
      2204      4.362e-02      
      2205      3.694e-02      
      2206      2.751e-02      
      2207      1.905e-02      
      2208      1.430e-02      
      2211      1.725e-02      
      2212      1.983e-02      
      2213      2.217e-02      
      2214      2.406e-02      
      2221      2.147e-02      
      2222      2.037e-02      
      2226      1.719e-02      
      2227      1.643e-02      
      2231      1.299e-02      
      2232      1.218e-02      
      2248      9.285e-03      
      2249      8.572e-03      
      2271      5.001e-03      
      2272      4.372e-03      
      2370      8.010e-04      
      2371      3.705e-04      
      2413      1.430e-03      
      2414      4.355e-03      
      2415      1.048e-02      
      2416      2.000e-02      
      2417      3.048e-02      
      2418      3.766e-02      
      2420      3.489e-02      
      2421      2.905e-02      
      2422      2.340e-02      
      2423      1.851e-02      
      2424      1.465e-02      
      2437      1.151e-02      
      2438      1.095e-02      
      2443      7.713e-03      
      2444      7.079e-03      
      2465      3.706e-03      
      2466      3.309e-03      
      2576      6.045e-03      
      2577      9.336e-03      
      2578      1.294e-02      
      2579      1.577e-02      
      2580      1.681e-02      
      2582      1.363e-02      
      2583      1.140e-02      
      2599      7.942e-03      
      2600      7.511e-03      
      2611      3.940e-03      
      2612      3.709e-03      
      2635      3.687e-04      
      2636      1.374e-04      
      2950      2.159e-03      
      2951      4.443e-03      
      2952      7.229e-03      
      2953      9.304e-03      
      2955      7.622e-03      
      2956      4.844e-03      
      2957      2.429e-03      
      2958      9.591e-04      
      3398      3.769e-03      
      3399      7.025e-03      
      3400      1.096e-02      
      3401      1.443e-02      
      3402      1.610e-02      
      3403      1.516e-02      
      3404      1.193e-02      
      3405      7.770e-03      
      3406      4.145e-03      
      3408      6.272e-04      
      3409      1.757e-04      
      3552      2.789e-03      
      3553      7.593e-03      
      3554      1.642e-02      
      3555      2.823e-02      
      3556      3.864e-02      
      3558      3.685e-02      
      3559      2.586e-02      
      3560      1.470e-02      
      3561      6.844e-03      
      3562      2.654e-03
3624   2.654e-03