0      0.0      
      1      0.000e+00      
      414      4.123e-03      
      415      7.798e-03      
      416      1.155e-02      
      417      1.342e-02      
      418      1.228e-02      
      419      8.890e-03      
      420      5.130e-03      
      421      2.395e-03      
      425      3.810e-03      
      426      7.922e-03      
      427      1.324e-02      
      428      1.787e-02      
      430      1.792e-02      
      431      1.376e-02      
      432      9.115e-03      
      433      5.316e-03      
      434      2.761e-03      
      1068      3.033e-03      
      1069      7.458e-03      
      1070      1.440e-02      
      1071      2.192e-02      
      1072      2.642e-02      
      1073      2.538e-02      
      1074      1.961e-02      
      1075      1.232e-02      
      1076      6.371e-03      
      1077      2.746e-03      
      1078      9.929e-04      
      1206      1.983e-03      
      1207      6.478e-03      
      1208      1.689e-02      
      1209      3.566e-02      
      1210      6.220e-02      
      1211      9.229e-02      
      1212      1.207e-01      
      1213      1.437e-01      
      1214      1.590e-01      
      1215      1.643e-01      
      1216      1.587e-01      
      1217      1.438e-01      
      1218      1.231e-01      
      1219      1.004e-01      
      1220      7.842e-02      
      1221      5.873e-02      
      1222      4.213e-02      
      1223      2.886e-02      
      1224      1.880e-02      
      1225      1.155e-02      
      1226      6.598e-03      
      1227      3.431e-03      
      1228      1.581e-03      
      1994      5.416e-03      
      1995      6.138e-03      
      1997      3.723e-03      
      1998      1.993e-03      
      2098      4.653e-03      
      2099      6.771e-03      
      2102      4.653e-03      
      2103      2.491e-03      
      2195      2.659e-03      
      2196      7.741e-03      
      2197      1.830e-02      
      2198      3.563e-02      
      2199      5.818e-02      
      2200      8.163e-02      
      2201      1.009e-01      
      2202      1.118e-01      
      2203      1.114e-01      
      2204      9.948e-02      
      2205      7.928e-02      
      2206      5.671e-02      
      2207      3.699e-02      
      2208      2.246e-02      
      2209      1.290e-02      
      2210      7.007e-03      
      2211      3.532e-03      
      2212      1.600e-03      
      2412      2.814e-03      
      2413      7.344e-03      
      2414      1.544e-02      
      2415      2.658e-02      
      2416      3.845e-02      
      2417      4.834e-02      
      2418      5.463e-02      
      2420      5.422e-02      
      2421      4.715e-02      
      2422      3.695e-02      
      2423      2.604e-02      
      2424      1.656e-02      
      2425      9.480e-03      
      2426      4.840e-03      
      2427      2.162e-03      
      2428      8.265e-04      
      3394      1.278e-03      
      3395      4.685e-03      
      3396      1.433e-02      
      3397      3.662e-02      
      3398      7.818e-02      
      3399      1.393e-01      
      3400      2.074e-01      
      3401      2.590e-01      
      3402      2.738e-01      
      3403      2.484e-01      
      3404      1.973e-01      
      3405      1.407e-01      
      3406      9.239e-02      
      3407      5.725e-02      
      3408      3.395e-02      
      3409      1.928e-02      
      3410      1.032e-02      
      3411      5.072e-03      
      3412      2.218e-03      
      3413      8.377e-04      
      3551      1.900e-03      
      3552      6.310e-03      
      3553      1.666e-02      
      3554      3.519e-02      
      3555      5.987e-02      
      3556      8.288e-02      
      3557      9.459e-02      
      3558      9.055e-02      
      3559      7.432e-02      
      3560      5.362e-02      
      3561      3.484e-02      
      3562      2.068e-02      
      3563      1.123e-02      
      3564      5.499e-03      
      3565      2.375e-03      
      3566      8.835e-04
3624   8.835e-04