0      0.0      
      1      0.000e+00      
      37      3.807e-03      
      38      4.923e-03      
      41      3.195e-03      
      42      1.888e-03      
      372      4.111e-03      
      373      5.463e-03      
      374      6.890e-03      
      375      8.234e-03      
      381      6.065e-03      
      382      5.549e-03      
      394      6.691e-03      
      395      8.530e-03      
      396      1.088e-02      
      397      1.359e-02      
      398      1.669e-02      
      399      2.036e-02      
      400      2.460e-02      
      401      2.910e-02      
      402      3.343e-02      
      403      3.725e-02      
      404      4.030e-02      
      405      4.238e-02      
      406      4.350e-02      
      413      4.350e-02      
      414      4.729e-02      
      415      5.349e-02      
      416      5.981e-02      
      417      6.296e-02      
      418      6.161e-02      
      419      5.786e-02      
      420      5.519e-02      
      421      5.566e-02      
      422      5.923e-02      
      423      6.501e-02      
      424      7.230e-02      
      425      8.055e-02      
      426      8.897e-02      
      427      9.638e-02      
      428      1.016e-01      
      429      1.041e-01      
      435      1.026e-01      
      436      9.940e-02      
      437      9.462e-02      
      438      8.827e-02      
      439      8.079e-02      
      440      7.280e-02      
      441      6.478e-02      
      442      5.701e-02      
      443      4.997e-02      
      444      4.449e-02      
      445      4.129e-02      
      452      3.883e-02      
      453      3.693e-02      
      456      3.446e-02      
      457      3.331e-02      
      458      3.106e-02      
      459      2.787e-02      
      460      2.449e-02      
      461      2.182e-02      
      463      1.958e-02      
      464      1.909e-02      
      465      1.818e-02      
      466      1.659e-02      
      467      1.448e-02      
      468      1.216e-02      
      469      9.929e-03      
      470      8.020e-03      
      471      6.536e-03      
      472      5.477e-03      
      487      7.801e-03      
      488      8.950e-03      
      489      1.085e-02      
      490      1.329e-02      
      491      1.555e-02      
      492      1.686e-02      
      495      1.455e-02      
      496      1.299e-02      
      498      1.050e-02      
      499      9.409e-03      
      501      7.081e-03      
      502      6.060e-03      
      506      3.612e-03      
      507      2.915e-03      
      526      5.118e-04      
      527      3.945e-04      
      1067      1.297e-03      
      1068      3.968e-03      
      1069      9.501e-03      
      1070      1.781e-02      
      1071      2.614e-02      
      1072      3.010e-02      
      1073      2.726e-02      
      1074      1.953e-02      
      1075      1.119e-02      
      1076      5.290e-03      
      1077      2.249e-03      
      1207      4.664e-03      
      1208      1.159e-02      
      1209      2.284e-02      
      1210      3.605e-02      
      1211      4.653e-02      
      1212      5.084e-02      
      1213      4.952e-02      
      1214      4.593e-02      
      1216      4.516e-02      
      1217      5.297e-02      
      1218      6.786e-02      
      1219      8.824e-02      
      1220      1.102e-01      
      1221      1.294e-01      
      1222      1.429e-01      
      1223      1.508e-01      
      1224      1.554e-01      
      1225      1.591e-01      
      1226      1.627e-01      
      1228      1.627e-01      
      1229      1.558e-01      
      1230      1.455e-01      
      1231      1.341e-01      
      1232      1.233e-01      
      1233      1.134e-01      
      1234      1.039e-01      
      1235      9.471e-02      
      1236      8.635e-02      
      1237      7.940e-02      
      1238      7.383e-02      
      1239      6.906e-02      
      1240      6.440e-02      
      1241      5.949e-02      
      1242      5.433e-02      
      1243      4.902e-02      
      1244      4.365e-02      
      1245      3.845e-02      
      1246      3.382e-02      
      1247      3.006e-02      
      1248      2.714e-02      
      1249      2.476e-02      
      1250      2.267e-02      
      1251      2.086e-02      
      1252      1.951e-02      
      1260      1.810e-02      
      1261      1.602e-02      
      1262      1.392e-02      
      1263      1.212e-02      
      1265      9.672e-03      
      1266      8.846e-03      
      1269      6.652e-03      
      1270      6.059e-03      
      1278      3.976e-03      
      1279      3.558e-03      
      1292      1.357e-03      
      1293      8.650e-04      
      1990      2.731e-03      
      1991      7.321e-03      
      1992      1.556e-02      
      1993      2.626e-02      
      1994      3.522e-02      
      1995      3.761e-02      
      1996      3.206e-02      
      1997      2.200e-02      
      1998      1.248e-02      
      1999      6.389e-03      
      2000      3.751e-03      
      2006      6.243e-03      
      2007      6.587e-03      
      2011      8.439e-03      
      2012      9.096e-03      
      2022      7.224e-03      
      2023      6.175e-03      
      2026      3.831e-03      
      2027      3.260e-03      
      2032      8.228e-04      
      2033      6.815e-04      
      2194      1.621e-03      
      2195      4.402e-03      
      2196      9.994e-03      
      2197      1.886e-02      
      2198      2.944e-02      
      2199      3.800e-02      
      2200      4.113e-02      
      2201      3.861e-02      
      2202      3.331e-02      
      2203      2.834e-02      
      2204      2.530e-02      
      2206      2.762e-02      
      2207      3.326e-02      
      2208      4.072e-02      
      2209      4.842e-02      
      2210      5.495e-02      
      2211      5.957e-02      
      2212      6.247e-02      
      2213      6.440e-02      
      2214      6.598e-02      
      2217      6.596e-02      
      2218      6.179e-02      
      2219      5.500e-02      
      2220      4.650e-02      
      2221      3.785e-02      
      2222      3.045e-02      
      2223      2.491e-02      
      2224      2.092e-02      
      2225      1.769e-02      
      2226      1.465e-02      
      2227      1.170e-02      
      2228      9.038e-03      
      2229      6.845e-03      
      2230      5.124e-03      
      2232      2.686e-03      
      2233      1.875e-03      
      2242      4.068e-03      
      2243      6.590e-03      
      2244      9.905e-03      
      2245      1.330e-02      
      2246      1.575e-02      
      2247      1.663e-02      
      2249      1.484e-02      
      2250      1.343e-02      
      2251      1.210e-02      
      2252      1.087e-02      
      2254      8.596e-03      
      2255      7.602e-03      
      2262      5.491e-03      
      2263      5.037e-03      
      2269      2.814e-03      
      2270      2.296e-03      
      2414      3.084e-03      
      2415      6.732e-03      
      2416      1.175e-02      
      2417      1.652e-02      
      2420      1.503e-02      
      2421      1.139e-02      
      2422      8.393e-03      
      2423      6.399e-03      
      2424      5.356e-03      
      2428      7.370e-03      
      2429      8.416e-03      
      2432      1.053e-02      
      2433      1.123e-02      
      2435      1.300e-02      
      2436      1.381e-02      
      2444      1.221e-02      
      2445      1.062e-02      
      2446      8.746e-03      
      2447      6.942e-03      
      2448      5.451e-03      
      2449      4.273e-03      
      2451      2.430e-03      
      2452      1.764e-03      
      2576      2.902e-03      
      2577      4.411e-03      
      2591      2.285e-03      
      2592      1.826e-03      
      2952      4.198e-03      
      2953      4.910e-03      
      2955      3.387e-03      
      2956      2.086e-03      
      3347      2.773e-03      
      3348      5.063e-03      
      3349      7.243e-03      
      3350      8.117e-03      
      3351      7.132e-03      
      3352      4.928e-03      
      3353      2.697e-03      
      3354      1.188e-03      
      3394      1.681e-03      
      3395      4.753e-03      
      3396      1.234e-02      
      3397      2.800e-02      
      3398      5.353e-02      
      3399      8.454e-02      
      3400      1.092e-01      
      3401      1.147e-01      
      3402      9.776e-02      
      3403      6.752e-02      
      3404      3.792e-02      
      3405      1.750e-02      
      3406      6.923e-03      
      3407      2.820e-03      
      3410      5.164e-03      
      3411      8.608e-03      
      3412      1.327e-02      
      3413      1.913e-02      
      3414      2.627e-02      
      3415      3.480e-02      
      3416      4.430e-02      
      3417      5.327e-02      
      3418      5.948e-02      
      3420      5.820e-02      
      3421      5.217e-02      
      3422      4.507e-02      
      3423      3.824e-02      
      3424      3.206e-02      
      3425      2.645e-02      
      3426      2.139e-02      
      3427      1.707e-02      
      3428      1.374e-02      
      3429      1.146e-02      
      3430      1.008e-02      
      3433      7.955e-03      
      3434      7.117e-03      
      3436      5.135e-03      
      3437      4.151e-03      
      3440      1.782e-03      
      3441      1.412e-03      
      3475      3.760e-03      
      3476      6.318e-03      
      3477      8.927e-03      
      3482      7.367e-03      
      3483      5.938e-03      
      3485      3.722e-03      
      3486      2.896e-03      
      3492      4.587e-04      
      3493      3.482e-04      
      3551      1.704e-03      
      3552      5.540e-03      
      3553      1.420e-02      
      3554      2.876e-02      
      3555      4.611e-02      
      3556      5.867e-02      
      3557      5.946e-02      
      3558      4.829e-02      
      3559      3.192e-02      
      3560      1.799e-02      
      3561      9.930e-03      
      3562      6.991e-03      
      3564      8.746e-03      
      3565      1.124e-02      
      3566      1.434e-02      
      3567      1.791e-02      
      3568      2.177e-02      
      3569      2.565e-02      
      3570      2.927e-02      
      3571      3.245e-02      
      3572      3.517e-02      
      3573      3.740e-02      
      3574      3.895e-02      
      3577      3.779e-02      
      3578      3.537e-02      
      3579      3.211e-02      
      3580      2.839e-02      
      3581      2.473e-02      
      3582      2.149e-02      
      3583      1.873e-02      
      3584      1.628e-02      
      3585      1.398e-02      
      3586      1.187e-02      
      3587      1.010e-02      
      3590      7.630e-03      
      3591      7.452e-03      
      3600      5.164e-03      
      3601      4.410e-03      
      3605      1.945e-03      
      3606      1.582e-03
3624   1.582e-03