0      0.0      
      1      0.000e+00      
      413      4.025e-03      
      414      9.732e-03      
      415      1.854e-02      
      416      2.789e-02      
      417      3.319e-02      
      418      3.136e-02      
      419      2.363e-02      
      420      1.428e-02      
      421      6.979e-03      
      422      2.901e-03      
      423      1.541e-03      
      425      5.758e-03      
      426      1.187e-02      
      427      1.965e-02      
      428      2.600e-02      
      430      2.363e-02      
      431      1.636e-02      
      432      9.206e-03      
      433      4.224e-03      
      1068      6.191e-03      
      1069      1.525e-02      
      1070      2.950e-02      
      1071      4.489e-02      
      1072      5.390e-02      
      1073      5.125e-02      
      1074      3.878e-02      
      1075      2.349e-02      
      1076      1.146e-02      
      1077      4.542e-03      
      1207      4.141e-03      
      1208      1.065e-02      
      1209      2.211e-02      
      1210      3.784e-02      
      1211      5.515e-02      
      1212      7.123e-02      
      1213      8.416e-02      
      1214      9.197e-02      
      1215      9.218e-02      
      1216      8.385e-02      
      1217      6.912e-02      
      1218      5.203e-02      
      1219      3.612e-02      
      1220      2.325e-02      
      1221      1.386e-02      
      1222      7.590e-03      
      1223      3.778e-03      
      1224      1.684e-03      
      1991      5.786e-03      
      1992      1.282e-02      
      1993      2.251e-02      
      1994      3.128e-02      
      1996      2.992e-02      
      1997      2.061e-02      
      1998      1.125e-02      
      1999      4.886e-03      
      2001      4.746e-04      
      2002      1.085e-04      
      2195      4.283e-03      
      2196      1.227e-02      
      2197      2.805e-02      
      2198      5.134e-02      
      2199      7.574e-02      
      2200      9.106e-02      
      2201      9.089e-02      
      2202      7.727e-02      
      2203      5.744e-02      
      2204      3.790e-02      
      2205      2.204e-02      
      2206      1.104e-02      
      2207      4.636e-03      
      2415      8.836e-03      
      2416      1.287e-02      
      2417      1.649e-02      
      2418      1.901e-02      
      2421      1.485e-02      
      2422      1.002e-02      
      2423      5.561e-03      
      2424      2.504e-03      
      3347      4.812e-03      
      3348      8.276e-03      
      3352      6.686e-03      
      3353      3.469e-03      
      3395      6.107e-03      
      3396      1.359e-02      
      3397      3.044e-02      
      3398      6.312e-02      
      3399      1.127e-01      
      3400      1.673e-01      
      3401      2.034e-01      
      3402      2.020e-01      
      3403      1.644e-01      
      3404      1.101e-01      
      3405      6.106e-02      
      3406      2.823e-02      
      3407      1.095e-02      
      3408      3.574e-03      
      3551      3.812e-03      
      3552      1.282e-02      
      3553      3.423e-02      
      3554      7.268e-02      
      3555      1.231e-01      
      3556      1.669e-01      
      3557      1.816e-01      
      3558      1.592e-01      
      3559      1.130e-01      
      3560      6.521e-02      
      3561      3.084e-02      
      3562      1.206e-02      
      3563      3.948e-03
3624   3.948e-03