0      0.0      
      1      3.125e-03      
      33      4.556e-03      
      34      6.965e-03      
      35      1.141e-02      
      36      1.766e-02      
      37      2.416e-02      
      38      2.864e-02      
      40      2.604e-02      
      41      1.997e-02      
      42      1.338e-02      
      43      8.203e-03      
      44      5.141e-03      
      45      3.760e-03      
      413      5.404e-03      
      414      7.921e-03      
      415      1.179e-02      
      416      1.699e-02      
      417      2.334e-02      
      418      3.014e-02      
      419      3.599e-02      
      420      3.936e-02      
      425      3.623e-02      
      426      3.538e-02      
      429      3.603e-02      
      430      3.872e-02      
      431      4.137e-02      
      432      4.312e-02      
      438      4.060e-02      
      439      3.933e-02      
      442      3.645e-02      
      443      3.592e-02      
      446      3.892e-02      
      447      4.135e-02      
      452      3.830e-02      
      453      3.610e-02      
      454      3.428e-02      
      455      3.287e-02      
      458      3.009e-02      
      459      2.929e-02      
      463      2.629e-02      
      464      2.570e-02      
      470      2.332e-02      
      471      2.241e-02      
      473      2.000e-02      
      474      1.882e-02      
      479      1.928e-02      
      480      2.241e-02      
      481      2.671e-02      
      482      3.187e-02      
      483      3.824e-02      
      484      4.661e-02      
      485      5.651e-02      
      486      6.482e-02      
      488      6.389e-02      
      489      5.674e-02      
      490      5.051e-02      
      491      4.742e-02      
      492      4.702e-02      
      499      4.547e-02      
      500      4.378e-02      
      501      4.187e-02      
      502      4.003e-02      
      504      3.724e-02      
      505      3.612e-02      
      507      3.380e-02      
      508      3.270e-02      
      511      2.980e-02      
      512      2.868e-02      
      514      2.625e-02      
      515      2.512e-02      
      518      2.249e-02      
      519      2.187e-02      
      522      1.957e-02      
      523      1.843e-02      
      525      1.578e-02      
      526      1.460e-02      
      566      1.180e-02      
      567      1.125e-02      
      596      8.124e-03      
      597      7.501e-03      
      715      4.376e-03      
      716      3.826e-03      
      1068      6.841e-03      
      1069      1.306e-02      
      1070      2.416e-02      
      1071      3.847e-02      
      1072      5.028e-02      
      1073      5.307e-02      
      1074      4.513e-02      
      1075      3.117e-02      
      1076      1.799e-02      
      1077      9.381e-03      
      1078      5.215e-03      
      1212      6.779e-03      
      1213      9.856e-03      
      1214      1.340e-02      
      1215      1.637e-02      
      1216      1.785e-02      
      1218      1.566e-02      
      1219      1.288e-02      
      1220      9.925e-03      
      1221      7.477e-03      
      1223      4.904e-03      
      1224      4.347e-03      
      1235      7.263e-03      
      1236      8.206e-03      
      1262      5.549e-03      
      1263      4.999e-03      
      1538      6.476e-03      
      1539      8.984e-03      
      1540      1.136e-02      
      1541      1.244e-02      
      1543      9.332e-03      
      1544      6.770e-03      
      1546      3.766e-03      
      1547      3.316e-03      
      1579      5.944e-03      
      1580      7.049e-03      
      1584      4.424e-03      
      1585      3.659e-03      
      1605      5.234e-03      
      1606      8.184e-03      
      1607      1.258e-02      
      1608      1.688e-02      
      1610      1.689e-02      
      1611      1.261e-02      
      1612      8.305e-03      
      1613      5.557e-03      
      1614      4.510e-03      
      1992      5.760e-03      
      1993      1.060e-02      
      1994      1.997e-02      
      1995      3.313e-02      
      1996      4.528e-02      
      1997      4.967e-02      
      1998      4.348e-02      
      1999      3.062e-02      
      2000      1.802e-02      
      2001      9.988e-03      
      2002      6.607e-03      
      2007      3.934e-03      
      2008      3.462e-03      
      2105      5.496e-03      
      2106      7.151e-03      
      2111      4.974e-03      
      2112      3.891e-03      
      2194      5.203e-03      
      2195      9.142e-03      
      2196      1.714e-02      
      2197      2.935e-02      
      2198      4.266e-02      
      2199      5.194e-02      
      2201      5.412e-02      
      2202      5.529e-02      
      2203      5.858e-02      
      2204      5.878e-02      
      2205      5.124e-02      
      2206      3.734e-02      
      2207      2.278e-02      
      2208      1.225e-02      
      2209      6.754e-03      
      2215      9.612e-03      
      2216      1.132e-02      
      2217      1.300e-02      
      2218      1.450e-02      
      2227      1.141e-02      
      2228      1.078e-02      
      2248      8.124e-03      
      2249      7.501e-03      
      2299      4.496e-03      
      2300      4.148e-03      
      2413      4.533e-03      
      2414      7.521e-03      
      2415      1.394e-02      
      2416      2.416e-02      
      2417      3.566e-02      
      2418      4.351e-02      
      2419      4.403e-02      
      2420      3.786e-02      
      2421      2.881e-02      
      2422      2.028e-02      
      2423      1.361e-02      
      2424      8.878e-03      
      2425      5.853e-03      
      2426      4.213e-03      
      2435      6.830e-03      
      2436      7.465e-03      
      2465      4.376e-03      
      2466      3.826e-03      
      2564      5.447e-03      
      2565      8.391e-03      
      2566      1.254e-02      
      2567      1.638e-02      
      2569      1.588e-02      
      2570      1.184e-02      
      2571      7.807e-03      
      2572      5.119e-03      
      2573      3.885e-03      
      2576      6.040e-03      
      2577      8.661e-03      
      2578      1.157e-02      
      2579      1.352e-02      
      2581      1.171e-02      
      2582      8.977e-03      
      2583      6.488e-03      
      2584      4.902e-03      
      2593      7.836e-03      
      2594      8.562e-03      
      2610      5.585e-03      
      2611      5.008e-03      
      2951      8.131e-03      
      2952      1.147e-02      
      2953      1.485e-02      
      2955      1.469e-02      
      2956      1.107e-02      
      2957      7.375e-03      
      2958      4.897e-03      
      2959      3.700e-03      
      3401      6.173e-03      
      3402      7.633e-03      
      3406      5.355e-03      
      3407      4.181e-03      
      3421      1.251e-03      
      3422      7.007e-04      
      3553      3.587e-03      
      3554      8.036e-03      
      3555      1.465e-02      
      3556      2.137e-02      
      3557      2.510e-02      
      3558      2.423e-02      
      3559      1.991e-02      
      3560      1.464e-02      
      3561      1.018e-02      
      3562      7.010e-03      
      3564      3.894e-03      
      3565      3.384e-03
3624   3.384e-03