0      0.0      
      1      0.000e+00      
      368      2.266e-03      
      369      4.763e-03      
      370      8.070e-03      
      371      1.111e-02      
      375      7.580e-03      
      376      5.691e-03      
      380      9.735e-04      
      381      4.352e-04      
      398      3.292e-03      
      399      5.596e-03      
      400      8.788e-03      
      401      1.225e-02      
      405      1.144e-02      
      406      7.281e-03      
      407      3.760e-03      
      408      1.562e-03      
      412      3.264e-03      
      413      9.706e-03      
      414      2.280e-02      
      415      4.227e-02      
      416      6.186e-02      
      417      7.160e-02      
      418      6.577e-02      
      419      4.818e-02      
      420      2.841e-02      
      421      1.381e-02      
      422      6.407e-03      
      423      5.574e-03      
      424      1.161e-02      
      425      2.634e-02      
      426      5.017e-02      
      427      7.791e-02      
      428      9.890e-02      
      429      1.036e-01      
      430      9.094e-02      
      431      6.849e-02      
      432      4.564e-02      
      433      2.784e-02      
      434      1.597e-02      
      435      8.664e-03      
      436      4.368e-03      
      437      1.980e-03      
      1067      3.976e-03      
      1068      1.237e-02      
      1069      3.019e-02      
      1070      5.791e-02      
      1071      8.759e-02      
      1072      1.050e-01      
      1073      1.005e-01      
      1074      7.782e-02      
      1075      4.982e-02      
      1076      2.721e-02      
      1077      1.317e-02      
      1078      5.837e-03      
      1079      2.381e-03      
      1080      8.735e-04      
      1205      1.746e-03      
      1206      7.103e-03      
      1207      2.293e-02      
      1208      5.930e-02      
      1209      1.243e-01      
      1210      2.152e-01      
      1211      3.159e-01      
      1212      4.065e-01      
      1213      4.739e-01      
      1214      5.133e-01      
      1215      5.229e-01      
      1216      5.038e-01      
      1217      4.609e-01      
      1218      4.030e-01      
      1219      3.393e-01      
      1220      2.765e-01      
      1221      2.186e-01      
      1222      1.678e-01      
      1223      1.249e-01      
      1224      9.016e-02      
      1225      6.311e-02      
      1226      4.291e-02      
      1227      2.833e-02      
      1228      1.806e-02      
      1229      1.100e-02      
      1230      6.284e-03      
      1231      3.290e-03      
      1991      4.142e-03      
      1992      9.659e-03      
      1993      1.771e-02      
      1994      2.555e-02      
      1996      2.615e-02      
      1997      1.880e-02      
      1998      1.095e-02      
      1999      5.277e-03      
      2001      7.677e-04      
      2002      2.376e-04      
      2096      3.898e-03      
      2097      9.380e-03      
      2098      1.759e-02      
      2099      2.572e-02      
      2101      2.610e-02      
      2102      1.812e-02      
      2103      9.828e-03      
      2104      4.165e-03      
      2195      8.498e-03      
      2196      2.502e-02      
      2197      6.001e-02      
      2198      1.189e-01      
      2199      1.981e-01      
      2200      2.840e-01      
      2201      3.580e-01      
      2202      4.027e-01      
      2203      4.066e-01      
      2204      3.690e-01      
      2205      3.029e-01      
      2206      2.285e-01      
      2207      1.622e-01      
      2208      1.108e-01      
      2209      7.388e-02      
      2210      4.819e-02      
      2211      3.069e-02      
      2212      1.898e-02      
      2213      1.130e-02      
      2214      6.365e-03      
      2215      3.308e-03      
      2216      1.540e-03      
      2411      3.507e-03      
      2412      1.138e-02      
      2413      2.934e-02      
      2414      6.079e-02      
      2415      1.030e-01      
      2416      1.465e-01      
      2417      1.809e-01      
      2418      2.010e-01      
      2419      2.047e-01      
      2420      1.912e-01      
      2421      1.619e-01      
      2422      1.236e-01      
      2423      8.556e-02      
      2424      5.474e-02      
      2425      3.307e-02      
      2426      1.921e-02      
      2427      1.082e-02      
      2428      5.878e-03      
      2430      1.414e-03      
      2431      5.810e-04      
      2950      4.934e-03      
      2951      9.218e-03      
      2952      1.341e-02      
      2953      1.520e-02      
      2954      1.341e-02      
      2955      9.218e-03      
      2956      4.934e-03      
      2957      2.057e-03      
      3394      4.142e-03      
      3395      1.471e-02      
      3396      4.373e-02      
      3397      1.090e-01      
      3398      2.278e-01      
      3399      3.985e-01      
      3400      5.846e-01      
      3401      7.225e-01      
      3402      7.603e-01      
      3403      6.931e-01      
      3404      5.606e-01      
      3405      4.135e-01      
      3406      2.857e-01      
      3407      1.889e-01      
      3408      1.215e-01      
      3409      7.684e-02      
      3410      4.799e-02      
      3411      2.937e-02      
      3412      1.730e-02      
      3413      9.560e-03      
      3414      4.820e-03      
      3415      2.157e-03      
      3551      6.155e-03      
      3552      2.046e-02      
      3553      5.409e-02      
      3554      1.143e-01      
      3555      1.947e-01      
      3556      2.698e-01      
      3557      3.081e-01      
      3558      2.953e-01      
      3559      2.434e-01      
      3560      1.781e-01      
      3561      1.202e-01      
      3562      7.778e-02      
      3563      4.963e-02      
      3564      3.151e-02      
      3565      1.967e-02      
      3566      1.181e-02      
      3567      6.654e-03      
      3568      3.432e-03      
      3569      1.581e-03
3624   1.581e-03