0      0.0      
      1      0.000e+00      
      35      6.786e-03      
      36      1.003e-02      
      39      7.441e-03      
      40      4.140e-03      
      368      7.179e-03      
      369      1.215e-02      
      370      1.677e-02      
      371      1.891e-02      
      373      1.316e-02      
      374      8.165e-03      
      375      4.179e-03      
      376      1.809e-03      
      412      5.285e-03      
      413      9.301e-03      
      414      1.434e-02      
      415      1.890e-02      
      419      1.315e-02      
      420      9.777e-03      
      423      1.312e-02      
      424      2.184e-02      
      425      3.460e-02      
      426      4.757e-02      
      427      5.478e-02      
      428      5.239e-02      
      429      4.189e-02      
      430      2.868e-02      
      431      1.775e-02      
      432      1.099e-02      
      507      1.633e-02      
      508      1.702e-02      
      857      1.123e-02      
      858      1.046e-02      
      973      5.275e-03      
      974      4.563e-03      
      1067      4.888e-03      
      1068      1.167e-02      
      1069      2.233e-02      
      1070      3.434e-02      
      1071      4.263e-02      
      1072      4.301e-02      
      1073      3.560e-02      
      1074      2.449e-02      
      1075      1.422e-02      
      1076      7.066e-03      
      1077      3.034e-03      
      1078      1.124e-03      
      1205      2.842e-03      
      1206      8.716e-03      
      1207      2.148e-02      
      1208      4.283e-02      
      1209      6.993e-02      
      1210      9.504e-02      
      1211      1.101e-01      
      1212      1.118e-01      
      1213      1.030e-01      
      1214      8.854e-02      
      1215      7.268e-02      
      1216      5.763e-02      
      1217      4.424e-02      
      1218      3.279e-02      
      1219      2.344e-02      
      1220      1.632e-02      
      1221      1.141e-02      
      1222      8.438e-03      
      1373      1.412e-02      
      1374      1.529e-02      
      1434      9.413e-03      
      1435      8.253e-03      
      1506      1.400e-02      
      1507      1.592e-02      
      1555      1.046e-02      
      1556      9.478e-03      
      1745      4.564e-03      
      1746      3.531e-03      
      2095      6.385e-03      
      2096      1.560e-02      
      2097      2.986e-02      
      2098      4.492e-02      
      2099      5.332e-02      
      2100      5.021e-02      
      2101      3.781e-02      
      2102      2.303e-02      
      2103      1.149e-02      
      2104      4.766e-03      
      2195      6.404e-03      
      2196      1.496e-02      
      2197      2.914e-02      
      2198      4.794e-02      
      2199      6.723e-02      
      2200      8.060e-02      
      2201      8.227e-02      
      2202      7.103e-02      
      2203      5.158e-02      
      2204      3.139e-02      
      2205      1.599e-02      
      2206      6.813e-03      
      2207      2.421e-03      
      2208      7.144e-04      
      2410      6.481e-03      
      2411      8.345e-03      
      2412      1.346e-02      
      2413      2.610e-02      
      2414      4.812e-02      
      2415      7.463e-02      
      2416      9.468e-02      
      2417      9.859e-02      
      2418      8.530e-02      
      2419      6.203e-02      
      2420      3.818e-02      
      2421      1.991e-02      
      2422      8.753e-03      
      2423      3.224e-03      
      2424      9.871e-04      
      2571      6.613e-03      
      2572      6.998e-03      
      2755      1.319e-03      
      2756      6.073e-04      
      2949      5.957e-03      
      2950      1.170e-02      
      2951      1.811e-02      
      2954      1.664e-02      
      2955      1.026e-02      
      2956      5.062e-03      
      2957      2.004e-03      
      3149      5.701e-03      
      3150      8.285e-03      
      3154      3.048e-03      
      3155      1.270e-03      
      3346      5.995e-03      
      3347      1.061e-02      
      3352      4.889e-03      
      3353      2.009e-03      
      3393      2.851e-03      
      3394      8.035e-03      
      3395      1.865e-02      
      3396      3.578e-02      
      3397      5.710e-02      
      3398      7.630e-02      
      3399      8.597e-02      
      3400      8.202e-02      
      3401      6.627e-02      
      3402      4.512e-02      
      3403      2.568e-02      
      3404      1.209e-02      
      3405      4.669e-03      
      3552      5.592e-03      
      3553      1.177e-02      
      3554      1.976e-02      
      3555      2.654e-02      
      3557      2.470e-02      
      3558      1.715e-02      
      3559      9.559e-03      
      3560      4.274e-03      
      3561      1.530e-03
3624   1.530e-03