0      0.0      
      1      2.449e-03      
      33      3.887e-03      
      34      6.310e-03      
      35      1.080e-02      
      36      1.715e-02      
      37      2.381e-02      
      38      2.843e-02      
      39      2.923e-02      
      40      2.598e-02      
      41      2.011e-02      
      42      1.398e-02      
      43      9.476e-03      
      44      7.223e-03      
      56      5.229e-03      
      57      5.072e-03      
      70      3.053e-03      
      71      3.013e-03      
      374      4.820e-03      
      375      5.142e-03      
      394      6.748e-03      
      395      7.800e-03      
      397      9.570e-03      
      398      9.937e-03      
      404      8.280e-03      
      405      7.819e-03      
      413      7.898e-03      
      414      1.100e-02      
      415      1.588e-02      
      416      2.199e-02      
      417      2.829e-02      
      418      3.366e-02      
      419      3.718e-02      
      427      3.563e-02      
      428      3.438e-02      
      444      3.627e-02      
      445      3.797e-02      
      446      4.071e-02      
      447      4.408e-02      
      448      4.707e-02      
      451      4.597e-02      
      452      4.291e-02      
      453      3.972e-02      
      454      3.696e-02      
      455      3.485e-02      
      456      3.334e-02      
      457      3.228e-02      
      460      3.047e-02      
      461      3.005e-02      
      465      2.802e-02      
      466      2.734e-02      
      468      2.585e-02      
      469      2.515e-02      
      471      2.365e-02      
      472      2.272e-02      
      473      2.164e-02      
      474      2.042e-02      
      475      1.918e-02      
      476      1.812e-02      
      479      1.927e-02      
      480      2.202e-02      
      481      2.572e-02      
      482      3.011e-02      
      483      3.570e-02      
      484      4.345e-02      
      485      5.288e-02      
      486      6.100e-02      
      487      6.428e-02      
      488      6.195e-02      
      489      5.676e-02      
      490      5.214e-02      
      491      4.960e-02      
      494      4.761e-02      
      495      4.685e-02      
      497      4.490e-02      
      498      4.367e-02      
      499      4.222e-02      
      500      4.060e-02      
      501      3.883e-02      
      502      3.698e-02      
      503      3.510e-02      
      504      3.328e-02      
      505      3.156e-02      
      506      2.994e-02      
      507      2.843e-02      
      508      2.712e-02      
      510      2.527e-02      
      511      2.461e-02      
      513      2.314e-02      
      514      2.227e-02      
      516      2.054e-02      
      517      1.975e-02      
      520      1.779e-02      
      521      1.726e-02      
      524      1.553e-02      
      525      1.511e-02      
      545      1.316e-02      
      546      1.293e-02      
      566      1.090e-02      
      567      1.086e-02      
      593      9.284e-03      
      594      8.783e-03      
      598      6.873e-03      
      599      6.717e-03      
      642      4.771e-03      
      643      4.666e-03      
      861      2.646e-03      
      862      2.603e-03      
      913      6.244e-04      
      914      5.101e-04      
      1067      1.641e-03      
      1068      4.525e-03      
      1069      1.128e-02      
      1070      2.319e-02      
      1071      3.833e-02      
      1072      5.062e-02      
      1073      5.341e-02      
      1074      4.510e-02      
      1075      3.058e-02      
      1076      1.680e-02      
      1077      7.620e-03      
      1078      3.016e-03      
      1079      1.206e-03      
      1080      6.345e-04      
      1087      2.582e-03      
      1088      3.059e-03      
      1124      1.251e-03      
      1125      9.449e-04      
      1208      2.818e-03      
      1209      3.249e-03      
      1210      4.234e-03      
      1211      6.268e-03      
      1212      9.769e-03      
      1213      1.454e-02      
      1214      1.945e-02      
      1215      2.286e-02      
      1217      2.233e-02      
      1218      1.951e-02      
      1219      1.640e-02      
      1220      1.382e-02      
      1230      1.218e-02      
      1231      1.117e-02      
      1232      1.006e-02      
      1233      9.000e-03      
      1237      7.051e-03      
      1238      6.954e-03      
      1249      4.925e-03      
      1250      4.905e-03      
      1411      2.911e-03      
      1412      2.861e-03      
      1442      8.440e-04      
      1443      7.365e-04      
      1534      2.599e-03      
      1535      2.819e-03      
      1537      4.520e-03      
      1538      6.367e-03      
      1539      8.619e-03      
      1540      1.046e-02      
      1541      1.099e-02      
      1542      9.908e-03      
      1543      7.790e-03      
      1544      5.608e-03      
      1545      4.027e-03      
      1546      3.158e-03      
      1553      4.665e-03      
      1554      5.832e-03      
      1556      7.778e-03      
      1557      8.182e-03      
      1561      6.729e-03      
      1562      6.103e-03      
      1577      6.695e-03      
      1578      8.824e-03      
      1579      1.113e-02      
      1583      9.798e-03      
      1584      8.026e-03      
      1586      6.150e-03      
      1587      5.793e-03      
      1597      3.787e-03      
      1598      3.679e-03      
      1604      4.147e-03      
      1605      5.856e-03      
      1606      9.449e-03      
      1607      1.485e-02      
      1608      2.021e-02      
      1609      2.264e-02      
      1610      2.063e-02      
      1611      1.561e-02      
      1612      1.053e-02      
      1613      7.333e-03      
      1622      5.377e-03      
      1623      5.265e-03      
      1794      3.265e-03      
      1795      3.205e-03      
      1894      1.273e-03      
      1895      8.947e-04      
      1991      2.005e-03      
      1992      4.904e-03      
      1993      1.097e-02      
      1994      2.103e-02      
      1995      3.353e-02      
      1996      4.370e-02      
      1997      4.601e-02      
      1998      3.883e-02      
      1999      2.623e-02      
      2000      1.440e-02      
      2001      6.947e-03      
      2002      3.798e-03      
      2006      2.175e-03      
      2007      1.473e-03      
      2020      3.454e-03      
      2021      3.599e-03      
      2034      1.897e-03      
      2035      1.430e-03      
      2104      3.375e-03      
      2105      4.538e-03      
      2128      2.567e-03      
      2129      2.421e-03      
      2194      4.097e-03      
      2195      1.046e-02      
      2196      2.310e-02      
      2197      4.228e-02      
      2198      6.343e-02      
      2199      7.839e-02      
      2200      8.196e-02      
      2201      7.720e-02      
      2202      7.184e-02      
      2203      6.941e-02      
      2204      6.636e-02      
      2205      5.814e-02      
      2206      4.547e-02      
      2207      3.333e-02      
      2208      2.573e-02      
      2209      2.314e-02      
      2210      2.382e-02      
      2211      2.585e-02      
      2212      2.808e-02      
      2213      3.003e-02      
      2214      3.157e-02      
      2216      3.342e-02      
      2217      3.379e-02      
      2223      3.239e-02      
      2224      3.154e-02      
      2225      3.041e-02      
      2226      2.904e-02      
      2227      2.752e-02      
      2228      2.605e-02      
      2230      2.404e-02      
      2231      2.372e-02      
      2241      2.185e-02      
      2242      2.131e-02      
      2246      1.964e-02      
      2247      1.922e-02      
      2249      1.787e-02      
      2250      1.703e-02      
      2254      1.505e-02      
      2255      1.490e-02      
      2268      1.323e-02      
      2269      1.276e-02      
      2273      1.085e-02      
      2274      1.055e-02      
      2296      8.659e-03      
      2297      8.144e-03      
      2311      6.211e-03      
      2312      6.080e-03      
      2346      4.128e-03      
      2347      3.991e-03      
      2413      4.506e-03      
      2414      7.115e-03      
      2415      1.268e-02      
      2416      2.147e-02      
      2417      3.135e-02      
      2418      3.827e-02      
      2419      3.937e-02      
      2420      3.529e-02      
      2421      2.891e-02      
      2422      2.255e-02      
      2423      1.712e-02      
      2424      1.302e-02      
      2425      1.062e-02      
      2428      1.220e-02      
      2429      1.381e-02      
      2435      1.219e-02      
      2436      1.103e-02      
      2439      9.038e-03      
      2440      8.505e-03      
      2443      6.810e-03      
      2444      6.399e-03      
      2466      4.506e-03      
      2467      4.350e-03      
      2564      5.896e-03      
      2565      9.411e-03      
      2566      1.438e-02      
      2567      1.899e-02      
      2569      1.871e-02      
      2570      1.418e-02      
      2571      9.721e-03      
      2572      6.873e-03      
      2575      6.867e-03      
      2576      8.949e-03      
      2577      1.208e-02      
      2578      1.563e-02      
      2579      1.836e-02      
      2582      1.651e-02      
      2583      1.492e-02      
      2589      1.319e-02      
      2590      1.186e-02      
      2591      1.059e-02      
      2592      9.604e-03      
      2595      7.775e-03      
      2596      7.137e-03      
      2601      5.141e-03      
      2602      5.018e-03      
      2731      2.987e-03      
      2732      2.941e-03      
      2806      1.271e-03      
      2807      8.868e-04      
      2949      1.346e-03      
      2950      3.039e-03      
      2951      6.238e-03      
      2952      1.061e-02      
      2953      1.451e-02      
      2955      1.360e-02      
      2956      9.348e-03      
      2957      5.208e-03      
      2958      2.468e-03      
      2961      4.637e-04      
      2962      4.216e-04      
      3399      2.077e-03      
      3400      3.112e-03      
      3402      4.992e-03      
      3403      5.182e-03      
      3405      3.499e-03      
      3406      2.277e-03      
      3552      2.251e-03      
      3553      5.517e-03      
      3554      1.166e-02      
      3555      2.013e-02      
      3556      2.800e-02      
      3557      3.143e-02      
      3558      2.874e-02      
      3559      2.184e-02      
      3560      1.419e-02      
      3561      8.146e-03      
      3562      4.253e-03      
      3563      2.085e-03
3624   2.085e-03