0      0.0      
      1      0.000e+00      
      35      3.403e-03      
      36      6.345e-03      
      37      9.904e-03      
      38      1.304e-02      
      41      1.050e-02      
      42      6.742e-03      
      43      3.565e-03      
      44      1.553e-03      
      412      5.296e-03      
      413      7.110e-03      
      414      1.083e-02      
      415      1.673e-02      
      416      2.387e-02      
      417      3.035e-02      
      418      3.455e-02      
      419      3.620e-02      
      423      3.914e-02      
      424      4.274e-02      
      425      4.623e-02      
      426      4.856e-02      
      428      5.097e-02      
      429      5.295e-02      
      430      5.591e-02      
      431      5.950e-02      
      432      6.338e-02      
      433      6.748e-02      
      434      7.184e-02      
      435      7.615e-02      
      436      7.954e-02      
      439      7.724e-02      
      440      7.308e-02      
      441      6.847e-02      
      442      6.392e-02      
      443      5.966e-02      
      444      5.586e-02      
      445      5.284e-02      
      446      5.107e-02      
      451      4.826e-02      
      452      4.589e-02      
      454      4.190e-02      
      455      4.036e-02      
      457      3.711e-02      
      458      3.524e-02      
      460      3.136e-02      
      461      2.956e-02      
      464      2.562e-02      
      465      2.492e-02      
      473      2.086e-02      
      474      1.980e-02      
      480      2.252e-02      
      481      2.446e-02      
      482      2.648e-02      
      483      2.891e-02      
      484      3.255e-02      
      485      3.771e-02      
      486      4.319e-02      
      491      3.942e-02      
      492      3.870e-02      
      499      3.491e-02      
      500      3.249e-02      
      501      2.997e-02      
      502      2.760e-02      
      504      2.371e-02      
      505      2.215e-02      
      512      1.800e-02      
      513      1.766e-02      
      520      1.364e-02      
      521      1.228e-02      
      562      1.648e-02      
      563      1.701e-02      
      585      1.292e-02      
      586      1.197e-02      
      588      8.520e-03      
      589      7.021e-03      
      596      1.053e-02      
      597      1.163e-02      
      608      7.602e-03      
      609      6.589e-03      
      617      2.705e-03      
      618      1.785e-03      
      1068      3.848e-03      
      1069      1.051e-02      
      1070      2.285e-02      
      1071      3.958e-02      
      1072      5.474e-02      
      1073      6.062e-02      
      1074      5.394e-02      
      1075      3.880e-02      
      1076      2.277e-02      
      1077      1.105e-02      
      1078      4.527e-03      
      1080      5.024e-04      
      1081      1.415e-04      
      1211      2.603e-03      
      1212      5.572e-03      
      1213      9.722e-03      
      1214      1.405e-02      
      1226      1.027e-02      
      1227      9.608e-03      
      1250      5.323e-03      
      1251      4.797e-03      
      1267      8.810e-03      
      1268      9.172e-03      
      1281      5.325e-03      
      1282      4.809e-03      
      1293      8.982e-03      
      1294      9.264e-03      
      1303      5.420e-03      
      1304      4.830e-03      
      1311      9.749e-04      
      1312      4.489e-04      
      1603      4.794e-03      
      1604      5.817e-03      
      1605      8.172e-03      
      1606      1.223e-02      
      1607      1.727e-02      
      1608      2.126e-02      
      1609      2.208e-02      
      1610      1.934e-02      
      1611      1.467e-02      
      1612      1.020e-02      
      1613      7.128e-03      
      1614      5.474e-03      
      1631      9.620e-03      
      1632      1.027e-02      
      1639      6.253e-03      
      1640      5.372e-03      
      1661      1.740e-03      
      1662      9.749e-04      
      1726      4.972e-03      
      1727      6.097e-03      
      1744      1.917e-03      
      1745      1.073e-03      
      1968      5.387e-03      
      1969      6.997e-03      
      1981      2.985e-03      
      1982      2.011e-03      
      1991      4.522e-03      
      1992      1.117e-02      
      1993      2.270e-02      
      1994      3.833e-02      
      1995      5.409e-02      
      1996      6.381e-02      
      1997      6.264e-02      
      1998      5.079e-02      
      1999      3.376e-02      
      2000      1.831e-02      
      2001      8.107e-03      
      2002      2.948e-03      
      2193      2.138e-03      
      2194      8.009e-03      
      2195      2.413e-02      
      2196      5.855e-02      
      2197      1.147e-01      
      2198      1.823e-01      
      2199      2.372e-01      
      2200      2.584e-01      
      2201      2.465e-01      
      2202      2.216e-01      
      2203      2.004e-01      
      2204      1.821e-01      
      2205      1.576e-01      
      2206      1.264e-01      
      2207      9.767e-02      
      2208      8.052e-02      
      2210      8.467e-02      
      2211      9.657e-02      
      2212      1.076e-01      
      2213      1.141e-01      
      2214      1.147e-01      
      2215      1.097e-01      
      2216      1.005e-01      
      2217      8.886e-02      
      2218      7.705e-02      
      2219      6.659e-02      
      2220      5.799e-02      
      2221      5.095e-02      
      2222      4.493e-02      
      2223      3.964e-02      
      2224      3.506e-02      
      2225      3.136e-02      
      2226      2.870e-02      
      2230      2.506e-02      
      2231      2.395e-02      
      2233      2.041e-02      
      2234      1.822e-02      
      2236      1.399e-02      
      2237      1.257e-02      
      2273      1.664e-02      
      2274      1.753e-02      
      2282      1.420e-02      
      2283      1.228e-02      
      2286      8.497e-03      
      2287      7.494e-03      
      2321      3.375e-03      
      2322      2.608e-03      
      2414      3.386e-03      
      2415      7.290e-03      
      2416      1.268e-02      
      2417      1.808e-02      
      2418      2.161e-02      
      2419      2.245e-02      
      2421      1.871e-02      
      2422      1.567e-02      
      2423      1.222e-02      
      2424      8.665e-03      
      2425      5.508e-03      
      2426      3.108e-03      
      2564      5.286e-03      
      2565      1.342e-02      
      2566      2.688e-02      
      2567      4.265e-02      
      2568      5.374e-02      
      2569      5.401e-02      
      2570      4.357e-02      
      2571      2.848e-02      
      2572      1.534e-02      
      2573      6.980e-03      
      2574      2.849e-03      
      2575      1.328e-03      
      2606      5.311e-03      
      2607      6.038e-03      
      2619      1.741e-03      
      2620      9.749e-04      
      2765      5.110e-03      
      2766      5.971e-03      
      2771      2.074e-03      
      2772      9.834e-04      
      2949      4.541e-03      
      2950      7.277e-03      
      2951      1.188e-02      
      2952      1.710e-02      
      2955      1.452e-02      
      2956      8.854e-03      
      2957      4.381e-03      
      2961      4.354e-05      
      2962      8.856e-06      
      3036      4.236e-03      
      3037      4.570e-03      
      3048      2.648e-04      
      3049      9.482e-05      
      3150      3.390e-03      
      3151      4.996e-03      
      3156      9.695e-04      
      3157      3.640e-04      
      3400      4.215e-03      
      3401      4.823e-03      
      3406      8.588e-04      
      3407      3.693e-04      
      3552      2.079e-03      
      3553      5.726e-03      
      3554      1.269e-02      
      3555      2.277e-02      
      3556      3.327e-02      
      3557      3.985e-02      
      3558      3.939e-02      
      3559      3.230e-02      
      3560      2.206e-02      
      3561      1.259e-02      
      3562      6.015e-03      
      3563      2.410e-03      
      3564      8.120e-04
3624   8.120e-04