0      0.0      
      1      1.000e-02      
      34      3.865e-02      
      35      7.062e-02      
      36      1.151e-01      
      37      1.608e-01      
      40      1.529e-01      
      41      1.041e-01      
      42      6.003e-02      
      43      3.139e-02      
      353      6.495e-02      
      354      1.137e-01      
      355      1.629e-01      
      356      1.862e-01      
      357      1.691e-01      
      358      1.226e-01      
      359      7.273e-02      
      360      3.756e-02      
      380      7.563e-02      
      381      8.846e-02      
      398      1.277e-01      
      399      1.563e-01      
      400      1.967e-01      
      401      2.441e-01      
      402      2.873e-01      
      403      3.161e-01      
      407      2.841e-01      
      408      2.619e-01      
      410      2.212e-01      
      411      2.110e-01      
      412      2.203e-01      
      413      2.670e-01      
      414      3.671e-01      
      415      5.126e-01      
      416      6.540e-01      
      417      7.218e-01      
      418      6.843e-01      
      419      5.767e-01      
      420      4.663e-01      
      421      3.957e-01      
      427      4.231e-01      
      428      4.460e-01      
      430      4.011e-01      
      431      3.555e-01      
      432      3.170e-01      
      433      2.908e-01      
      439      2.422e-01      
      440      2.120e-01      
      441      1.787e-01      
      442      1.491e-01      
      448      1.037e-01      
      449      9.903e-02      
      455      4.968e-02      
      456      4.668e-02      
      1067      4.781e-02      
      1068      1.230e-01      
      1069      2.754e-01      
      1070      4.987e-01      
      1071      7.157e-01      
      1072      8.091e-01      
      1073      7.198e-01      
      1074      5.050e-01      
      1075      2.815e-01      
      1076      1.274e-01      
      1077      5.027e-02      
      1206      6.633e-02      
      1207      1.853e-01      
      1208      4.371e-01      
      1209      8.267e-01      
      1210      1.244e+00      
      1211      1.501e+00      
      1212      1.483e+00      
      1213      1.247e+00      
      1214      9.444e-01      
      1215      6.880e-01      
      1216      5.173e-01      
      1217      4.344e-01      
      1218      4.301e-01      
      1219      4.867e-01      
      1220      5.791e-01      
      1221      6.779e-01      
      1222      7.516e-01      
      1224      7.396e-01      
      1225      6.624e-01      
      1226      5.696e-01      
      1227      4.823e-01      
      1228      4.093e-01      
      1229      3.519e-01      
      1230      3.104e-01      
      1231      2.858e-01      
      1240      2.585e-01      
      1241      2.277e-01      
      1242      1.928e-01      
      1243      1.592e-01      
      1245      1.097e-01      
      1246      9.641e-02      
      1271      4.762e-02      
      1272      4.570e-02      
      1990      8.624e-02      
      1991      2.027e-01      
      1992      3.937e-01      
      1993      6.133e-01      
      1994      7.606e-01      
      1995      7.504e-01      
      1996      5.904e-01      
      1997      3.725e-01      
      1998      1.908e-01      
      1999      8.240e-02      
      2000      3.341e-02      
      2001      1.618e-02      
      2098      5.579e-02      
      2099      7.528e-02      
      2104      2.619e-02      
      2105      1.894e-02      
      2194      6.121e-02      
      2195      1.244e-01      
      2196      2.358e-01      
      2197      3.968e-01      
      2198      5.787e-01      
      2199      7.231e-01      
      2200      7.780e-01      
      2201      7.403e-01      
      2202      6.500e-01      
      2203      5.431e-01      
      2204      4.322e-01      
      2205      3.263e-01      
      2206      2.415e-01      
      2207      1.868e-01      
      2209      1.417e-01      
      2210      1.341e-01      
      2215      1.674e-01      
      2216      1.849e-01      
      2218      2.306e-01      
      2219      2.491e-01      
      2223      2.019e-01      
      2224      1.741e-01      
      2225      1.474e-01      
      2226      1.231e-01      
      2229      7.384e-02      
      2230      6.580e-02      
      2414      8.958e-02      
      2415      1.640e-01      
      2416      2.569e-01      
      2417      3.306e-01      
      2419      2.957e-01      
      2420      2.129e-01      
      2421      1.392e-01      
      2422      9.645e-02      
      2423      8.302e-02      
      2434      3.335e-02      
      2435      2.772e-02      
      2593      7.700e-02      
      2594      8.111e-02      
      2597      4.101e-02      
      2598      2.932e-02      
      2949      5.168e-02      
      2950      1.108e-01      
      2951      2.001e-01      
      2952      2.903e-01      
      2954      3.023e-01      
      2955      2.178e-01      
      2956      1.268e-01      
      2957      6.237e-02      
      2959      1.581e-02      
      2960      1.155e-02      
      3345      3.221e-02      
      3346      7.568e-02      
      3347      1.628e-01      
      3348      2.895e-01      
      3349      4.116e-01      
      3350      4.634e-01      
      3351      4.123e-01      
      3352      2.910e-01      
      3353      1.648e-01      
      3354      7.753e-02      
      3355      3.349e-02      
      3356      1.657e-02      
      3394      5.108e-02      
      3395      1.193e-01      
      3396      2.863e-01      
      3397      6.105e-01      
      3398      1.092e+00      
      3399      1.613e+00      
      3400      1.964e+00      
      3401      1.979e+00      
      3402      1.666e+00      
      3403      1.197e+00      
      3404      7.680e-01      
      3405      4.786e-01      
      3406      3.216e-01      
      3407      2.446e-01      
      3408      2.035e-01      
      3409      1.772e-01      
      3415      2.264e-01      
      3416      2.456e-01      
      3425      2.949e-01      
      3426      3.194e-01      
      3431      2.739e-01      
      3432      2.357e-01      
      3433      2.046e-01      
      3434      1.803e-01      
      3436      1.425e-01      
      3437      1.282e-01      
      3443      7.944e-02      
      3444      7.615e-02      
      3551      9.264e-02      
      3552      2.188e-01      
      3553      4.951e-01      
      3554      9.414e-01      
      3555      1.442e+00      
      3556      1.761e+00      
      3557      1.711e+00      
      3558      1.326e+00      
      3559      8.259e-01      
      3560      4.230e-01      
      3561      1.914e-01      
      3562      9.369e-02      
      3574      1.431e-01      
      3575      1.621e-01      
      3581      1.212e-01      
      3582      1.062e-01      
      3602      5.700e-02      
      3603      5.611e-02
3624   5.611e-02