0      0.0      
      1      1.000e-02      
      34      7.799e-02      
      35      1.339e-01      
      46      3.457e-02      
      47      2.800e-02      
      357      1.197e-01      
      358      1.305e-01      
      368      1.495e-01      
      369      2.341e-01      
      370      3.324e-01      
      371      4.108e-01      
      374      3.552e-01      
      375      2.919e-01      
      394      3.703e-01      
      395      4.120e-01      
      398      4.969e-01      
      399      5.470e-01      
      400      6.259e-01      
      401      7.238e-01      
      402      8.196e-01      
      403      8.936e-01      
      413      9.478e-01      
      414      1.059e+00      
      415      1.199e+00      
      416      1.334e+00      
      417      1.426e+00      
      418      1.450e+00      
      420      1.355e+00      
      421      1.302e+00      
      424      1.349e+00      
      425      1.461e+00      
      426      1.616e+00      
      427      1.779e+00      
      428      1.903e+00      
      432      1.826e+00      
      433      1.764e+00      
      435      1.671e+00      
      436      1.636e+00      
      452      1.556e+00      
      453      1.529e+00      
      462      1.432e+00      
      463      1.404e+00      
      465      1.323e+00      
      466      1.279e+00      
      468      1.201e+00      
      469      1.166e+00      
      471      1.097e+00      
      472      1.060e+00      
      474      9.736e-01      
      475      9.241e-01      
      477      8.254e-01      
      478      7.863e-01      
      484      6.971e-01      
      485      6.718e-01      
      488      5.916e-01      
      489      5.670e-01      
      494      4.731e-01      
      495      4.583e-01      
      502      3.598e-01      
      503      3.459e-01      
      528      2.500e-01      
      529      2.372e-01      
      570      1.386e-01      
      571      1.329e-01      
      647      3.400e-02      
      648      3.222e-02      
      1069      1.201e-01      
      1070      2.011e-01      
      1071      2.742e-01      
      1072      3.089e-01      
      1074      2.425e-01      
      1075      1.811e-01      
      1077      8.997e-02      
      1078      6.469e-02      
      1207      1.101e-01      
      1208      2.431e-01      
      1209      4.441e-01      
      1210      6.837e-01      
      1211      9.095e-01      
      1212      1.077e+00      
      1213      1.171e+00      
      1214      1.194e+00      
      1215      1.151e+00      
      1216      1.051e+00      
      1217      9.098e-01      
      1218      7.554e-01      
      1219      6.146e-01      
      1220      5.059e-01      
      1221      4.365e-01      
      1222      4.054e-01      
      1225      4.948e-01      
      1226      5.714e-01      
      1227      6.619e-01      
      1228      7.567e-01      
      1229      8.455e-01      
      1230      9.226e-01      
      1231      9.880e-01      
      1232      1.045e+00      
      1233      1.098e+00      
      1234      1.148e+00      
      1236      1.244e+00      
      1237      1.293e+00      
      1238      1.343e+00      
      1239      1.393e+00      
      1241      1.485e+00      
      1242      1.522e+00      
      1250      1.431e+00      
      1251      1.410e+00      
      1261      1.321e+00      
      1262      1.292e+00      
      1263      1.249e+00      
      1264      1.190e+00      
      1265      1.121e+00      
      1266      1.046e+00      
      1267      9.725e-01      
      1268      9.025e-01      
      1269      8.370e-01      
      1270      7.760e-01      
      1271      7.197e-01      
      1272      6.696e-01      
      1274      5.900e-01      
      1275      5.592e-01      
      1279      4.629e-01      
      1280      4.426e-01      
      1288      3.505e-01      
      1289      3.418e-01      
      1308      2.428e-01      
      1309      2.395e-01      
      1344      1.395e-01      
      1345      1.388e-01      
      1432      3.894e-02      
      1433      3.764e-02      
      2098      1.099e-01      
      2099      1.595e-01      
      2105      7.360e-02      
      2106      5.372e-02      
      2195      1.289e-01      
      2196      2.463e-01      
      2197      4.036e-01      
      2198      5.759e-01      
      2199      7.244e-01      
      2203      6.452e-01      
      2204      5.074e-01      
      2205      3.708e-01      
      2206      2.559e-01      
      2207      1.726e-01      
      2208      1.201e-01      
      2218      2.199e-01      
      2219      2.426e-01      
      2223      3.291e-01      
      2224      3.436e-01      
      2260      2.439e-01      
      2261      2.361e-01      
      2278      1.395e-01      
      2279      1.351e-01      
      2330      3.609e-02      
      2331      3.391e-02      
      2413      7.057e-02      
      2414      1.575e-01      
      2415      3.314e-01      
      2416      5.969e-01      
      2417      8.946e-01      
      2418      1.112e+00      
      2420      1.023e+00      
      2421      7.908e-01      
      2422      5.550e-01      
      2423      3.715e-01      
      2424      2.519e-01      
      2425      1.840e-01      
      2426      1.513e-01      
      2431      2.276e-01      
      2432      2.621e-01      
      2436      3.603e-01      
      2437      3.841e-01      
      2449      4.757e-01      
      2450      5.068e-01      
      2465      4.135e-01      
      2466      3.987e-01      
      2478      3.050e-01      
      2479      2.984e-01      
      2490      2.059e-01      
      2491      1.979e-01      
      2520      9.858e-02      
      2521      9.729e-02      
      3395      1.265e-01      
      3396      2.890e-01      
      3397      5.514e-01      
      3398      8.878e-01      
      3399      1.223e+00      
      3400      1.455e+00      
      3402      1.371e+00      
      3403      1.100e+00      
      3404      7.918e-01      
      3405      5.238e-01      
      3406      3.298e-01      
      3407      2.056e-01      
      3408      1.315e-01      
      3409      8.807e-02      
      3427      1.668e-01      
      3428      1.954e-01      
      3430      2.694e-01      
      3431      3.199e-01      
      3432      3.764e-01      
      3433      4.280e-01      
      3448      5.211e-01      
      3449      5.322e-01      
      3454      4.411e-01      
      3455      4.186e-01      
      3464      3.235e-01      
      3465      3.110e-01      
      3471      2.291e-01      
      3472      2.100e-01      
      3476      1.255e-01      
      3477      1.092e-01      
      3553      1.588e-01      
      3554      3.033e-01      
      3555      4.882e-01      
      3556      6.512e-01      
      3558      6.722e-01      
      3559      5.390e-01      
      3560      3.847e-01      
      3561      2.559e-01      
      3562      1.673e-01      
      3563      1.128e-01
3624   1.128e-01