0      0.0      
      1      3.333e-03      
      33      7.718e-03      
      34      1.521e-02      
      35      2.944e-02      
      36      5.065e-02      
      37      7.530e-02      
      38      9.683e-02      
      39      1.084e-01      
      40      1.060e-01      
      41      9.095e-02      
      42      6.916e-02      
      43      4.811e-02      
      44      3.253e-02      
      45      2.320e-02      
      66      1.491e-02      
      67      1.454e-02      
      76      6.685e-03      
      77      6.154e-03      
      373      1.219e-02      
      374      1.637e-02      
      395      2.365e-02      
      396      2.740e-02      
      413      3.422e-02      
      414      4.574e-02      
      415      6.457e-02      
      416      8.966e-02      
      417      1.179e-01      
      418      1.445e-01      
      419      1.644e-01      
      420      1.740e-01      
      422      1.670e-01      
      423      1.593e-01      
      424      1.532e-01      
      425      1.486e-01      
      426      1.441e-01      
      427      1.398e-01      
      444      1.474e-01      
      445      1.531e-01      
      446      1.611e-01      
      447      1.702e-01      
      448      1.779e-01      
      449      1.819e-01      
      451      1.781e-01      
      452      1.734e-01      
      454      1.656e-01      
      455      1.631e-01      
      458      1.560e-01      
      459      1.537e-01      
      463      1.466e-01      
      464      1.443e-01      
      466      1.383e-01      
      467      1.353e-01      
      469      1.291e-01      
      470      1.252e-01      
      471      1.204e-01      
      472      1.148e-01      
      473      1.088e-01      
      474      1.027e-01      
      475      9.725e-02      
      476      9.299e-02      
      479      9.541e-02      
      480      1.037e-01      
      481      1.150e-01      
      482      1.287e-01      
      483      1.465e-01      
      484      1.716e-01      
      485      2.035e-01      
      486      2.336e-01      
      487      2.495e-01      
      488      2.460e-01      
      489      2.289e-01      
      490      2.097e-01      
      491      1.961e-01      
      492      1.894e-01      
      493      1.871e-01      
      498      1.805e-01      
      499      1.760e-01      
      500      1.699e-01      
      501      1.632e-01      
      502      1.567e-01      
      503      1.510e-01      
      504      1.464e-01      
      505      1.425e-01      
      507      1.351e-01      
      508      1.312e-01      
      510      1.233e-01      
      511      1.193e-01      
      512      1.150e-01      
      513      1.102e-01      
      514      1.050e-01      
      515      9.980e-02      
      516      9.508e-02      
      517      9.089e-02      
      519      8.299e-02      
      520      7.861e-02      
      521      7.385e-02      
      522      6.903e-02      
      524      6.106e-02      
      525      5.847e-02      
      560      5.062e-02      
      561      5.008e-02      
      566      4.263e-02      
      567      4.124e-02      
      594      3.326e-02      
      595      3.259e-02      
      641      2.437e-02      
      642      2.397e-02      
      690      1.569e-02      
      691      1.535e-02      
      739      8.444e-03      
      740      6.996e-03      
      1067      7.267e-03      
      1068      1.642e-02      
      1069      3.786e-02      
      1070      7.594e-02      
      1071      1.256e-01      
      1072      1.691e-01      
      1073      1.857e-01      
      1074      1.677e-01      
      1075      1.264e-01      
      1076      8.147e-02      
      1077      4.671e-02      
      1078      2.537e-02      
      1079      1.425e-02      
      1097      6.755e-03      
      1098      5.389e-03      
      1210      1.119e-02      
      1211      1.912e-02      
      1212      3.235e-02      
      1213      5.100e-02      
      1214      7.188e-02      
      1215      8.893e-02      
      1218      8.318e-02      
      1219      6.923e-02      
      1220      5.605e-02      
      1221      4.604e-02      
      1222      3.978e-02      
      1223      3.653e-02      
      1246      2.915e-02      
      1247      2.815e-02      
      1266      2.000e-02      
      1267      1.976e-02      
      1386      1.164e-02      
      1387      1.010e-02      
      1538      1.736e-02      
      1539      2.436e-02      
      1543      2.116e-02      
      1544      1.492e-02      
      1577      1.972e-02      
      1578      2.519e-02      
      1579      3.208e-02      
      1580      3.813e-02      
      1584      3.021e-02      
      1585      2.653e-02      
      1590      1.910e-02      
      1591      1.813e-02      
      1601      1.002e-02      
      1602      8.629e-03      
      1605      1.222e-02      
      1606      1.995e-02      
      1607      3.230e-02      
      1608      4.625e-02      
      1609      5.604e-02      
      1611      5.054e-02      
      1612      4.053e-02      
      1613      3.174e-02      
      1614      2.602e-02      
      1615      2.306e-02      
      1651      1.490e-02      
      1652      1.472e-02      
      1680      2.230e-02      
      1681      2.350e-02      
      1723      1.519e-02      
      1724      1.509e-02      
      1818      7.659e-03      
      1819      6.045e-03      
      1991      8.278e-03      
      1992      1.738e-02      
      1993      3.656e-02      
      1994      6.849e-02      
      1995      1.088e-01      
      1996      1.438e-01      
      1997      1.571e-01      
      1998      1.421e-01      
      1999      1.078e-01      
      2000      7.051e-02      
      2001      4.212e-02      
      2002      2.552e-02      
      2003      1.753e-02      
      2004      1.375e-02      
      2007      6.821e-03      
      2008      5.397e-03      
      2103      1.041e-02      
      2104      1.529e-02      
      2106      2.353e-02      
      2107      2.441e-02      
      2109      1.881e-02      
      2110      1.418e-02      
      2112      7.164e-03      
      2113      5.452e-03      
      2194      1.142e-02      
      2195      2.522e-02      
      2196      5.262e-02      
      2197      9.563e-02      
      2198      1.474e-01      
      2199      1.922e-01      
      2200      2.166e-01      
      2203      2.132e-01      
      2204      2.059e-01      
      2205      1.845e-01      
      2206      1.482e-01      
      2207      1.078e-01      
      2208      7.529e-02      
      2209      5.581e-02      
      2210      4.770e-02      
      2211      4.690e-02      
      2213      5.425e-02      
      2214      5.880e-02      
      2216      6.681e-02      
      2217      7.026e-02      
      2220      7.814e-02      
      2221      7.955e-02      
      2227      7.129e-02      
      2228      6.937e-02      
      2239      6.158e-02      
      2240      5.997e-02      
      2245      5.354e-02      
      2246      5.150e-02      
      2248      4.587e-02      
      2249      4.241e-02      
      2251      3.582e-02      
      2252      3.353e-02      
      2297      2.562e-02      
      2298      2.495e-02      
      2345      1.664e-02      
      2346      1.627e-02      
      2394      8.671e-03      
      2395      6.989e-03      
      2413      1.212e-02      
      2414      2.069e-02      
      2415      4.129e-02      
      2416      7.630e-02      
      2417      1.193e-01      
      2418      1.549e-01      
      2419      1.695e-01      
      2420      1.609e-01      
      2421      1.379e-01      
      2422      1.107e-01      
      2423      8.521e-02      
      2424      6.402e-02      
      2425      4.872e-02      
      2426      3.971e-02      
      2432      4.633e-02      
      2433      4.876e-02      
      2452      4.055e-02      
      2453      3.989e-02      
      2459      3.263e-02      
      2460      3.065e-02      
      2487      2.237e-02      
      2488      2.194e-02      
      2567      2.750e-02      
      2568      3.071e-02      
      2571      2.447e-02      
      2572      2.112e-02      
      2576      2.862e-02      
      2577      4.039e-02      
      2578      5.504e-02      
      2579      6.804e-02      
      2582      6.430e-02      
      2583      5.378e-02      
      2584      4.489e-02      
      2586      3.678e-02      
      2587      3.617e-02      
      2611      2.809e-02      
      2612      2.652e-02      
      2636      1.832e-02      
      2637      1.800e-02      
      2707      1.021e-02      
      2708      8.517e-03      
      2951      1.598e-02      
      2952      2.590e-02      
      2953      3.562e-02      
      2956      3.080e-02      
      2957      2.169e-02      
      2958      1.427e-02      
      2959      9.448e-03      
      3398      1.291e-02      
      3399      2.420e-02      
      3400      4.086e-02      
      3401      6.020e-02      
      3402      7.622e-02      
      3404      7.565e-02      
      3405      5.960e-02      
      3406      4.103e-02      
      3407      2.562e-02      
      3408      1.540e-02      
      3409      9.582e-03      
      3410      6.523e-03      
      3552      8.223e-03      
      3553      1.917e-02      
      3554      4.135e-02      
      3555      7.513e-02      
      3556      1.118e-01      
      3557      1.358e-01      
      3558      1.353e-01      
      3559      1.122e-01      
      3560      7.923e-02      
      3561      4.931e-02      
      3562      2.841e-02      
      3563      1.616e-02      
      3564      9.746e-03      
      3565      6.548e-03
3624   6.548e-03