0      0.0      
      1      2.000e-03      
      35      2.878e-02      
      36      4.968e-02      
      37      7.244e-02      
      38      8.954e-02      
      39      9.438e-02      
      40      8.489e-02      
      41      6.486e-02      
      42      4.191e-02      
      43      2.305e-02      
      44      1.119e-02      
      414      2.063e-02      
      415      3.776e-02      
      416      5.763e-02      
      417      7.530e-02      
      426      6.200e-02      
      427      4.840e-02      
      428      3.383e-02      
      429      2.247e-02      
      443      3.640e-02      
      444      4.483e-02      
      445      5.685e-02      
      446      7.167e-02      
      447      8.663e-02      
      448      9.836e-02      
      456      8.033e-02      
      457      7.515e-02      
      462      5.630e-02      
      463      5.393e-02      
      480      7.060e-02      
      481      8.505e-02      
      482      1.002e-01      
      483      1.177e-01      
      484      1.417e-01      
      485      1.716e-01      
      486      1.968e-01      
      488      1.856e-01      
      489      1.543e-01      
      490      1.240e-01      
      491      1.039e-01      
      501      8.787e-02      
      502      8.052e-02      
      517      6.118e-02      
      518      6.036e-02      
      525      4.092e-02      
      526      3.904e-02      
      570      1.948e-02      
      571      1.788e-02      
      1068      1.630e-02      
      1069      4.002e-02      
      1070      8.224e-02      
      1071      1.368e-01      
      1072      1.826e-01      
      1074      1.696e-01      
      1075      1.197e-01      
      1076      6.991e-02      
      1077      3.482e-02      
      1078      1.558e-02      
      1079      6.902e-03      
      1212      2.248e-02      
      1213      3.894e-02      
      1214      5.734e-02      
      1215      7.206e-02      
      1219      5.225e-02      
      1220      3.845e-02      
      1221      2.665e-02      
      1222      1.800e-02      
      1606      2.359e-02      
      1607      4.164e-02      
      1608      5.912e-02      
      1609      6.662e-02      
      1610      5.941e-02      
      1611      4.211e-02      
      1612      2.407e-02      
      1613      1.160e-02      
      1992      1.756e-02      
      1993      3.873e-02      
      1994      7.374e-02      
      1995      1.174e-01      
      1996      1.536e-01      
      1998      1.389e-01      
      1999      9.505e-02      
      2000      5.241e-02      
      2001      2.387e-02      
      2003      4.456e-03      
      2004      2.865e-03      
      2194      1.086e-02      
      2195      3.133e-02      
      2196      7.502e-02      
      2197      1.453e-01      
      2198      2.274e-01      
      2199      2.906e-01      
      2200      3.114e-01      
      2201      2.964e-01      
      2202      2.726e-01      
      2203      2.553e-01      
      2204      2.342e-01      
      2205      1.943e-01      
      2206      1.379e-01      
      2207      8.217e-02      
      2208      4.149e-02      
      2209      1.831e-02      
      2222      3.426e-02      
      2223      4.367e-02      
      2272      2.545e-02      
      2273      2.305e-02      
      2348      3.455e-03      
      2349      2.732e-03      
      2414      1.539e-02      
      2415      3.449e-02      
      2416      6.447e-02      
      2417      9.783e-02      
      2418      1.209e-01      
      2420      1.095e-01      
      2421      8.677e-02      
      2422      6.354e-02      
      2423      4.278e-02      
      2424      2.582e-02      
      2425      1.381e-02      
      2565      3.017e-02      
      2566      5.503e-02      
      2567      8.028e-02      
      2570      6.142e-02      
      2571      3.585e-02      
      2572      1.742e-02      
      2573      7.856e-03      
      2578      2.298e-02      
      2579      2.822e-02      
      2583      1.139e-02      
      2584      6.675e-03      
      2951      2.506e-02      
      2952      4.028e-02      
      2956      3.083e-02      
      2957      1.712e-02      
      3554      2.029e-02      
      3555      3.875e-02      
      3556      5.861e-02      
      3557      7.080e-02      
      3559      5.628e-02      
      3560      3.901e-02      
      3561      2.381e-02      
      3562      1.310e-02
3624   1.310e-02