0      0.0      
      1      1.107e-02      
      2      1.106e-02      
      22      9.980e-03      
      23      9.954e-03      
      29      1.104e-02      
      30      1.114e-02      
      33      1.221e-02      
      34      1.437e-02      
      35      1.917e-02      
      36      2.741e-02      
      37      3.822e-02      
      38      4.867e-02      
      39      5.501e-02      
      40      5.471e-02      
      41      4.797e-02      
      42      3.765e-02      
      43      2.754e-02      
      44      2.016e-02      
      45      1.597e-02      
      46      1.413e-02      
      87      1.517e-02      
      88      1.527e-02      
      168      1.418e-02      
      169      1.411e-02      
      176      1.322e-02      
      177      1.302e-02      
      184      1.407e-02      
      185      1.438e-02      
      199      1.330e-02      
      200      1.313e-02      
      260      1.218e-02      
      261      1.200e-02      
      297      1.250e-02      
      298      1.330e-02      
      299      1.413e-02      
      300      1.465e-02      
      303      1.376e-02      
      304      1.325e-02      
      306      1.240e-02      
      307      1.205e-02      
      390      1.247e-02      
      391      1.389e-02      
      392      1.613e-02      
      393      1.886e-02      
      394      2.141e-02      
      395      2.334e-02      
      396      2.466e-02      
      399      2.374e-02      
      400      2.127e-02      
      401      1.871e-02      
      402      1.684e-02      
      403      1.587e-02      
      404      1.557e-02      
      413      1.658e-02      
      414      1.752e-02      
      415      1.940e-02      
      416      2.319e-02      
      417      3.022e-02      
      418      4.113e-02      
      419      5.442e-02      
      420      6.633e-02      
      421      7.311e-02      
      422      7.355e-02      
      423      6.930e-02      
      424      6.305e-02      
      425      5.679e-02      
      426      5.151e-02      
      427      4.789e-02      
      428      4.656e-02      
      429      4.740e-02      
      430      4.910e-02      
      432      4.880e-02      
      433      4.634e-02      
      434      4.359e-02      
      435      4.144e-02      
      436      4.016e-02      
      441      4.073e-02      
      442      4.155e-02      
      443      4.262e-02      
      444      4.426e-02      
      445      4.697e-02      
      446      5.093e-02      
      447      5.551e-02      
      448      5.935e-02      
      449      6.130e-02      
      450      6.115e-02      
      451      5.949e-02      
      452      5.717e-02      
      453      5.484e-02      
      454      5.291e-02      
      455      5.157e-02      
      456      5.078e-02      
      457      5.039e-02      
      466      4.956e-02      
      467      4.902e-02      
      469      4.797e-02      
      470      4.757e-02      
      472      4.679e-02      
      473      4.626e-02      
      474      4.564e-02      
      475      4.501e-02      
      478      4.572e-02      
      479      4.895e-02      
      480      5.502e-02      
      481      6.365e-02      
      482      7.355e-02      
      483      8.413e-02      
      484      9.681e-02      
      485      1.129e-01      
      486      1.294e-01      
      487      1.387e-01      
      488      1.353e-01      
      489      1.211e-01      
      490      1.041e-01      
      491      9.082e-02      
      492      8.346e-02      
      493      8.060e-02      
      499      7.969e-02      
      500      7.869e-02      
      501      7.770e-02      
      502      7.698e-02      
      506      7.765e-02      
      507      7.820e-02      
      508      7.885e-02      
      509      7.964e-02      
      510      8.050e-02      
      511      8.114e-02      
      513      8.064e-02      
      514      7.953e-02      
      515      7.818e-02      
      516      7.685e-02      
      517      7.566e-02      
      518      7.455e-02      
      519      7.341e-02      
      520      7.209e-02      
      521      7.053e-02      
      522      6.882e-02      
      523      6.712e-02      
      524      6.562e-02      
      525      6.444e-02      
      526      6.362e-02      
      527      6.310e-02      
      532      6.204e-02      
      533      6.193e-02      
      537      6.295e-02      
      538      6.320e-02      
      542      6.249e-02      
      543      6.198e-02      
      544      6.137e-02      
      545      6.066e-02      
      546      5.994e-02      
      547      5.932e-02      
      564      5.831e-02      
      565      5.796e-02      
      568      5.722e-02      
      569      5.686e-02      
      570      5.632e-02      
      571      5.562e-02      
      572      5.489e-02      
      573      5.428e-02      
      578      5.512e-02      
      579      5.550e-02      
      592      5.447e-02      
      593      5.394e-02      
      594      5.328e-02      
      595      5.255e-02      
      596      5.182e-02      
      597      5.116e-02      
      599      5.026e-02      
      600      5.002e-02      
      610      4.904e-02      
      611      4.889e-02      
      615      4.782e-02      
      616      4.743e-02      
      618      4.641e-02      
      619      4.584e-02      
      621      4.481e-02      
      622      4.446e-02      
      637      4.346e-02      
      638      4.321e-02      
      641      4.221e-02      
      642      4.174e-02      
      644      4.076e-02      
      645      4.040e-02      
      663      3.949e-02      
      664      3.915e-02      
      666      3.832e-02      
      667      3.787e-02      
      684      3.695e-02      
      685      3.673e-02      
      689      3.591e-02      
      690      3.559e-02      
      692      3.477e-02      
      693      3.437e-02      
      712      3.331e-02      
      713      3.300e-02      
      716      3.211e-02      
      717      3.189e-02      
      739      3.099e-02      
      740      3.062e-02      
      761      2.957e-02      
      762      2.921e-02      
      764      2.839e-02      
      765      2.803e-02      
      785      2.720e-02      
      786      2.693e-02      
      805      2.593e-02      
      806      2.577e-02      
      811      2.475e-02      
      812      2.467e-02      
      823      2.359e-02      
      824      2.352e-02      
      837      2.244e-02      
      838      2.230e-02      
      862      2.123e-02      
      863      2.118e-02      
      882      2.014e-02      
      883      1.989e-02      
      907      1.894e-02      
      908      1.867e-02      
      931      1.782e-02      
      932      1.752e-02      
      946      1.645e-02      
      947      1.641e-02      
      965      1.544e-02      
      966      1.525e-02      
      992      1.421e-02      
      993      1.398e-02      
      1026      1.304e-02      
      1027      1.282e-02      
      1052      1.180e-02      
      1053      1.157e-02      
      1067      1.251e-02      
      1068      1.437e-02      
      1069      1.947e-02      
      1070      3.080e-02      
      1071      5.008e-02      
      1072      7.404e-02      
      1073      9.353e-02      
      1074      9.885e-02      
      1075      8.763e-02      
      1076      6.659e-02      
      1077      4.543e-02      
      1078      3.010e-02      
      1079      2.129e-02      
      1080      1.701e-02      
      1081      1.515e-02      
      1143      1.614e-02      
      1144      1.628e-02      
      1147      1.690e-02      
      1148      1.755e-02      
      1149      1.833e-02      
      1150      1.887e-02      
      1153      1.784e-02      
      1154      1.730e-02      
      1164      1.622e-02      
      1165      1.621e-02      
      1173      1.514e-02      
      1174      1.508e-02      
      1179      1.612e-02      
      1180      1.625e-02      
      1193      1.540e-02      
      1194      1.509e-02      
      1211      1.595e-02      
      1212      1.643e-02      
      1213      1.733e-02      
      1214      1.931e-02      
      1215      2.308e-02      
      1216      2.873e-02      
      1217      3.500e-02      
      1218      3.947e-02      
      1219      4.016e-02      
      1220      3.713e-02      
      1221      3.232e-02      
      1222      2.791e-02      
      1223      2.501e-02      
      1224      2.351e-02      
      1225      2.280e-02      
      1226      2.233e-02      
      1233      2.333e-02      
      1234      2.368e-02      
      1243      2.268e-02      
      1244      2.241e-02      
      1255      2.134e-02      
      1256      2.129e-02      
      1268      2.032e-02      
      1269      2.008e-02      
      1293      1.903e-02      
      1294      1.895e-02      
      1300      1.998e-02      
      1301      2.015e-02      
      1313      1.925e-02      
      1314      1.885e-02      
      1316      1.806e-02      
      1317      1.775e-02      
      1337      1.691e-02      
      1338      1.663e-02      
      1362      1.557e-02      
      1363      1.530e-02      
      1385      1.440e-02      
      1386      1.412e-02      
      1411      1.317e-02      
      1412      1.293e-02      
      1437      1.187e-02      
      1438      1.166e-02      
      1500      1.064e-02      
      1501      1.048e-02      
      1534      1.138e-02      
      1535      1.195e-02      
      1536      1.322e-02      
      1537      1.569e-02      
      1538      1.955e-02      
      1539      2.409e-02      
      1540      2.765e-02      
      1541      2.851e-02      
      1542      2.618e-02      
      1543      2.191e-02      
      1544      1.756e-02      
      1545      1.441e-02      
      1546      1.261e-02      
      1547      1.177e-02      
      1548      1.148e-02      
      1550      1.205e-02      
      1551      1.292e-02      
      1552      1.395e-02      
      1553      1.472e-02      
      1559      1.415e-02      
      1560      1.359e-02      
      1568      1.468e-02      
      1569      1.597e-02      
      1570      1.740e-02      
      1571      1.853e-02      
      1577      1.928e-02      
      1578      2.204e-02      
      1579      2.609e-02      
      1580      3.009e-02      
      1581      3.213e-02      
      1582      3.117e-02      
      1583      2.798e-02      
      1584      2.440e-02      
      1585      2.175e-02      
      1586      2.025e-02      
      1587      1.952e-02      
      1588      1.913e-02      
      1598      1.811e-02      
      1599      1.798e-02      
      1604      1.762e-02      
      1605      1.948e-02      
      1606      2.365e-02      
      1607      3.020e-02      
      1608      3.719e-02      
      1609      4.126e-02      
      1610      4.032e-02      
      1611      3.546e-02      
      1612      2.973e-02      
      1613      2.550e-02      
      1614      2.327e-02      
      1615      2.240e-02      
      1616      2.217e-02      
      1625      2.113e-02      
      1626      2.070e-02      
      1628      1.980e-02      
      1629      1.936e-02      
      1634      1.832e-02      
      1635      1.827e-02      
      1665      1.933e-02      
      1666      1.949e-02      
      1669      2.048e-02      
      1670      2.087e-02      
      1673      2.186e-02      
      1674      2.245e-02      
      1675      2.322e-02      
      1676      2.414e-02      
      1677      2.529e-02      
      1678      2.672e-02      
      1679      2.808e-02      
      1681      2.818e-02      
      1682      2.676e-02      
      1683      2.523e-02      
      1684      2.415e-02      
      1685      2.363e-02      
      1695      2.257e-02      
      1696      2.233e-02      
      1721      2.153e-02      
      1722      2.124e-02      
      1743      2.015e-02      
      1744      1.998e-02      
      1749      1.892e-02      
      1750      1.888e-02      
      1771      1.790e-02      
      1772      1.771e-02      
      1793      1.672e-02      
      1794      1.655e-02      
      1818      1.553e-02      
      1819      1.526e-02      
      1842      1.444e-02      
      1843      1.415e-02      
      1868      1.321e-02      
      1869      1.300e-02      
      1912      1.200e-02      
      1913      1.178e-02      
      1973      1.083e-02      
      1974      1.065e-02      
      1991      1.074e-02      
      1992      1.327e-02      
      1993      2.051e-02      
      1994      3.617e-02      
      1995      6.119e-02      
      1996      8.906e-02      
      1997      1.070e-01      
      1998      1.052e-01      
      1999      8.567e-02      
      2000      5.967e-02      
      2001      3.779e-02      
      2002      2.402e-02      
      2003      1.704e-02      
      2004      1.403e-02      
      2005      1.284e-02      
      2007      1.201e-02      
      2008      1.175e-02      
      2026      1.279e-02      
      2027      1.284e-02      
      2035      1.177e-02      
      2036      1.163e-02      
      2103      1.204e-02      
      2104      1.376e-02      
      2105      1.781e-02      
      2106      2.537e-02      
      2107      3.604e-02      
      2108      4.657e-02      
      2109      5.202e-02      
      2110      4.950e-02      
      2111      4.073e-02      
      2112      3.027e-02      
      2113      2.189e-02      
      2114      1.674e-02      
      2115      1.418e-02      
      2116      1.314e-02      
      2117      1.284e-02      
      2178      1.197e-02      
      2179      1.171e-02      
      2194      1.243e-02      
      2195      1.412e-02      
      2196      1.795e-02      
      2197      2.480e-02      
      2198      3.461e-02      
      2199      4.695e-02      
      2200      6.343e-02      
      2201      8.868e-02      
      2202      1.254e-01      
      2203      1.663e-01      
      2204      1.943e-01      
      2205      1.939e-01      
      2206      1.653e-01      
      2207      1.234e-01      
      2208      8.505e-02      
      2209      5.881e-02      
      2210      4.434e-02      
      2211      3.777e-02      
      2212      3.560e-02      
      2213      3.573e-02      
      2214      3.699e-02      
      2215      3.873e-02      
      2216      4.055e-02      
      2217      4.226e-02      
      2218      4.379e-02      
      2219      4.512e-02      
      2220      4.624e-02      
      2221      4.713e-02      
      2222      4.776e-02      
      2232      4.849e-02      
      2233      4.929e-02      
      2234      5.003e-02      
      2235      5.061e-02      
      2238      5.161e-02      
      2239      5.188e-02      
      2249      5.141e-02      
      2250      5.068e-02      
      2251      4.989e-02      
      2252      4.919e-02      
      2259      5.010e-02      
      2260      5.036e-02      
      2269      4.935e-02      
      2270      4.880e-02      
      2271      4.808e-02      
      2272      4.725e-02      
      2273      4.636e-02      
      2274      4.547e-02      
      2275      4.463e-02      
      2276      4.392e-02      
      2295      4.302e-02      
      2296      4.258e-02      
      2297      4.196e-02      
      2298      4.125e-02      
      2299      4.054e-02      
      2300      3.994e-02      
      2320      3.908e-02      
      2321      3.857e-02      
      2322      3.798e-02      
      2323      3.739e-02      
      2325      3.638e-02      
      2326      3.605e-02      
      2345      3.500e-02      
      2346      3.448e-02      
      2348      3.348e-02      
      2349      3.311e-02      
      2356      3.408e-02      
      2357      3.431e-02      
      2366      3.339e-02      
      2367      3.305e-02      
      2368      3.253e-02      
      2369      3.187e-02      
      2370      3.119e-02      
      2371      3.059e-02      
      2373      2.970e-02      
      2374      2.938e-02      
      2378      3.011e-02      
      2379      3.053e-02      
      2382      3.149e-02      
      2383      3.170e-02      
      2391      3.073e-02      
      2392      3.041e-02      
      2394      2.954e-02      
      2395      2.904e-02      
      2412      2.945e-02      
      2413      3.052e-02      
      2414      3.387e-02      
      2415      4.175e-02      
      2416      5.579e-02      
      2417      7.427e-02      
      2418      9.109e-02      
      2419      9.898e-02      
      2420      9.497e-02      
      2421      8.228e-02      
      2422      6.702e-02      
      2423      5.390e-02      
      2424      4.465e-02      
      2425      3.899e-02      
      2426      3.596e-02      
      2427      3.464e-02      
      2431      3.566e-02      
      2432      3.626e-02      
      2434      3.732e-02      
      2435      3.775e-02      
      2445      3.679e-02      
      2446      3.664e-02      
      2454      3.771e-02      
      2455      3.778e-02      
      2463      3.710e-02      
      2464      3.658e-02      
      2465      3.592e-02      
      2466      3.517e-02      
      2467      3.442e-02      
      2468      3.376e-02      
      2486      3.290e-02      
      2487      3.254e-02      
      2489      3.150e-02      
      2490      3.094e-02      
      2492      2.997e-02      
      2493      2.962e-02      
      2513      2.886e-02      
      2514      2.846e-02      
      2535      2.760e-02      
      2536      2.730e-02      
      2538      2.652e-02      
      2539      2.613e-02      
      2563      2.697e-02      
      2564      3.146e-02      
      2565      3.996e-02      
      2566      5.147e-02      
      2567      6.181e-02      
      2568      6.572e-02      
      2569      6.119e-02      
      2570      5.122e-02      
      2571      4.096e-02      
      2572      3.380e-02      
      2573      3.038e-02      
      2574      3.021e-02      
      2575      3.307e-02      
      2576      3.898e-02      
      2577      4.693e-02      
      2578      5.412e-02      
      2579      5.730e-02      
      2580      5.532e-02      
      2581      4.995e-02      
      2582      4.432e-02      
      2583      4.070e-02      
      2585      4.120e-02      
      2586      4.363e-02      
      2587      4.556e-02      
      2589      4.469e-02      
      2590      4.269e-02      
      2591      4.085e-02      
      2592      3.965e-02      
      2613      3.885e-02      
      2614      3.835e-02      
      2630      3.744e-02      
      2631      3.705e-02      
      2632      3.648e-02      
      2633      3.578e-02      
      2634      3.503e-02      
      2635      3.433e-02      
      2637      3.335e-02      
      2638      3.313e-02      
      2655      3.244e-02      
      2656      3.177e-02      
      2657      3.110e-02      
      2658      3.049e-02      
      2660      2.945e-02      
      2661      2.910e-02      
      2665      2.979e-02      
      2666      3.021e-02      
      2680      2.959e-02      
      2681      2.908e-02      
      2683      2.815e-02      
      2684      2.779e-02      
      2703      2.676e-02      
      2704      2.644e-02      
      2707      2.544e-02      
      2708      2.517e-02      
      2729      2.409e-02      
      2730      2.369e-02      
      2750      2.263e-02      
      2751      2.234e-02      
      2753      2.148e-02      
      2754      2.103e-02      
      2775      2.015e-02      
      2776      1.986e-02      
      2779      1.884e-02      
      2780      1.856e-02      
      2802      1.764e-02      
      2803      1.734e-02      
      2825      1.631e-02      
      2826      1.600e-02      
      2848      1.506e-02      
      2849      1.467e-02      
      2871      1.365e-02      
      2872      1.345e-02      
      2895      1.237e-02      
      2896      1.235e-02      
      2920      1.128e-02      
      2921      1.124e-02      
      2944      1.205e-02      
      2945      1.264e-02      
      2946      1.383e-02      
      2947      1.576e-02      
      2948      1.825e-02      
      2949      2.154e-02      
      2950      2.755e-02      
      2951      3.977e-02      
      2952      5.959e-02      
      2953      8.172e-02      
      2954      9.526e-02      
      2955      9.228e-02      
      2956      7.504e-02      
      2957      5.313e-02      
      2958      3.504e-02      
      2959      2.359e-02      
      2960      1.755e-02      
      2961      1.475e-02      
      2962      1.358e-02      
      3039      1.266e-02      
      3040      1.244e-02      
      3068      1.138e-02      
      3069      1.135e-02      
      3109      1.026e-02      
      3110      1.024e-02      
      3149      1.088e-02      
      3150      1.182e-02      
      3151      1.308e-02      
      3152      1.424e-02      
      3155      1.344e-02      
      3156      1.232e-02      
      3157      1.142e-02      
      3158      1.084e-02      
      3207      9.868e-03      
      3208      9.714e-03      
      3320      8.658e-03      
      3321      8.454e-03      
      3394      9.368e-03      
      3395      9.761e-03      
      3400      9.491e-03      
      3401      1.099e-02      
      3402      1.316e-02      
      3403      1.522e-02      
      3405      1.542e-02      
      3406      1.354e-02      
      3407      1.144e-02      
      3408      9.806e-03      
      3409      8.793e-03      
      3410      8.242e-03      
      3552      8.198e-03      
      3553      9.548e-03      
      3554      1.226e-02      
      3555      1.624e-02      
      3556      2.027e-02      
      3557      2.247e-02      
      3558      2.188e-02      
      3559      1.928e-02      
      3560      1.622e-02      
      3561      1.366e-02      
      3562      1.171e-02      
      3563      1.022e-02      
      3564      9.130e-03      
      3565      8.425e-03      
      3566      8.019e-03
3624   8.019e-03