0      0.0      
      1      0.000e+00      
      34      1.419e-03      
      35      3.325e-03      
      36      6.326e-03      
      37      9.895e-03      
      38      1.290e-02      
      39      1.416e-02      
      40      1.314e-02      
      41      1.024e-02      
      42      6.620e-03      
      43      3.500e-03      
      44      1.496e-03      
      416      3.017e-03      
      417      7.109e-03      
      418      1.349e-02      
      419      2.078e-02      
      420      2.637e-02      
      422      2.622e-02      
      423      2.202e-02      
      424      1.735e-02      
      425      1.322e-02      
      426      9.935e-03      
      427      7.658e-03      
      428      6.509e-03      
      432      3.694e-03      
      433      2.178e-03      
      479      4.434e-03      
      480      5.988e-03      
      481      8.473e-03      
      482      1.234e-02      
      483      1.896e-02      
      484      3.037e-02      
      485      4.660e-02      
      486      6.258e-02      
      487      6.985e-02      
      488      6.367e-02      
      489      4.779e-02      
      490      3.061e-02      
      491      1.811e-02      
      492      1.121e-02      
      493      8.097e-03      
      494      6.874e-03      
      521      3.826e-03      
      522      3.448e-03      
      696      3.311e-04      
      697      1.561e-04      
      1068      1.872e-03      
      1069      5.575e-03      
      1070      1.322e-02      
      1071      2.498e-02      
      1072      3.776e-02      
      1073      4.579e-02      
      1074      4.482e-02      
      1075      3.572e-02      
      1076      2.345e-02      
      1077      1.287e-02      
      1078      6.001e-03      
      1079      2.407e-03      
      1215      3.524e-03      
      1216      6.040e-03      
      1217      8.632e-03      
      1218      1.024e-02      
      1220      8.437e-03      
      1221      6.151e-03      
      1222      4.177e-03      
      1223      2.875e-03      
      1540      5.927e-03      
      1541      6.491e-03      
      1543      3.976e-03      
      1544      2.224e-03      
      1579      4.159e-03      
      1580      6.051e-03      
      1583      4.159e-03      
      1584      2.226e-03      
      1608      4.951e-03      
      1609      5.610e-03      
      1611      3.403e-03      
      1612      1.821e-03      
      1992      2.617e-03      
      1993      8.101e-03      
      1994      1.956e-02      
      1995      3.684e-02      
      1996      5.418e-02      
      1997      6.227e-02      
      1998      5.600e-02      
      1999      3.946e-02      
      2000      2.184e-02      
      2001      9.522e-03      
      2002      3.283e-03      
      2004      1.971e-04      
      2005      3.476e-05      
      2104      1.443e-03      
      2105      3.198e-03      
      2106      5.794e-03      
      2107      8.492e-03      
      2110      6.994e-03      
      2111      4.144e-03      
      2112      1.947e-03      
      2113      7.244e-04      
      2196      3.478e-03      
      2197      7.205e-03      
      2198      1.250e-02      
      2199      1.944e-02      
      2200      2.943e-02      
      2201      4.469e-02      
      2202      6.470e-02      
      2203      8.321e-02      
      2204      9.111e-02      
      2205      8.345e-02      
      2206      6.364e-02      
      2207      4.041e-02      
      2208      2.142e-02      
      2209      9.535e-03      
      2210      3.589e-03      
      2211      1.151e-03      
      2212      3.139e-04      
      2414      1.523e-03      
      2415      3.929e-03      
      2416      8.067e-03      
      2417      1.328e-02      
      2418      1.770e-02      
      2420      1.782e-02      
      2421      1.409e-02      
      2422      9.845e-03      
      2423      6.183e-03      
      2424      3.486e-03      
      2425      1.731e-03      
      2565      3.907e-03      
      2566      6.764e-03      
      2567      9.301e-03      
      2568      1.016e-02      
      2569      8.810e-03      
      2570      6.069e-03      
      2571      3.321e-03      
      2572      1.450e-03      
      2949      3.055e-03      
      2950      5.305e-03      
      2951      9.921e-03      
      2952      1.707e-02      
      2953      2.429e-02      
      2954      2.744e-02      
      2955      2.430e-02      
      2956      1.681e-02      
      2957      9.081e-03      
      2958      3.830e-03      
      2959      1.262e-03      
      2960      3.252e-04      
      3401      2.153e-03      
      3402      3.542e-03      
      3408      5.040e-04      
      3409      1.577e-04      
      3554      2.625e-03      
      3555      5.059e-03      
      3556      7.748e-03      
      3557      9.609e-03      
      3560      7.805e-03      
      3561      6.184e-03      
      3562      4.382e-03      
      3563      2.635e-03
3624   2.635e-03