0      0.0      
      1      1.270e-03      
      33      2.141e-03      
      34      3.557e-03      
      35      6.532e-03      
      36      1.181e-02      
      37      1.960e-02      
      38      2.900e-02      
      39      3.754e-02      
      40      4.182e-02      
      41      3.949e-02      
      42      3.135e-02      
      43      2.109e-02      
      44      1.250e-02      
      45      7.158e-03      
      46      4.542e-03      
      48      3.085e-03      
      49      2.941e-03      
      394      4.312e-03      
      395      5.189e-03      
      402      3.605e-03      
      403      3.273e-03      
      414      3.828e-03      
      415      5.205e-03      
      416      8.637e-03      
      417      1.566e-02      
      418      2.697e-02      
      419      4.095e-02      
      420      5.341e-02      
      421      5.980e-02      
      422      5.803e-02      
      423      4.971e-02      
      424      3.878e-02      
      425      2.912e-02      
      426      2.311e-02      
      428      2.434e-02      
      429      2.931e-02      
      430      3.312e-02      
      431      3.267e-02      
      432      2.756e-02      
      433      2.032e-02      
      434      1.407e-02      
      435      1.034e-02      
      440      1.191e-02      
      441      1.344e-02      
      442      1.506e-02      
      443      1.677e-02      
      444      1.886e-02      
      445      2.174e-02      
      446      2.540e-02      
      447      2.901e-02      
      448      3.132e-02      
      450      3.038e-02      
      451      2.841e-02      
      452      2.657e-02      
      453      2.522e-02      
      454      2.442e-02      
      464      2.599e-02      
      465      2.618e-02      
      472      2.475e-02      
      473      2.454e-02      
      478      2.587e-02      
      479      2.917e-02      
      480      3.486e-02      
      481      4.228e-02      
      482      4.985e-02      
      483      5.667e-02      
      484      6.369e-02      
      485      7.211e-02      
      486      8.050e-02      
      487      8.440e-02      
      488      8.022e-02      
      489      6.896e-02      
      490      5.555e-02      
      491      4.468e-02      
      492      3.810e-02      
      493      3.509e-02      
      503      3.665e-02      
      504      3.684e-02      
      515      3.538e-02      
      516      3.488e-02      
      519      3.338e-02      
      520      3.264e-02      
      521      3.181e-02      
      522      3.102e-02      
      532      2.945e-02      
      533      2.939e-02      
      541      2.793e-02      
      542      2.774e-02      
      546      2.626e-02      
      547      2.573e-02      
      568      2.421e-02      
      569      2.376e-02      
      594      2.232e-02      
      595      2.189e-02      
      606      2.032e-02      
      607      2.003e-02      
      637      1.846e-02      
      638      1.836e-02      
      642      1.714e-02      
      643      1.676e-02      
      689      1.532e-02      
      690      1.506e-02      
      715      1.370e-02      
      716      1.342e-02      
      811      1.200e-02      
      812      1.170e-02      
      883      1.026e-02      
      884      1.004e-02      
      931      8.453e-03      
      932      8.381e-03      
      978      6.920e-03      
      979      6.572e-03      
      1068      7.862e-03      
      1069      1.258e-02      
      1070      2.232e-02      
      1071      3.768e-02      
      1072      5.528e-02      
      1073      6.793e-02      
      1074      6.909e-02      
      1075      5.837e-02      
      1076      4.169e-02      
      1077      2.628e-02      
      1078      1.594e-02      
      1079      1.051e-02      
      1080      8.192e-03      
      1150      9.755e-03      
      1151      9.878e-03      
      1173      8.525e-03      
      1174      8.239e-03      
      1213      9.065e-03      
      1214      1.045e-02      
      1215      1.247e-02      
      1216      1.490e-02      
      1217      1.707e-02      
      1220      1.667e-02      
      1221      1.499e-02      
      1222      1.351e-02      
      1223      1.243e-02      
      1225      1.102e-02      
      1226      1.042e-02      
      1230      8.862e-03      
      1231      8.778e-03      
      1252      1.034e-02      
      1253      1.043e-02      
      1286      8.861e-03      
      1287      8.807e-03      
      1315      7.328e-03      
      1316      6.914e-03      
      1449      5.333e-03      
      1450      5.301e-03      
      1535      6.242e-03      
      1536      7.989e-03      
      1537      1.096e-02      
      1538      1.463e-02      
      1539      1.762e-02      
      1541      1.676e-02      
      1542      1.352e-02      
      1543      1.019e-02      
      1544      7.718e-03      
      1545      6.277e-03      
      1546      5.584e-03      
      1557      7.150e-03      
      1558      7.337e-03      
      1562      5.906e-03      
      1563      5.549e-03      
      1578      6.641e-03      
      1579      7.238e-03      
      1652      5.654e-03      
      1653      5.591e-03      
      1671      7.015e-03      
      1672      7.276e-03      
      1674      8.283e-03      
      1675      9.351e-03      
      1676      1.098e-02      
      1677      1.307e-02      
      1678      1.506e-02      
      1681      1.361e-02      
      1682      1.135e-02      
      1683      9.582e-03      
      1687      8.122e-03      
      1688      7.918e-03      
      1746      6.574e-03      
      1747      6.241e-03      
      1843      4.946e-03      
      1844      4.638e-03      
      1992      4.513e-03      
      1993      7.177e-03      
      1994      1.325e-02      
      1995      2.363e-02      
      1996      3.638e-02      
      1997      4.621e-02      
      1998      4.781e-02      
      1999      4.049e-02      
      2000      2.888e-02      
      2001      1.914e-02      
      2002      1.477e-02      
      2003      1.554e-02      
      2004      1.851e-02      
      2006      1.824e-02      
      2007      1.391e-02      
      2008      9.314e-03      
      2009      6.062e-03      
      2010      4.361e-03      
      2102      4.912e-03      
      2103      7.450e-03      
      2104      1.217e-02      
      2105      1.927e-02      
      2106      2.789e-02      
      2107      3.607e-02      
      2108      4.119e-02      
      2109      4.108e-02      
      2110      3.553e-02      
      2111      2.671e-02      
      2112      1.784e-02      
      2113      1.124e-02      
      2114      7.444e-03      
      2115      5.736e-03      
      2195      6.388e-03      
      2196      7.571e-03      
      2197      9.193e-03      
      2198      1.094e-02      
      2199      1.257e-02      
      2200      1.442e-02      
      2201      1.727e-02      
      2202      2.136e-02      
      2203      2.555e-02      
      2204      2.782e-02      
      2205      2.673e-02      
      2206      2.261e-02      
      2207      1.725e-02      
      2208      1.251e-02      
      2209      9.254e-03      
      2210      7.428e-03      
      2275      5.965e-03      
      2276      5.821e-03      
      2372      4.445e-03      
      2373      4.165e-03      
      2413      5.316e-03      
      2414      8.526e-03      
      2415      1.670e-02      
      2416      3.327e-02      
      2417      5.849e-02      
      2418      8.545e-02      
      2419      1.020e-01      
      2420      9.984e-02      
      2421      8.183e-02      
      2422      5.824e-02      
      2423      3.790e-02      
      2424      2.383e-02      
      2425      1.518e-02      
      2426      1.023e-02      
      2427      7.636e-03      
      2428      6.461e-03      
      2429      6.047e-03      
      2434      7.248e-03      
      2435      7.824e-03      
      2438      9.201e-03      
      2439      9.426e-03      
      2452      1.097e-02      
      2453      1.126e-02      
      2488      9.837e-03      
      2489      9.402e-03      
      2534      7.850e-03      
      2535      7.602e-03      
      2570      9.173e-03      
      2571      9.219e-03      
      2573      1.060e-02      
      2574      1.240e-02      
      2575      1.489e-02      
      2576      1.763e-02      
      2577      1.980e-02      
      2579      1.915e-02      
      2580      1.647e-02      
      2581      1.357e-02      
      2582      1.140e-02      
      2584      9.868e-03      
      2585      9.740e-03      
      2588      8.504e-03      
      2589      8.001e-03      
      2603      9.565e-03      
      2604      9.652e-03      
      2611      8.283e-03      
      2612      8.027e-03      
      2685      6.562e-03      
      2686      6.282e-03      
      2779      4.780e-03      
      2780      4.506e-03      
      2950      5.197e-03      
      2951      7.822e-03      
      2952      1.227e-02      
      2953      1.760e-02      
      2954      2.144e-02      
      2955      2.164e-02      
      2956      1.812e-02      
      2957      1.293e-02      
      2958      8.370e-03      
      2959      5.498e-03      
      2960      4.100e-03      
      2961      3.541e-03      
      3152      4.923e-03      
      3153      5.323e-03      
      3156      4.008e-03      
      3157      3.484e-03      
      3305      2.063e-03      
      3306      1.746e-03      
      3403      3.124e-03      
      3404      3.650e-03      
      3407      2.424e-03      
      3408      1.806e-03      
      3553      2.205e-03      
      3554      4.240e-03      
      3555      7.856e-03      
      3556      1.269e-02      
      3557      1.742e-02      
      3558      2.053e-02      
      3560      2.011e-02      
      3561      1.725e-02      
      3562      1.330e-02      
      3563      9.075e-03      
      3564      5.532e-03      
      3565      3.181e-03      
      3566      1.918e-03      
      3567      1.344e-03
3624   1.344e-03