0      0.0      
      1      1.000e-02      
      34      9.779e-02      
      35      1.816e-01      
      36      2.752e-01      
      37      3.360e-01      
      39      2.692e-01      
      40      1.845e-01      
      41      1.122e-01      
      42      6.564e-02      
      359      5.914e-02      
      360      1.700e-01      
      361      4.426e-01      
      362      9.707e-01      
      363      1.751e+00      
      364      2.577e+00      
      365      3.096e+00      
      366      3.051e+00      
      367      2.491e+00      
      368      1.714e+00      
      369      1.026e+00      
      370      5.671e-01      
      371      3.231e-01      
      372      2.149e-01      
      378      1.179e-01      
      379      1.129e-01      
      543      1.400e-02      
      544      1.224e-02      
      1065      9.537e-02      
      1066      1.245e-01      
      1067      1.751e-01      
      1068      2.356e-01      
      1072      1.650e-01      
      1073      1.068e-01      
      1205      1.171e-01      
      1206      2.334e-01      
      1207      3.877e-01      
      1208      5.342e-01      
      1211      5.197e-01      
      1212      4.022e-01      
      1213      2.971e-01      
      1214      2.251e-01      
      1215      1.842e-01      
      1233      8.600e-02      
      1234      8.400e-02      
      2094      1.087e-01      
      2095      2.035e-01      
      2096      3.103e-01      
      2100      2.170e-01      
      2101      1.359e-01      
      2104      4.097e-02      
      2105      3.456e-02      
      2195      1.076e-01      
      2196      2.518e-01      
      2197      5.439e-01      
      2198      1.035e+00      
      2199      1.704e+00      
      2200      2.407e+00      
      2201      2.908e+00      
      2202      3.011e+00      
      2203      2.702e+00      
      2204      2.149e+00      
      2205      1.572e+00      
      2206      1.111e+00      
      2207      7.949e-01      
      2208      5.937e-01      
      2209      4.682e-01      
      2210      3.902e-01      
      2211      3.399e-01      
      2213      2.679e-01      
      2214      2.346e-01      
      2218      1.452e-01      
      2219      1.343e-01      
      2319      3.602e-02      
      2320      3.398e-02      
      2560      9.385e-02      
      2561      2.881e-01      
      2562      7.447e-01      
      2563      1.566e+00      
      2564      2.676e+00      
      2565      3.743e+00      
      2566      4.331e+00      
      2567      4.202e+00      
      2568      3.469e+00      
      2569      2.486e+00      
      2570      1.598e+00      
      2571      9.788e-01      
      2572      6.275e-01      
      2573      4.576e-01      
      2574      3.803e-01      
      2575      3.398e-01      
      2578      2.590e-01      
      2579      2.321e-01      
      2584      1.374e-01      
      2585      1.300e-01      
      2695      3.027e-02      
      2696      2.973e-02      
      2771      1.104e-01      
      2772      1.601e-01      
      2779      6.894e-02      
      2780      6.010e-02      
      3275      1.327e-01      
      3276      1.638e-01      
      3280      6.878e-02      
      3281      4.518e-02      
      3340      1.093e-01      
      3341      2.042e-01      
      3342      3.104e-01      
      3345      3.044e-01      
      3346      2.082e-01      
      3347      1.261e-01      
      3348      7.319e-02
3624   7.319e-02