0      0.0      
      1      0.000e+00      
      1066      2.820e-03      
      1067      3.267e-03      
      1070      1.638e-03      
      1071      9.005e-04      
      2198      2.465e-03      
      2199      4.441e-03      
      2200      6.615e-03      
      2204      5.372e-03      
      2205      3.358e-03      
      2206      1.867e-03      
      2207      9.925e-04      
      2401      2.314e-03      
      2402      4.913e-03      
      2403      8.970e-03      
      2404      1.405e-02      
      2405      1.913e-02      
      2406      2.325e-02      
      2407      2.582e-02      
      2409      2.535e-02      
      2410      2.337e-02      
      2412      2.143e-02      
      2413      2.120e-02      
      2414      1.995e-02      
      2415      1.706e-02      
      2416      1.306e-02      
      2417      8.957e-03      
      2418      5.588e-03      
      2419      3.242e-03      
      2420      1.811e-03      
      2421      1.024e-03      
      2432      3.055e-03      
      2433      3.796e-03      
      2435      5.856e-03      
      2436      7.150e-03      
      2437      8.437e-03      
      2438      9.510e-03      
      2446      1.113e-02      
      2447      1.162e-02      
      2467      9.680e-03      
      2468      9.261e-03      
      2490      7.294e-03      
      2491      6.957e-03      
      2513      5.206e-03      
      2514      4.772e-03      
      2536      2.745e-03      
      2537      2.454e-03      
      2565      4.195e-03      
      2566      8.120e-03      
      2567      1.367e-02      
      2568      1.941e-02      
      2569      2.322e-02      
      2571      2.121e-02      
      2572      1.708e-02      
      2573      1.271e-02      
      2574      8.947e-03      
      2575      6.100e-03      
      2576      4.204e-03      
      2577      3.115e-03      
      2590      4.622e-03      
      2591      5.413e-03      
      2612      3.522e-03      
      2613      3.155e-03      
      2634      1.179e-03      
      2635      9.737e-04      
      2649      3.036e-03      
      2650      3.092e-03      
      2657      1.300e-03      
      2658      9.865e-04      
      2671      3.054e-03      
      2672      3.098e-03      
      2682      1.049e-03      
      2683      8.773e-04      
      2853      1.636e-03      
      2854      3.983e-03      
      2855      7.597e-03      
      2856      1.138e-02      
      2859      9.502e-03      
      2860      5.884e-03      
      2861      3.120e-03      
      2862      1.525e-03      
      2863      7.667e-04
3624   7.667e-04