0      0.0      
      1      0.000e+00      
      2198      5.512e-03      
      2199      1.004e-02      
      2200      1.525e-02      
      2201      1.945e-02      
      2204      1.450e-02      
      2205      9.613e-03      
      2209      1.393e-03      
      2210      1.056e-03      
      2406      8.070e-03      
      2407      1.369e-02      
      2408      2.006e-02      
      2409      2.730e-02      
      2410      3.744e-02      
      2411      5.310e-02      
      2412      7.403e-02      
      2413      9.477e-02      
      2414      1.069e-01      
      2415      1.050e-01      
      2416      9.027e-02      
      2417      6.896e-02      
      2418      4.750e-02      
      2419      2.983e-02      
      2420      1.735e-02      
      2421      9.720e-03      
      2422      5.708e-03      
      2433      1.260e-02      
      2434      1.542e-02      
      2436      2.313e-02      
      2437      2.667e-02      
      2488      1.927e-02      
      2489      1.811e-02      
      2513      9.784e-03      
      2514      8.922e-03      
      2567      1.417e-02      
      2568      2.487e-02      
      2569      3.748e-02      
      2570      4.782e-02      
      2573      3.980e-02      
      2574      2.945e-02      
      2575      2.043e-02      
      2576      1.406e-02      
      2577      1.026e-02      
      2611      2.003e-03      
      2612      1.700e-03      
      2947      5.620e-03      
      2948      1.069e-02      
      2955      2.927e-03      
      2956      1.866e-03      
      3147      9.236e-03      
      3148      1.084e-02      
      3152      2.836e-03      
      3153      1.691e-03
3624   1.691e-03