0      0.0      
      1      0.000e+00      
      2402      4.429e-03      
      2403      8.762e-03      
      2404      1.503e-02      
      2405      2.234e-02      
      2406      2.950e-02      
      2407      3.560e-02      
      2408      4.021e-02      
      2410      4.530e-02      
      2411      4.713e-02      
      2415      4.302e-02      
      2416      3.546e-02      
      2417      2.742e-02      
      2418      2.047e-02      
      2419      1.521e-02      
      2420      1.146e-02      
      2423      5.698e-03      
      2424      4.744e-03      
      2438      1.056e-02      
      2439      1.168e-02      
      2451      1.749e-02      
      2452      1.810e-02      
      2472      1.221e-02      
      2473      1.174e-02      
      2494      5.571e-03      
      2495      5.388e-03      
      2565      8.124e-03      
      2566      1.675e-02      
      2567      3.008e-02      
      2568      4.606e-02      
      2569      6.036e-02      
      2570      6.876e-02      
      2572      6.407e-02      
      2573      5.498e-02      
      2574      4.490e-02      
      2575      3.565e-02      
      2576      2.815e-02      
      2577      2.264e-02      
      2578      1.888e-02      
      2613      1.288e-02      
      2614      1.185e-02      
      2659      5.882e-03      
      2660      5.581e-03      
      2855      8.311e-03      
      2856      1.341e-02      
      2857      1.801e-02      
      2858      2.034e-02      
      2860      1.720e-02      
      2861      1.393e-02      
      2863      8.650e-03      
      2864      6.928e-03      
      2884      6.895e-04      
      2885      6.490e-04
3624   6.490e-04