0      0.0      
      1      0.000e+00      
      1068      2.167e-02      
      1069      2.578e-02      
      1073      1.222e-02      
      1074      7.327e-03      
      2198      1.485e-02      
      2199      2.489e-02      
      2200      3.502e-02      
      2201      4.163e-02      
      2203      3.575e-02      
      2204      2.586e-02      
      2205      1.601e-02      
      2206      8.669e-03      
      2403      1.937e-02      
      2404      3.320e-02      
      2405      4.960e-02      
      2406      6.684e-02      
      2407      8.234e-02      
      2408      9.265e-02      
      2409      9.727e-02      
      2410      1.017e-01      
      2411      1.134e-01      
      2412      1.342e-01      
      2413      1.585e-01      
      2414      1.772e-01      
      2416      1.708e-01      
      2417      1.427e-01      
      2418      1.049e-01      
      2419      6.710e-02      
      2420      3.718e-02      
      2421      1.806e-02      
      2422      7.959e-03      
      2423      3.416e-03      
      2483      1.735e-02      
      2484      1.775e-02      
      2565      1.580e-02      
      2566      3.377e-02      
      2567      6.427e-02      
      2568      1.035e-01      
      2569      1.402e-01      
      2570      1.610e-01      
      2571      1.587e-01      
      2572      1.358e-01      
      2573      1.021e-01      
      2574      6.846e-02      
      2575      4.217e-02      
      2576      2.528e-02      
      2578      1.197e-02      
      2579      1.040e-02      
      2947      1.467e-02      
      2948      2.774e-02      
      2949      4.129e-02      
      2950      4.852e-02      
      2951      4.525e-02      
      2952      3.383e-02      
      2953      2.064e-02      
      2954      1.063e-02
3624   1.063e-02