0      0.0      
      1      0.000e+00      
      2200      4.276e-03      
      2201      5.335e-03      
      2207      6.844e-04      
      2208      3.944e-04      
      2402      2.757e-03      
      2403      5.211e-03      
      2404      8.598e-03      
      2405      1.281e-02      
      2406      1.770e-02      
      2407      2.277e-02      
      2408      2.710e-02      
      2409      3.029e-02      
      2410      3.328e-02      
      2411      3.757e-02      
      2412      4.335e-02      
      2413      4.898e-02      
      2416      4.558e-02      
      2417      3.628e-02      
      2418      2.543e-02      
      2419      1.553e-02      
      2420      8.312e-03      
      2421      4.091e-03      
      2422      2.132e-03      
      2429      6.768e-03      
      2430      8.260e-03      
      2489      3.671e-03      
      2490      3.448e-03      
      2566      4.913e-03      
      2567      9.158e-03      
      2568      1.429e-02      
      2569      1.854e-02      
      2570      2.018e-02      
      2571      1.864e-02      
      2572      1.479e-02      
      2573      1.019e-02      
      2574      6.162e-03      
      2576      1.729e-03      
      2577      9.471e-04
3624   9.471e-04