0      0.0      
      1      0.000e+00      
      419      2.076e-03      
      420      3.259e-03      
      421      4.813e-03      
      422      6.270e-03      
      425      5.128e-03      
      426      3.382e-03      
      427      1.907e-03      
      428      9.636e-04      
      2198      1.478e-03      
      2199      2.875e-03      
      2200      4.588e-03      
      2201      6.010e-03      
      2202      6.465e-03      
      2203      5.722e-03      
      2204      4.197e-03      
      2205      2.596e-03      
      2206      1.407e-03      
      2401      2.302e-03      
      2402      5.002e-03      
      2403      9.089e-03      
      2404      1.411e-02      
      2405      1.935e-02      
      2406      2.442e-02      
      2407      2.909e-02      
      2408      3.310e-02      
      2409      3.676e-02      
      2410      4.174e-02      
      2411      5.014e-02      
      2412      6.261e-02      
      2413      7.767e-02      
      2414      9.223e-02      
      2415      1.020e-01      
      2416      1.023e-01      
      2417      9.058e-02      
      2418      6.943e-02      
      2419      4.550e-02      
      2420      2.546e-02      
      2421      1.229e-02      
      2422      5.249e-03      
      2423      2.078e-03      
      2424      8.258e-04      
      2425      3.764e-04      
      2434      1.865e-03      
      2435      2.196e-03      
      2446      3.769e-03      
      2447      4.123e-03      
      2455      5.538e-03      
      2456      5.882e-03      
      2468      4.331e-03      
      2469      4.135e-03      
      2539      2.527e-03      
      2540      2.151e-03      
      2564      3.351e-03      
      2565      6.912e-03      
      2566      1.476e-02      
      2567      2.753e-02      
      2568      4.291e-02      
      2569      5.575e-02      
      2570      6.113e-02      
      2571      5.764e-02      
      2572      4.782e-02      
      2573      3.578e-02      
      2574      2.485e-02      
      2575      1.665e-02      
      2576      1.131e-02      
      2577      8.167e-03      
      2578      6.423e-03      
      2580      4.932e-03      
      2581      4.616e-03      
      2704      2.963e-03      
      2705      2.576e-03      
      2734      9.283e-04      
      2735      8.861e-04      
      2854      2.310e-03      
      2855      4.088e-03      
      2856      5.933e-03      
      2859      4.972e-03      
      2860      3.252e-03      
      2861      1.972e-03      
      2862      1.259e-03      
      2946      1.779e-03      
      2947      3.305e-03      
      2948      5.259e-03      
      2949      6.842e-03      
      2950      7.181e-03      
      2951      6.080e-03      
      2952      4.193e-03      
      2953      2.414e-03      
      2954      1.226e-03      
      2955      6.087e-04      
      3147      2.239e-03      
      3148      2.576e-03      
      3151      9.913e-04      
      3152      5.070e-04      
      3342      1.272e-03      
      3343      2.279e-03      
      3351      3.721e-03      
      3352      4.759e-03      
      3354      4.259e-03      
      3355      2.983e-03      
      3356      1.761e-03      
      3357      9.239e-04      
      3417      1.950e-03      
      3418      3.066e-03      
      3422      2.049e-03      
      3423      1.158e-03
3624   1.158e-03