0      0.0      
      1      0.000e+00      
      2198      5.389e-03      
      2199      9.675e-03      
      2200      1.454e-02      
      2201      1.856e-02      
      2202      2.047e-02      
      2204      1.746e-02      
      2205      1.440e-02      
      2206      1.159e-02      
      2207      9.374e-03      
      2211      4.635e-03      
      2212      3.987e-03      
      2404      5.363e-03      
      2405      1.043e-02      
      2406      1.836e-02      
      2407      2.861e-02      
      2408      3.943e-02      
      2409      4.968e-02      
      2410      6.103e-02      
      2411      7.714e-02      
      2412      9.982e-02      
      2413      1.259e-01      
      2414      1.482e-01      
      2415      1.600e-01      
      2416      1.586e-01      
      2417      1.458e-01      
      2418      1.255e-01      
      2419      1.023e-01      
      2420      8.002e-02      
      2421      6.088e-02      
      2422      4.570e-02      
      2423      3.425e-02      
      2424      2.584e-02      
      2425      1.979e-02      
      2426      1.546e-02      
      2427      1.237e-02      
      2429      8.584e-03      
      2430      7.528e-03      
      2440      1.164e-02      
      2441      1.283e-02      
      2446      1.705e-02      
      2447      1.774e-02      
      2454      2.204e-02      
      2455      2.269e-02      
      2487      1.832e-02      
      2488      1.785e-02      
      2495      1.320e-02      
      2496      1.278e-02      
      2514      8.124e-03      
      2515      7.517e-03      
      2534      2.763e-03      
      2535      2.653e-03      
      2565      3.986e-03      
      2566      9.102e-03      
      2567      1.891e-02      
      2568      3.391e-02      
      2569      5.199e-02      
      2570      6.851e-02      
      2571      7.847e-02      
      2572      7.928e-02      
      2573      7.194e-02      
      2574      5.996e-02      
      2575      4.714e-02      
      2576      3.600e-02      
      2577      2.742e-02      
      2578      2.121e-02      
      2579      1.681e-02      
      2580      1.367e-02      
      2582      9.723e-03      
      2583      8.440e-03      
      2618      3.751e-03      
      2619      3.580e-03      
      2856      7.427e-03      
      2857      9.782e-03      
      2863      5.665e-03      
      2864      4.824e-03      
      2948      8.291e-03      
      2949      1.276e-02      
      2954      8.338e-03      
      2955      6.510e-03      
      2965      1.765e-03      
      2966      1.621e-03      
      3146      4.809e-03      
      3147      7.357e-03      
      3155      2.610e-03      
      3156      2.312e-03
3624   2.312e-03