0      0.0      
      1      0.000e+00      
      1682      2.356e-03      
      1683      2.767e-03      
      1687      9.889e-04      
      1688      6.742e-04      
      2197      1.765e-03      
      2198      3.790e-03      
      2199      6.641e-03      
      2200      9.585e-03      
      2203      9.675e-03      
      2204      6.982e-03      
      2205      4.495e-03      
      2206      2.786e-03      
      2207      1.828e-03      
      2401      2.308e-03      
      2402      5.171e-03      
      2403      9.679e-03      
      2404      1.512e-02      
      2405      2.011e-02      
      2406      2.361e-02      
      2410      2.188e-02      
      2411      1.990e-02      
      2412      1.843e-02      
      2413      1.693e-02      
      2414      1.465e-02      
      2415      1.145e-02      
      2416      7.935e-03      
      2417      4.955e-03      
      2418      2.941e-03      
      2420      1.235e-03      
      2421      9.400e-04      
      2436      2.816e-03      
      2437      3.206e-03      
      2447      4.823e-03      
      2448      5.276e-03      
      2452      7.177e-03      
      2453      7.546e-03      
      2512      5.552e-03      
      2513      5.199e-03      
      2536      3.199e-03      
      2537      2.801e-03      
      2564      2.691e-03      
      2565      5.881e-03      
      2566      1.172e-02      
      2567      1.951e-02      
      2568      2.683e-02      
      2569      3.079e-02      
      2570      3.008e-02      
      2571      2.575e-02      
      2572      2.008e-02      
      2573      1.487e-02      
      2574      1.093e-02      
      2575      8.293e-03      
      2576      6.753e-03      
      2577      6.008e-03      
      2591      7.996e-03      
      2592      8.376e-03      
      2611      6.449e-03      
      2612      6.207e-03      
      2632      4.594e-03      
      2633      4.000e-03      
      2642      2.000e-03      
      2643      2.000e-03      
      2732      1.338e-07      
      2733      0.000e+00      
      2853      1.537e-03      
      2854      3.704e-03      
      2855      6.967e-03      
      2856      1.025e-02      
      2858      1.074e-02      
      2859      7.821e-03      
      2860      4.714e-03      
      2861      2.546e-03      
      2865      5.715e-04      
      2866      4.642e-04      
      3419      2.364e-03      
      3420      2.532e-03      
      3423      9.306e-04      
      3424      5.264e-04
3624   5.264e-04