0      0.0      
      1      0.000e+00      
      420      1.360e-02      
      421      1.704e-02      
      431      8.137e-03      
      432      7.192e-03      
      2199      1.064e-02      
      2200      1.666e-02      
      2201      2.252e-02      
      2202      2.679e-02      
      2208      1.824e-02      
      2209      1.608e-02      
      2215      7.595e-03      
      2216      6.803e-03      
      2403      9.900e-03      
      2404      1.723e-02      
      2405      2.596e-02      
      2406      3.439e-02      
      2407      4.118e-02      
      2408      4.592e-02      
      2411      5.388e-02      
      2412      5.634e-02      
      2415      5.285e-02      
      2416      4.633e-02      
      2417      3.893e-02      
      2418      3.205e-02      
      2419      2.635e-02      
      2420      2.186e-02      
      2423      1.330e-02      
      2424      1.142e-02      
      2440      2.374e-03      
      2441      2.185e-03      
      2564      4.634e-03      
      2565      1.196e-02      
      2566      2.791e-02      
      2567      5.567e-02      
      2568      9.414e-02      
      2569      1.360e-01      
      2570      1.702e-01      
      2571      1.882e-01      
      2572      1.876e-01      
      2573      1.719e-01      
      2574      1.475e-01      
      2575      1.205e-01      
      2576      9.517e-02      
      2577      7.396e-02      
      2578      5.739e-02      
      2579      4.494e-02      
      2580      3.571e-02      
      2581      2.883e-02      
      2582      2.363e-02      
      2584      1.645e-02      
      2585      1.394e-02      
      2595      4.913e-03      
      2596      4.581e-03      
      2854      1.284e-02      
      2855      2.560e-02      
      2856      4.227e-02      
      2857      5.794e-02      
      2858      6.720e-02      
      2860      6.227e-02      
      2861      5.368e-02      
      2862      4.494e-02      
      2863      3.725e-02      
      2864      3.087e-02      
      2865      2.571e-02      
      2867      1.826e-02      
      2868      1.558e-02      
      2874      6.873e-03      
      2875      6.145e-03
3624   6.145e-03