0      0.0      
      1      0.000e+00      
      423      7.929e-03      
      424      9.266e-03      
      431      9.493e-04      
      432      8.688e-04      
      2198      8.047e-03      
      2199      1.523e-02      
      2200      2.432e-02      
      2201      3.309e-02      
      2205      2.762e-02      
      2206      2.054e-02      
      2207      1.484e-02      
      2208      1.076e-02      
      2214      2.781e-03      
      2215      2.368e-03      
      2403      5.437e-03      
      2404      1.178e-02      
      2405      2.263e-02      
      2406      3.862e-02      
      2407      5.835e-02      
      2408      7.852e-02      
      2409      9.697e-02      
      2410      1.160e-01      
      2411      1.411e-01      
      2412      1.747e-01      
      2413      2.109e-01      
      2414      2.377e-01      
      2415      2.446e-01      
      2416      2.291e-01      
      2417      1.965e-01      
      2418      1.553e-01      
      2419      1.135e-01      
      2420      7.758e-02      
      2421      5.055e-02      
      2422      3.247e-02      
      2423      2.136e-02      
      2424      1.483e-02      
      2425      1.106e-02      
      2446      1.927e-02      
      2447      1.980e-02      
      2490      1.250e-02      
      2491      1.104e-02      
      2566      1.737e-02      
      2567      3.582e-02      
      2568      6.388e-02      
      2569      9.674e-02      
      2570      1.250e-01      
      2571      1.397e-01      
      2572      1.370e-01      
      2573      1.201e-01      
      2574      9.562e-02      
      2575      7.069e-02      
      2576      4.974e-02      
      2577      3.431e-02      
      2578      2.391e-02      
      2579      1.725e-02      
      2580      1.304e-02      
      2587      4.851e-03      
      2588      4.520e-03      
      2855      8.040e-03      
      2856      1.418e-02      
      2857      2.054e-02      
      2858      2.486e-02      
      2861      1.902e-02      
      2862      1.468e-02      
      2865      6.398e-03      
      2866      5.027e-03      
      2947      1.044e-02      
      2948      2.026e-02      
      2949      3.113e-02      
      2953      2.331e-02      
      2954      1.598e-02      
      2956      7.929e-03      
      2957      5.992e-03      
      3146      1.184e-02      
      3147      1.788e-02      
      3151      1.168e-02      
      3152      7.734e-03
3624   7.734e-03