0.0      1.000e-01      
      1      1.000e-01      
      414      1.186e-01      
      415      2.250e-01      
      416      3.349e-01      
      419      2.729e-01      
      420      1.692e-01      
      425      1.657e-01      
      426      3.281e-01      
      427      5.365e-01      
      428      7.094e-01      
      430      6.591e-01      
      431      4.723e-01      
      432      2.861e-01      
      433      1.535e-01      
      457      2.218e-01      
      458      2.542e-01      
      486      1.637e-01      
      487      1.377e-01      
      1068      1.038e-01      
      1069      2.566e-01      
      1070      4.985e-01      
      1071      7.638e-01      
      1072      9.277e-01      
      1073      9.002e-01      
      1074      7.066e-01      
      1075      4.586e-01      
      1076      2.558e-01      
      1077      1.313e-01      
      1207      1.000e-01      
      1208      2.314e-01      
      1209      4.845e-01      
      1210      8.174e-01      
      1211      1.123e+00      
      1212      1.274e+00      
      1213      1.213e+00      
      1214      9.876e-01      
      1215      6.989e-01      
      1216      4.367e-01      
      1217      2.459e-01      
      1218      1.298e-01      
      1243      2.266e-01      
      1244      2.573e-01      
      1248      3.443e-01      
      1249      3.629e-01      
      1285      4.514e-01      
      1286      4.787e-01      
      1306      3.838e-01      
      1307      3.690e-01      
      1314      2.742e-01      
      1315      2.538e-01      
      1328      1.725e-01      
      1329      1.508e-01      
      1606      2.306e-01      
      1607      3.232e-01      
      1610      2.545e-01      
      1611      1.639e-01      
      1992      1.759e-01      
      1993      3.014e-01      
      1994      4.170e-01      
      1996      4.155e-01      
      1997      3.047e-01      
      1998      1.884e-01      
      2195      1.881e-01      
      2196      4.991e-01      
      2197      1.076e+00      
      2198      1.897e+00      
      2199      2.768e+00      
      2200      3.415e+00      
      2201      3.667e+00      
      2202      3.521e+00      
      2203      3.055e+00      
      2204      2.366e+00      
      2205      1.601e+00      
      2206      9.389e-01      
      2207      4.903e-01      
      2208      2.560e-01      
      2212      2.890e-01      
      2213      3.770e-01      
      2214      4.775e-01      
      2215      5.873e-01      
      2216      7.048e-01      
      2217      8.298e-01      
      2218      9.607e-01      
      2219      1.092e+00      
      2220      1.215e+00      
      2221      1.323e+00      
      2222      1.415e+00      
      2223      1.497e+00      
      2224      1.578e+00      
      2225      1.663e+00      
      2226      1.751e+00      
      2227      1.827e+00      
      2233      1.895e+00      
      2234      1.931e+00      
      2235      1.979e+00      
      2236      2.034e+00      
      2238      2.132e+00      
      2239      2.158e+00      
      2242      2.104e+00      
      2243      2.049e+00      
      2244      1.990e+00      
      2245      1.933e+00      
      2246      1.880e+00      
      2247      1.829e+00      
      2248      1.770e+00      
      2249      1.701e+00      
      2250      1.622e+00      
      2251      1.543e+00      
      2252      1.474e+00      
      2253      1.421e+00      
      2262      1.328e+00      
      2263      1.313e+00      
      2267      1.241e+00      
      2268      1.202e+00      
      2270      1.114e+00      
      2271      1.069e+00      
      2273      9.719e-01      
      2274      9.201e-01      
      2275      8.676e-01      
      2276      8.173e-01      
      2279      7.195e-01      
      2280      7.110e-01      
      2289      6.492e-01      
      2290      6.066e-01      
      2292      5.230e-01      
      2293      4.901e-01      
      2298      3.958e-01      
      2299      3.876e-01      
      2322      2.894e-01      
      2323      2.793e-01      
      2341      1.920e-01      
      2342      1.771e-01      
      2407      2.296e-01      
      2408      5.431e-01      
      2409      1.039e+00      
      2410      1.593e+00      
      2411      1.975e+00      
      2412      2.023e+00      
      2413      1.783e+00      
      2414      1.433e+00      
      2415      1.115e+00      
      2416      8.720e-01      
      2417      6.955e-01      
      2418      5.709e-01      
      2419      4.786e-01      
      2420      3.991e-01      
      2421      3.266e-01      
      2422      2.690e-01      
      2428      3.348e-01      
      2429      3.717e-01      
      2431      4.436e-01      
      2432      4.830e-01      
      2434      5.770e-01      
      2435      6.282e-01      
      2437      7.209e-01      
      2438      7.588e-01      
      2450      8.588e-01      
      2451      8.709e-01      
      2463      7.847e-01      
      2464      7.475e-01      
      2466      6.496e-01      
      2467      5.990e-01      
      2488      5.260e-01      
      2489      4.973e-01      
      2492      3.979e-01      
      2493      3.746e-01      
      2512      2.836e-01      
      2513      2.697e-01      
      2520      1.715e-01      
      2521      1.622e-01      
      2568      2.278e-01      
      2569      3.394e-01      
      2570      4.451e-01      
      2573      3.880e-01      
      2574      2.906e-01      
      2575      2.168e-01      
      2576      1.778e-01      
      2593      2.777e-01      
      2594      2.957e-01      
      2618      2.031e-01      
      2619      1.800e-01      
      3141      2.101e-01      
      3142      3.275e-01      
      3146      2.465e-01      
      3147      1.725e-01      
      3347      1.729e-01      
      3348      2.771e-01      
      3349      3.669e-01      
      3350      4.003e-01      
      3351      3.606e-01      
      3352      2.711e-01      
      3353      1.746e-01      
      3354      1.017e-01      
      3396      1.310e-01      
      3397      2.200e-01      
      3398      3.638e-01      
      3399      5.585e-01      
      3400      7.430e-01      
      3402      7.412e-01      
      3403      5.478e-01      
      3404      3.378e-01      
      3405      1.814e-01      
      3550      2.224e-01      
      3551      6.036e-01      
      3552      1.347e+00      
      3553      2.478e+00      
      3554      3.773e+00      
      3555      4.765e+00      
      3556      5.001e+00      
      3557      4.381e+00      
      3558      3.232e+00      
      3559      2.051e+00      
      3560      1.186e+00      
      3561      7.269e-01      
      3562      5.930e-01      
      3563      6.654e-01      
      3564      8.497e-01      
      3565      1.085e+00      
      3566      1.335e+00      
      3567      1.576e+00      
      3568      1.799e+00      
      3569      2.006e+00      
      3570      2.202e+00      
      3571      2.391e+00      
      3572      2.566e+00      
      3573      2.723e+00      
      3574      2.871e+00      
      3575      3.030e+00      
      3576      3.212e+00      
      3577      3.414e+00      
      3578      3.615e+00      
      3579      3.798e+00      
      3580      3.953e+00      
      3581      4.079e+00      
      3582      4.168e+00      
      3583      4.211e+00      
      3585      4.152e+00      
      3586      4.081e+00      
      3587      4.006e+00      
      3588      3.933e+00      
      3589      3.855e+00      
      3590      3.762e+00      
      3591      3.649e+00      
      3592      3.517e+00      
      3593      3.373e+00      
      3594      3.226e+00      
      3595      3.080e+00      
      3596      2.936e+00      
      3597      2.794e+00      
      3598      2.653e+00      
      3599      2.520e+00      
      3600      2.400e+00      
      3601      2.294e+00      
      3602      2.201e+00      
      3603      2.118e+00      
      3604      2.041e+00      
      3605      1.973e+00      
      3606      1.915e+00      
      3607      1.865e+00      
      3609      1.784e+00      
      3610      1.747e+00      
      3612      1.668e+00      
      3613      1.615e+00      
      3614      1.546e+00      
      3615      1.462e+00      
      3616      1.373e+00      
      3617      1.292e+00      
      3618      1.225e+00      
      3619      1.174e+00      
      3621      1.097e+00      
      3622      1.069e+00      


3624   1.069e+00