0.0      1.000e-01      
      1      1.000e-01      
      368      1.813e-01      
      369      3.340e-01      
      370      4.844e-01      
      372      5.081e-01      
      373      3.787e-01      
      374      2.394e-01      
      375      1.368e-01      
      412      2.312e-01      
      413      3.366e-01      
      414      4.209e-01      
      415      4.523e-01      
      417      3.779e-01      
      418      3.403e-01      
      421      4.348e-01      
      422      5.400e-01      
      423      7.202e-01      
      424      9.950e-01      
      425      1.320e+00      
      426      1.577e+00      
      428      1.511e+00      
      429      1.243e+00      
      430      9.703e-01      
      431      7.708e-01      
      432      6.574e-01      
      445      5.691e-01      
      446      5.430e-01      
      448      4.686e-01      
      449      4.301e-01      
      454      3.383e-01      
      455      3.223e-01      
      461      2.232e-01      
      462      2.209e-01      
      483      1.276e-01      
      484      1.173e-01      
      1068      1.489e-01      
      1069      3.108e-01      
      1070      5.155e-01      
      1071      6.807e-01      
      1073      6.042e-01      
      1074      4.094e-01      
      1075      2.252e-01      
      1076      1.028e-01      
      1206      1.731e-01      
      1207      4.474e-01      
      1208      9.323e-01      
      1209      1.584e+00      
      1210      2.229e+00      
      1211      2.643e+00      
      1212      2.691e+00      
      1213      2.391e+00      
      1214      1.878e+00      
      1215      1.317e+00      
      1216      8.329e-01      
      1217      4.858e-01      
      1218      2.742e-01      
      1219      1.657e-01      
      1225      2.318e-01      
      1226      2.738e-01      
      1229      3.722e-01      
      1230      3.839e-01      
      1263      2.923e-01      
      1264      2.739e-01      
      1267      1.928e-01      
      1268      1.718e-01      
      2098      2.505e-01      
      2099      3.081e-01      
      2101      2.304e-01      
      2102      1.403e-01      
      2196      1.721e-01      
      2197      3.241e-01      
      2198      5.330e-01      
      2199      7.821e-01      
      2200      1.026e+00      
      2201      1.184e+00      
      2202      1.175e+00      
      2203      9.845e-01      
      2204      6.890e-01      
      2205      4.012e-01      
      2206      1.957e-01      
      2407      2.363e-01      
      2408      4.330e-01      
      2409      6.356e-01      
      2410      7.685e-01      
      2412      8.411e-01      
      2413      9.039e-01      
      2416      8.765e-01      
      2417      6.915e-01      
      2418      4.875e-01      
      2419      3.090e-01      
      2420      1.754e-01      
      2567      1.743e-01      
      2568      3.520e-01      
      2569      5.695e-01      
      2570      7.447e-01      
      2572      6.980e-01      
      2573      5.088e-01      
      2574      3.099e-01      
      2575      1.594e-01      
      2947      2.032e-01      
      2948      4.867e-01      
      2949      9.162e-01      
      2950      1.348e+00      
      2951      1.550e+00      
      2952      1.395e+00      
      2953      9.853e-01      
      2954      5.490e-01      
      2955      2.439e-01      
      2956      1.000e-01      
      3140      1.406e-01      
      3141      3.157e-01      
      3142      5.930e-01      
      3143      9.405e-01      
      3144      1.263e+00      
      3145      1.433e+00      
      3146      1.374e+00      
      3147      1.123e+00      
      3148      8.082e-01      
      3149      5.509e-01      
      3150      3.915e-01      
      3151      2.996e-01      
      3152      2.295e-01      
      3153      1.597e-01      
      3154      1.000e-01      
      3344      1.430e-01      
      3345      4.121e-01      
      3346      9.367e-01      
      3347      1.678e+00      
      3348      2.365e+00      
      3349      2.622e+00      
      3350      2.286e+00      
      3351      1.568e+00      
      3352      8.475e-01      
      3353      3.637e-01      
      3354      1.263e-01      
      3549      1.090e-01      
      3550      3.293e-01      
      3551      7.826e-01      
      3552      1.465e+00      
      3553      2.166e+00      
      3554      2.544e+00      
      3555      2.396e+00      
      3556      1.841e+00      
      3557      1.189e+00      
      3558      6.738e-01      
      3559      3.511e-01      
      3560      1.734e-01      


3624   1.734e-01