0.0      1.000e-01      
      1      1.000e-01      
      331      1.590e-01      
      332      3.146e-01      
      333      4.961e-01      
      334      6.293e-01      
      336      5.681e-01      
      337      4.351e-01      
      338      3.138e-01      
      339      2.295e-01      
      340      1.781e-01      
      357      1.685e-01      
      358      3.548e-01      
      359      6.758e-01      
      360      1.113e+00      
      361      1.575e+00      
      362      1.932e+00      
      363      2.080e+00      
      364      1.998e+00      
      365      1.735e+00      
      366      1.385e+00      
      367      1.038e+00      
      368      7.563e-01      
      369      5.574e-01      
      370      4.273e-01      
      371      3.418e-01      
      372      2.821e-01      
      374      2.028e-01      
      375      1.757e-01      
      1060      2.216e-01      
      1061      4.882e-01      
      1062      9.867e-01      
      1063      1.801e+00      
      1064      2.923e+00      
      1065      4.181e+00      
      1066      5.259e+00      
      1067      5.830e+00      
      1068      5.720e+00      
      1069      5.001e+00      
      1070      3.956e+00      
      1071      2.910e+00      
      1072      2.076e+00      
      1073      1.510e+00      
      1074      1.164e+00      
      1075      9.590e-01      
      1076      8.235e-01      
      1077      7.094e-01      
      1078      5.989e-01      
      1079      4.955e-01      
      1080      4.077e-01      
      1081      3.384e-01      
      1083      2.437e-01      
      1084      2.111e-01      
      1089      1.181e-01      
      1090      1.069e-01      
      1196      1.000e-01      
      1197      3.613e-01      
      1198      1.254e+00      
      1199      3.668e+00      
      1200      8.929e+00      
      1201      1.812e+01      
      1202      3.080e+01      
      1203      4.403e+01      
      1204      5.323e+01      
      1205      5.503e+01      
      1206      4.958e+01      
      1207      4.011e+01      
      1208      3.028e+01      
      1209      2.216e+01      
      1210      1.610e+01      
      1211      1.170e+01      
      1212      8.496e+00      
      1213      6.148e+00      
      1214      4.447e+00      
      1215      3.228e+00      
      1216      2.364e+00      
      1217      1.757e+00      
      1218      1.335e+00      
      1219      1.042e+00      
      1220      8.408e-01      
      1221      7.063e-01      
      1222      6.219e-01      
      1223      5.750e-01      
      1231      6.575e-01      
      1232      6.934e-01      
      1234      7.695e-01      
      1235      8.008e-01      
      1240      8.932e-01      
      1241      9.024e-01      
      1247      9.819e-01      
      1248      1.021e+00      
      1250      1.108e+00      
      1251      1.145e+00      
      1254      1.230e+00      
      1255      1.259e+00      
      1260      1.351e+00      
      1261      1.361e+00      
      1292      1.263e+00      
      1293      1.223e+00      
      1313      1.161e+00      
      1314      1.122e+00      
      1316      1.039e+00      
      1317      1.009e+00      
      1325      1.101e+00      
      1326      1.111e+00      
      1340      1.034e+00      
      1341      1.007e+00      
      1349      1.090e+00      
      1350      1.109e+00      
      1363      1.022e+00      
      1364      9.988e-01      
      1375      1.078e+00      
      1376      1.100e+00      
      1387      1.024e+00      
      1388      9.862e-01      
      1410      9.219e-01      
      1411      8.663e-01      
      1412      8.109e-01      
      1413      7.637e-01      
      1433      6.814e-01      
      1434      6.554e-01      
      1461      5.648e-01      
      1462      5.526e-01      
      1475      6.505e-01      
      1476      6.719e-01      
      1484      5.851e-01      
      1485      5.702e-01      
      1556      4.710e-01      
      1557      4.542e-01      
      1625      3.555e-01      
      1626      3.310e-01      
      1652      2.333e-01      
      1653      2.253e-01      
      1744      1.275e-01      
      1745      1.252e-01      
      2091      1.729e-01      
      2092      4.251e-01      
      2093      8.521e-01      
      2094      1.382e+00      
      2095      1.830e+00      
      2096      2.013e+00      
      2097      1.891e+00      
      2098      1.577e+00      
      2099      1.223e+00      
      2100      9.261e-01      
      2101      7.093e-01      
      2102      5.582e-01      
      2103      4.513e-01      
      2104      3.725e-01      
      2105      3.123e-01      
      2107      2.274e-01      
      2108      1.972e-01      
      2184      1.241e-01      
      2185      3.640e-01      
      2186      8.952e-01      
      2187      1.802e+00      
      2188      2.964e+00      
      2189      4.015e+00      
      2190      4.539e+00      
      2191      4.373e+00      
      2192      3.701e+00      
      2193      2.856e+00      
      2194      2.092e+00      
      2195      1.505e+00      
      2196      1.094e+00      
      2197      8.209e-01      
      2198      6.476e-01      
      2199      5.394e-01      
      2200      4.671e-01      
      2201      4.078e-01      
      2202      3.490e-01      
      2203      2.908e-01      
      2205      2.004e-01      
      2206      1.717e-01      
      3324      1.742e-01      
      3325      3.683e-01      
      3326      6.264e-01      
      3327      8.650e-01      
      3328      9.849e-01      
      3329      9.488e-01      
      3330      8.059e-01      
      3331      6.396e-01      
      3332      5.035e-01      
      3333      4.072e-01      
      3334      3.389e-01      
      3336      2.458e-01      
      3337      2.121e-01      
      3341      1.256e-01      
      3342      1.116e-01      


3624   1.116e-01