0.0      1.000e-01      
      1      1.000e-01      
      36      1.844e-01      
      37      2.170e-01      
      39      1.570e-01      
      40      1.007e-01      
      358      1.282e-01      
      359      4.092e-01      
      360      1.042e+00      
      361      2.140e+00      
      362      3.587e+00      
      363      4.980e+00      
      364      5.807e+00      
      365      5.748e+00      
      366      4.858e+00      
      367      3.513e+00      
      368      2.179e+00      
      369      1.166e+00      
      370      5.467e-01      
      371      2.320e-01      
      372      1.000e-01      
      419      1.237e-01      
      420      2.070e-01      
      421      3.502e-01      
      422      5.052e-01      
      425      4.214e-01      
      426      2.725e-01      
      427      1.631e-01      
      448      2.183e-01      
      449      2.939e-01      
      450      4.166e-01      
      451      5.512e-01      
      454      4.547e-01      
      455      3.071e-01      
      456      1.970e-01      
      1064      1.872e-01      
      1065      3.276e-01      
      1066      5.088e-01      
      1067      7.020e-01      
      1068      8.612e-01      
      1070      8.916e-01      
      1071      7.379e-01      
      1072      5.269e-01      
      1073      3.252e-01      
      1074      1.767e-01      
      1205      1.917e-01      
      1206      4.283e-01      
      1207      7.731e-01      
      1208      1.132e+00      
      1209      1.349e+00      
      1210      1.310e+00      
      1211      1.043e+00      
      1212      6.857e-01      
      1213      3.816e-01      
      1214      1.904e-01      
      1527      1.614e-01      
      1528      3.232e-01      
      1529      5.533e-01      
      1530      7.854e-01      
      1531      9.060e-01      
      1532      8.421e-01      
      1533      6.319e-01      
      1534      3.876e-01      
      1535      2.004e-01      
      1536      1.000e-01      
      1570      1.520e-01      
      1571      2.910e-01      
      1572      4.377e-01      
      1575      3.696e-01      
      1576      2.293e-01      
      1577      1.221e-01      
      1984      1.860e-01      
      1985      2.613e-01      
      1988      1.977e-01      
      1989      1.235e-01      
      2094      2.226e-01      
      2095      4.384e-01      
      2096      6.833e-01      
      2097      8.477e-01      
      2098      8.434e-01      
      2099      6.805e-01      
      2100      4.526e-01      
      2101      2.546e-01      
      2102      1.266e-01      
      2194      1.613e-01      
      2195      3.810e-01      
      2196      7.496e-01      
      2197      1.254e+00      
      2198      1.825e+00      
      2199      2.352e+00      
      2200      2.699e+00      
      2201      2.729e+00      
      2202      2.385e+00      
      2203      1.768e+00      
      2204      1.100e+00      
      2205      5.768e-01      
      2206      2.611e-01      
      2207      1.094e-01      
      2395      1.020e-01      
      2396      2.235e-01      
      2397      3.914e-01      
      2398      5.504e-01      
      2400      5.806e-01      
      2401      4.471e-01      
      2402      2.927e-01      
      2403      1.687e-01      
      2562      2.286e-01      
      2563      5.640e-01      
      2564      1.125e+00      
      2565      1.825e+00      
      2566      2.425e+00      
      2567      2.662e+00      
      2568      2.442e+00      
      2569      1.893e+00      
      2570      1.251e+00      
      2571      7.114e-01      
      2572      3.530e-01      
      2573      1.582e-01      
      2772      2.406e-01      
      2773      3.397e-01      
      2776      2.563e-01      
      2777      1.573e-01      


3624   1.573e-01