0.0      1.000e-01      
      1      1.000e-01      
      370      1.689e-01      
      371      2.028e-01      
      374      1.126e-01      
      375      1.000e-01      
      414      1.410e-01      
      415      2.322e-01      
      416      3.190e-01      
      417      3.629e-01      
      419      2.790e-01      
      420      2.036e-01      
      424      2.890e-01      
      425      4.931e-01      
      426      7.599e-01      
      427      1.017e+00      
      428      1.177e+00      
      430      1.083e+00      
      431      9.126e-01      
      432      7.419e-01      
      433      6.036e-01      
      434      5.023e-01      
      435      4.301e-01      
      436      3.778e-01      
      439      2.844e-01      
      440      2.638e-01      
      446      1.744e-01      
      447      1.624e-01      
      1068      1.644e-01      
      1069      3.444e-01      
      1070      5.906e-01      
      1071      8.231e-01      
      1072      9.378e-01      
      1073      8.892e-01      
      1074      7.266e-01      
      1075      5.439e-01      
      1076      4.055e-01      
      1077      3.228e-01      
      1078      2.782e-01      
      1083      1.904e-01      
      1084      1.772e-01      
      1206      1.140e-01      
      1207      2.870e-01      
      1208      6.076e-01      
      1209      1.069e+00      
      1210      1.580e+00      
      1211      2.009e+00      
      1212      2.264e+00      
      1214      2.265e+00      
      1215      2.105e+00      
      1216      1.892e+00      
      1217      1.653e+00      
      1218      1.414e+00      
      1219      1.193e+00      
      1220      1.004e+00      
      1221      8.500e-01      
      1222      7.285e-01      
      1223      6.336e-01      
      1224      5.597e-01      
      1225      5.018e-01      
      1226      4.556e-01      
      1229      3.567e-01      
      1230      3.311e-01      
      1235      2.388e-01      
      1236      2.248e-01      
      1245      1.272e-01      
      1246      1.204e-01      
      2197      1.590e-01      
      2198      3.351e-01      
      2199      6.093e-01      
      2200      9.513e-01      
      2201      1.281e+00      
      2202      1.504e+00      
      2204      1.454e+00      
      2205      1.256e+00      
      2206      1.041e+00      
      2207      8.590e-01      
      2208      7.246e-01      
      2209      6.304e-01      
      2210      5.626e-01      
      2212      4.673e-01      
      2213      4.302e-01      
      2216      3.432e-01      
      2217      3.201e-01      
      2222      2.295e-01      
      2223      2.154e-01      
      2232      1.165e-01      
      2233      1.089e-01      
      2410      1.387e-01      
      2411      2.148e-01      
      2412      3.390e-01      
      2413      5.371e-01      
      2414      8.118e-01      
      2415      1.114e+00      
      2416      1.358e+00      
      2417      1.473e+00      
      2418      1.448e+00      
      2419      1.324e+00      
      2420      1.154e+00      
      2421      9.815e-01      
      2422      8.300e-01      
      2423      7.094e-01      
      2424      6.185e-01      
      2425      5.508e-01      
      2427      4.585e-01      
      2428      4.244e-01      
      2431      3.440e-01      
      2432      3.221e-01      
      2438      2.276e-01      
      2439      2.164e-01      
      2454      1.164e-01      
      2455      1.141e-01      
      2568      1.735e-01      
      2569      2.148e-01      
      2635      1.160e-01      
      2636      1.140e-01      
      2949      1.561e-01      
      2950      2.855e-01      
      2951      4.305e-01      
      2952      5.277e-01      
      2953      5.308e-01      
      2954      4.515e-01      
      2955      3.437e-01      
      2956      2.546e-01      
      2957      1.993e-01      
      3398      2.177e-01      
      3399      3.407e-01      
      3400      4.573e-01      
      3404      3.883e-01      
      3405      3.156e-01      
      3407      2.299e-01      
      3408      2.079e-01      
      3416      1.104e-01      
      3417      1.012e-01      
      3552      1.076e-01      
      3553      2.237e-01      
      3554      3.913e-01      
      3555      5.721e-01      
      3556      7.071e-01      
      3559      6.411e-01      
      3560      5.555e-01      
      3561      4.845e-01      
      3562      4.312e-01      
      3564      3.585e-01      
      3565      3.311e-01      
      3570      2.333e-01      
      3571      2.184e-01      
      3579      1.202e-01      
      3580      1.104e-01      


3624   1.104e-01