0.0      1.000e-01      
      1      1.000e-01      
      364      1.278e-01      
      365      3.172e-01      
      366      6.222e-01      
      367      9.689e-01      
      368      1.208e+00      
      369      1.222e+00      
      370      1.024e+00      
      371      7.349e-01      
      372      4.743e-01      
      373      2.924e-01      
      374      1.823e-01      
      391      2.777e-01      
      392      2.930e-01      
      408      1.947e-01      
      409      1.872e-01      
      414      2.567e-01      
      415      2.982e-01      
      424      3.337e-01      
      425      4.082e-01      
      431      4.986e-01      
      432      5.196e-01      
      441      4.635e-01      
      442      4.151e-01      
      444      3.321e-01      
      445      2.998e-01      
      476      2.298e-01      
      477      1.860e-01      
      1068      1.652e-01      
      1069      3.583e-01      
      1070      6.314e-01      
      1071      9.028e-01      
      1072      1.051e+00      
      1073      1.009e+00      
      1074      8.165e-01      
      1075      5.822e-01      
      1076      3.938e-01      
      1077      2.792e-01      
      1100      1.981e-01      
      1101      1.770e-01      
      1209      2.442e-01      
      1210      3.649e-01      
      1211      4.731e-01      
      1215      4.554e-01      
      1216      3.716e-01      
      1217      2.937e-01      
      1218      2.334e-01      
      1229      3.131e-01      
      1230      3.571e-01      
      1232      4.389e-01      
      1233      4.736e-01      
      1236      5.559e-01      
      1237      5.781e-01      
      1251      4.862e-01      
      1252      4.634e-01      
      1258      3.674e-01      
      1259      3.481e-01      
      1264      2.627e-01      
      1265      2.477e-01      
      1304      1.487e-01      
      1305      1.456e-01      
      1985      2.325e-01      
      1986      4.707e-01      
      1987      7.619e-01      
      1988      9.953e-01      
      1990      9.552e-01      
      1991      7.419e-01      
      1992      5.223e-01      
      1993      3.513e-01      
      1994      2.357e-01      
      1995      1.614e-01      
      1996      1.133e-01      
      2096      1.443e-01      
      2097      2.944e-01      
      2098      4.876e-01      
      2099      6.641e-01      
      2102      6.138e-01      
      2103      4.603e-01      
      2104      3.215e-01      
      2105      2.218e-01      
      2106      1.612e-01      
      2196      1.606e-01      
      2197      4.143e-01      
      2198      9.568e-01      
      2199      1.883e+00      
      2200      3.116e+00      
      2201      4.339e+00      
      2202      5.108e+00      
      2203      5.121e+00      
      2204      4.412e+00      
      2205      3.315e+00      
      2206      2.230e+00      
      2207      1.406e+00      
      2208      8.904e-01      
      2209      6.139e-01      
      2210      4.865e-01      
      2215      5.419e-01      
      2216      5.869e-01      
      2218      6.811e-01      
      2219      7.329e-01      
      2220      7.907e-01      
      2221      8.552e-01      
      2222      9.240e-01      
      2223      9.919e-01      
      2224      1.052e+00      
      2225      1.101e+00      
      2227      1.173e+00      
      2228      1.208e+00      
      2230      1.283e+00      
      2231      1.315e+00      
      2235      1.220e+00      
      2236      1.126e+00      
      2237      1.019e+00      
      2238      9.144e-01      
      2239      8.247e-01      
      2240      7.561e-01      
      2242      6.746e-01      
      2243      6.475e-01      
      2246      5.496e-01      
      2247      5.077e-01      
      2249      4.214e-01      
      2250      3.831e-01      
      2264      2.879e-01      
      2265      2.789e-01      
      2276      1.839e-01      
      2277      1.736e-01      
      2408      2.139e-01      
      2409      2.739e-01      
      2410      3.618e-01      
      2411      4.666e-01      
      2412      5.562e-01      
      2413      6.000e-01      
      2415      5.487e-01      
      2416      4.963e-01      
      2418      4.165e-01      
      2419      3.929e-01      
      2434      3.019e-01      
      2435      2.836e-01      
      2440      2.006e-01      
      2441      1.813e-01      
      3342      1.121e-01      
      3343      3.258e-01      
      3344      7.559e-01      
      3345      1.402e+00      
      3346      2.089e+00      
      3347      2.512e+00      
      3348      2.464e+00      
      3349      2.002e+00      
      3350      1.384e+00      
      3351      8.472e-01      
      3352      4.868e-01      
      3353      2.804e-01      
      3354      1.705e-01      


3624   1.705e-01