0.0      1.000e-01      
      1      1.000e-01      
      423      1.184e-01      
      424      2.422e-01      
      425      4.062e-01      
      426      5.617e-01      
      429      5.196e-01      
      430      3.631e-01      
      431      2.156e-01      
      432      1.098e-01      
      1209      1.766e-01      
      1210      2.855e-01      
      1211      3.763e-01      
      1212      4.126e-01      
      1214      3.133e-01      
      1215      2.256e-01      
      1216      1.448e-01      
      1217      1.000e-01      
      1606      1.483e-01      
      1607      2.002e-01      
      1610      1.296e-01      
      1611      1.000e-01      
      1995      1.750e-01      
      1996      2.012e-01      
      1999      1.261e-01      
      2000      1.000e-01      
      2097      1.564e-01      
      2098      3.038e-01      
      2099      4.671e-01      
      2100      5.735e-01      
      2101      5.705e-01      
      2102      4.712e-01      
      2103      3.343e-01      
      2104      2.118e-01      
      2105      1.231e-01      
      2106      1.000e-01      
      2196      1.000e-01      
      2197      3.098e-01      
      2198      9.510e-01      
      2199      2.381e+00      
      2200      4.815e+00      
      2201      7.831e+00      
      2202      1.022e+01      
      2203      1.072e+01      
      2204      9.033e+00      
      2205      6.146e+00      
      2206      3.395e+00      
      2207      1.538e+00      
      2208      5.834e-01      
      2209      1.933e-01      
      2407      2.263e-01      
      2408      4.725e-01      
      2409      8.227e-01      
      2410      1.193e+00      
      2411      1.458e+00      
      2413      1.467e+00      
      2414      1.297e+00      
      2415      1.084e+00      
      2416      8.624e-01      
      2417      6.585e-01      
      2418      4.871e-01      
      2419      3.455e-01      
      2420      2.264e-01      
      2421      1.318e-01      
      2422      1.000e-01      
      2568      1.736e-01      
      2569      3.423e-01      
      2570      5.356e-01      
      2571      6.669e-01      
      2572      6.632e-01      
      2573      5.293e-01      
      2574      3.415e-01      
      2575      1.804e-01      
      3141      2.711e-01      
      3142      4.976e-01      
      3143      7.578e-01      
      3144      9.715e-01      
      3146      9.931e-01      
      3147      8.051e-01      
      3148      5.830e-01      
      3149      4.060e-01      
      3150      2.961e-01      
      3151      2.260e-01      
      3152      1.648e-01      
      3344      1.219e-01      
      3345      3.159e-01      
      3346      6.495e-01      
      3347      1.064e+00      
      3348      1.394e+00      
      3349      1.470e+00      
      3350      1.257e+00      
      3351      8.790e-01      
      3352      5.100e-01      
      3353      2.514e-01      
      3354      1.098e-01      
      3394      2.001e-01      
      3395      3.406e-01      
      3396      4.820e-01      
      3400      4.284e-01      
      3401      3.269e-01      
      3402      2.281e-01      
      3403      1.411e-01      
      3548      1.000e-01      
      3549      3.545e-01      
      3550      1.104e+00      
      3551      2.766e+00      
      3552      5.569e+00      
      3553      9.034e+00      
      3554      1.187e+01      
      3555      1.272e+01      
      3556      1.125e+01      
      3557      8.348e+00      
      3558      5.318e+00      
      3559      2.986e+00      
      3560      1.514e+00      
      3561      7.014e-01      
      3562      2.974e-01      
      3563      1.156e-01      


3624   1.156e-01