0.0      1.000e-01      
      1      1.000e-01      
      411      1.616e-01      
      412      3.104e-01      
      413      4.813e-01      
      414      6.068e-01      
      416      5.448e-01      
      417      4.051e-01      
      418      2.698e-01      
      419      1.749e-01      
      420      1.339e-01      
      421      1.560e-01      
      422      2.519e-01      
      423      4.143e-01      
      424      5.939e-01      
      425      7.106e-01      
      426      7.069e-01      
      427      5.920e-01      
      428      4.283e-01      
      429      2.786e-01      
      430      1.720e-01      
      1070      2.414e-01      
      1071      2.993e-01      
      1074      2.240e-01      
      1075      1.604e-01      
      1209      2.478e-01      
      1210      3.523e-01      
      1211      4.299e-01      
      1212      4.580e-01      
      1214      3.655e-01      
      1215      2.801e-01      
      1216      1.979e-01      
      1217      1.328e-01      
      2197      1.262e-01      
      2198      2.644e-01      
      2199      4.688e-01      
      2200      7.091e-01      
      2201      9.165e-01      
      2203      9.459e-01      
      2204      7.583e-01      
      2205      5.292e-01      
      2206      3.329e-01      
      2207      1.988e-01      
      2409      2.882e-01      
      2410      3.921e-01      
      2411      5.658e-01      
      2412      8.560e-01      
      2413      1.231e+00      
      2414      1.560e+00      
      2415      1.700e+00      
      2416      1.601e+00      
      2417      1.325e+00      
      2418      9.855e-01      
      2419      6.709e-01      
      2420      4.267e-01      
      2421      2.608e-01      
      2422      1.589e-01      
      2948      1.773e-01      
      2949      2.952e-01      
      2950      3.977e-01      
      2953      3.184e-01      
      2954      2.233e-01      
      2955      1.468e-01      
      2956      1.000e-01      
      3141      1.827e-01      
      3142      3.509e-01      
      3143      5.516e-01      
      3144      7.091e-01      
      3147      6.310e-01      
      3148      5.689e-01      
      3149      5.225e-01      
      3150      4.590e-01      
      3151      3.659e-01      
      3152      2.618e-01      
      3153      1.728e-01      
      3154      1.107e-01      
      3345      1.573e-01      
      3346      2.556e-01      
      3347      3.467e-01      
      3348      3.945e-01      
      3350      3.144e-01      
      3351      2.304e-01      
      3352      1.559e-01      
      3353      1.023e-01      


3624   1.023e-01