0.0      1.000e-01      
      1      1.000e-01      
      364      1.342e-01      
      365      2.399e-01      
      366      3.458e-01      
      369      3.110e-01      
      370      2.195e-01      
      371      1.455e-01      
      372      1.000e-01      
      415      1.559e-01      
      416      2.862e-01      
      417      4.189e-01      
      420      3.805e-01      
      421      2.718e-01      
      422      1.861e-01      
      423      1.320e-01      
      1065      1.449e-01      
      1066      2.604e-01      
      1067      3.834e-01      
      1071      3.265e-01      
      1072      2.312e-01      
      1073      1.579e-01      
      1074      1.098e-01      
      2199      1.251e-01      
      2200      2.394e-01      
      2201      3.655e-01      
      2205      2.804e-01      
      2206      1.944e-01      
      2403      2.206e-01      
      2404      3.256e-01      
      2407      2.677e-01      
      2408      1.915e-01      


3624   1.915e-01