0.0      1.000e-01      
      1      1.000e-01      
      360      1.738e-01      
      361      3.858e-01      
      362      7.488e-01      
      363      1.198e+00      
      364      1.555e+00      
      365      1.639e+00      
      366      1.415e+00      
      367      1.018e+00      
      368      6.281e-01      
      369      3.498e-01      
      370      1.904e-01      
      1067      2.379e-01      
      1068      3.502e-01      
      1072      2.751e-01      
      1073      1.888e-01      
      2093      2.111e-01      
      2094      4.912e-01      
      2095      9.592e-01      
      2096      1.517e+00      
      2097      1.932e+00      
      2098      1.987e+00      
      2099      1.667e+00      
      2100      1.160e+00      
      2101      6.905e-01      
      2102      3.697e-01      
      2103      1.934e-01      
      2558      1.316e-01      
      2559      3.313e-01      
      2560      7.688e-01      
      2561      1.480e+00      
      2562      2.297e+00      
      2563      2.866e+00      
      2564      2.897e+00      
      2565      2.407e+00      
      2566      1.681e+00      
      2567      1.020e+00      
      2568      5.649e-01      
      2569      3.047e-01      
      2570      1.727e-01      
      2667      2.529e-01      
      2668      3.063e-01      
      2670      2.662e-01      
      2671      2.018e-01      
      2673      1.038e-01      
      2674      1.000e-01      
      3534      1.775e-01      
      3535      3.940e-01      
      3536      7.361e-01      
      3537      1.110e+00      
      3538      1.340e+00      
      3539      1.299e+00      
      3540      1.025e+00      
      3541      6.739e-01      
      3542      3.858e-01      
      3543      2.070e-01      
      3544      1.150e-01      
      3545      1.000e-01      


3624   1.000e-01