0.0      1.000e-01      
      1      1.000e-01      
      415      1.814e-01      
      416      2.619e-01      
      419      1.877e-01      
      420      1.051e-01      
      436      2.040e-01      
      437      2.271e-01      
      445      1.350e-01      
      446      1.271e-01      
      1070      1.555e-01      
      1071      2.296e-01      
      1074      1.724e-01      
      1075      1.000e-01      
      1211      1.935e-01      
      1212      2.680e-01      
      1216      2.476e-01      
      1217      1.621e-01      
      1249      2.613e-01      
      1250      2.692e-01      
      1268      1.719e-01      
      1269      1.533e-01      
      2199      2.235e-01      
      2200      2.582e-01      
      2202      1.994e-01      
      2203      1.430e-01      
      3396      1.006e-01      
      3397      2.581e-01      
      3398      5.358e-01      
      3399      8.969e-01      
      3400      1.205e+00      
      3402      1.112e+00      
      3403      7.605e-01      
      3404      4.148e-01      
      3405      1.810e-01      


3624   1.810e-01