0.0      1.000e-01      
      1      1.000e-01      
      36      1.225e-01      
      37      2.108e-01      
      38      3.072e-01      
      39      3.657e-01      
      41      2.816e-01      
      42      1.910e-01      
      414      2.561e-01      
      415      4.523e-01      
      416      6.531e-01      
      417      7.663e-01      
      418      7.367e-01      
      419      5.962e-01      
      420      4.315e-01      
      421      3.134e-01      
      425      3.536e-01      
      426      4.252e-01      
      427      4.997e-01      
      428      5.555e-01      
      432      4.716e-01      
      433      4.519e-01      
      437      5.240e-01      
      438      5.599e-01      
      440      6.337e-01      
      441      6.741e-01      
      443      7.713e-01      
      444      8.259e-01      
      445      8.840e-01      
      446      9.459e-01      
      447      1.006e+00      
      448      1.053e+00      
      454      9.576e-01      
      455      9.353e-01      
      468      8.464e-01      
      469      8.213e-01      
      476      7.268e-01      
      477      7.136e-01      
      503      6.241e-01      
      504      6.102e-01      
      528      5.136e-01      
      529      5.084e-01      
      542      4.128e-01      
      543      4.056e-01      
      555      3.083e-01      
      556      3.041e-01      
      598      2.148e-01      
      599      2.021e-01      
      669      1.038e-01      
      670      1.019e-01      
      1068      1.100e-01      
      1069      2.315e-01      
      1070      4.313e-01      
      1071      6.643e-01      
      1072      8.303e-01      
      1073      8.423e-01      
      1074      7.000e-01      
      1075      4.856e-01      
      1076      2.911e-01      
      1077      1.607e-01      
      1211      2.215e-01      
      1212      2.963e-01      
      1213      3.671e-01      
      1214      4.164e-01      
      1216      3.789e-01      
      1217      3.009e-01      
      1218      2.180e-01      
      1219      1.520e-01      
      1237      2.439e-01      
      1238      2.699e-01      
      1260      1.721e-01      
      1261      1.579e-01      
      1992      2.336e-01      
      1993      4.064e-01      
      1994      5.735e-01      
      1996      5.896e-01      
      1997      4.345e-01      
      1998      2.668e-01      
      1999      1.448e-01      
      2194      1.006e-01      
      2195      2.541e-01      
      2196      5.716e-01      
      2197      1.079e+00      
      2198      1.682e+00      
      2199      2.162e+00      
      2200      2.304e+00      
      2201      2.065e+00      
      2202      1.606e+00      
      2203      1.134e+00      
      2204      7.608e-01      
      2205      4.924e-01      
      2206      3.021e-01      
      2207      1.739e-01      
      2416      2.116e-01      
      2417      2.827e-01      
      2418      3.515e-01      
      2419      3.893e-01      
      2421      3.233e-01      
      2422      2.456e-01      
      2423      1.719e-01      
      2424      1.187e-01      
      2565      1.910e-01      
      2566      2.508e-01      
      2567      3.318e-01      
      2568      4.044e-01      
      2571      3.420e-01      
      2572      2.729e-01      
      2608      1.755e-01      
      2609      1.702e-01      
      3397      1.935e-01      
      3398      4.034e-01      
      3399      6.996e-01      
      3400      9.891e-01      
      3401      1.136e+00      
      3402      1.062e+00      
      3403      8.158e-01      
      3404      5.240e-01      
      3405      2.914e-01      
      3406      1.499e-01      
      3551      1.335e-01      
      3552      3.278e-01      
      3553      7.414e-01      
      3554      1.395e+00      
      3555      2.120e+00      
      3556      2.585e+00      
      3557      2.535e+00      
      3558      2.014e+00      
      3559      1.312e+00      
      3560      7.190e-01      
      3561      3.486e-01      
      3562      1.661e-01      
      3601      2.624e-01      
      3602      2.701e-01      
      3619      1.759e-01      
      3620      1.563e-01      


3624   1.563e-01