0.0      1.000e-01      
      1      1.000e-01      
      2405      1.502e-01      
      2406      2.345e-01      
      2407      3.285e-01      
      2408      4.120e-01      
      2409      4.748e-01      
      2410      5.421e-01      
      2411      6.722e-01      
      2412      9.108e-01      
      2413      1.235e+00      
      2414      1.546e+00      
      2415      1.730e+00      
      2416      1.734e+00      
      2417      1.586e+00      
      2418      1.350e+00      
      2419      1.089e+00      
      2420      8.459e-01      
      2421      6.420e-01      
      2422      4.835e-01      
      2423      3.660e-01      
      2424      2.810e-01      
      2425      2.199e-01      
      2427      1.426e-01      
      2428      1.186e-01      
      2449      2.113e-01      
      2450      2.366e-01      
      2453      3.206e-01      
      2454      3.472e-01      
      2471      4.297e-01      
      2472      4.478e-01      
      2511      3.574e-01      
      2512      3.387e-01      
      2517      2.418e-01      
      2518      2.352e-01      
      2565      2.428e-01      
      2566      3.365e-01      
      2567      5.202e-01      
      2568      8.094e-01      
      2569      1.174e+00      
      2570      1.532e+00      
      2571      1.785e+00      
      2573      1.784e+00      
      2574      1.578e+00      
      2575      1.320e+00      
      2576      1.069e+00      
      2577      8.612e-01      
      2578      7.069e-01      
      2579      6.007e-01      
      2580      5.310e-01      
      2581      4.860e-01      
      2601      3.881e-01      
      2602      3.798e-01      
      2610      2.942e-01      
      2611      2.789e-01      
      2634      1.880e-01      
      2635      1.758e-01      
      2857      2.301e-01      
      2858      2.905e-01      
      2864      2.075e-01      
      2865      1.736e-01      


3624   1.736e-01