0.0      1.000e-01      
      1      1.000e-01      
      34      1.551e-01      
      35      2.693e-01      
      36      3.906e-01      
      39      3.423e-01      
      40      2.274e-01      
      41      1.375e-01      
      42      1.000e-01      
      358      1.000e-01      
      359      2.347e-01      
      360      5.748e-01      
      361      1.264e+00      
      362      2.398e+00      
      363      3.890e+00      
      364      5.374e+00      
      365      6.299e+00      
      366      6.257e+00      
      367      5.284e+00      
      368      3.842e+00      
      369      2.469e+00      
      370      1.472e+00      
      371      8.815e-01      
      372      5.801e-01      
      373      4.390e-01      
      374      3.725e-01      
      375      3.386e-01      
      396      4.331e-01      
      397      4.490e-01      
      405      5.303e-01      
      406      5.622e-01      
      408      6.481e-01      
      409      6.892e-01      
      412      7.780e-01      
      413      8.386e-01      
      414      9.196e-01      
      415      9.977e-01      
      427      9.330e-01      
      428      8.721e-01      
      432      7.831e-01      
      433      7.688e-01      
      436      6.876e-01      
      437      6.672e-01      
      446      7.485e-01      
      447      7.836e-01      
      451      8.828e-01      
      452      9.159e-01      
      455      8.608e-01      
      456      8.084e-01      
      459      7.091e-01      
      460      6.976e-01      
      475      6.050e-01      
      476      5.945e-01      
      514      4.979e-01      
      515      4.916e-01      
      540      3.930e-01      
      541      3.883e-01      
      569      2.897e-01      
      570      2.853e-01      
      689      1.907e-01      
      690      1.850e-01      
      1065      2.680e-01      
      1066      4.043e-01      
      1067      5.660e-01      
      1068      7.256e-01      
      1069      8.407e-01      
      1071      7.998e-01      
      1072      6.567e-01      
      1073      4.940e-01      
      1074      3.582e-01      
      1075      2.685e-01      
      1076      2.200e-01      
      1186      1.200e-01      
      1187      1.199e-01      
      1204      1.974e-01      
      1205      3.578e-01      
      1206      6.530e-01      
      1207      1.066e+00      
      1208      1.485e+00      
      1209      1.751e+00      
      1210      1.758e+00      
      1211      1.531e+00      
      1212      1.197e+00      
      1213      8.851e-01      
      1214      6.576e-01      
      1215      5.129e-01      
      1216      4.252e-01      
      1217      3.722e-01      
      1290      2.747e-01      
      1291      2.642e-01      
      1391      1.643e-01      
      1392      1.580e-01      
      1528      2.271e-01      
      1529      3.043e-01      
      1530      3.816e-01      
      1531      4.265e-01      
      1533      3.542e-01      
      1534      2.762e-01      
      1535      2.115e-01      
      1536      1.713e-01      
      1569      2.217e-01      
      1570      3.489e-01      
      1571      5.458e-01      
      1572      7.540e-01      
      1573      8.704e-01      
      1574      8.282e-01      
      1575      6.594e-01      
      1576      4.602e-01      
      1577      3.070e-01      
      1578      2.181e-01      
      1579      1.756e-01      
      1679      2.311e-01      
      1680      3.136e-01      
      1685      2.447e-01      
      1686      2.116e-01      
      1771      1.137e-01      
      1772      1.097e-01      
      1984      1.671e-01      
      1985      2.176e-01      
      1989      1.548e-01      
      1990      1.148e-01      
      2094      2.013e-01      
      2095      3.302e-01      
      2096      4.805e-01      
      2097      5.906e-01      
      2099      5.344e-01      
      2100      4.163e-01      
      2101      3.061e-01      
      2102      2.294e-01      
      2103      1.855e-01      
      2194      1.934e-01      
      2195      3.170e-01      
      2196      5.422e-01      
      2197      9.075e-01      
      2198      1.450e+00      
      2199      2.178e+00      
      2200      2.992e+00      
      2201      3.649e+00      
      2202      3.864e+00      
      2203      3.528e+00      
      2204      2.808e+00      
      2205      2.010e+00      
      2206      1.370e+00      
      2207      9.599e-01      
      2208      7.405e-01      
      2209      6.445e-01      
      2210      6.172e-01      
      2222      5.254e-01      
      2223      5.006e-01      
      2234      4.008e-01      
      2235      3.925e-01      
      2296      2.995e-01      
      2297      2.924e-01      
      2342      1.946e-01      
      2343      1.895e-01      
      2396      2.152e-01      
      2397      3.280e-01      
      2398      4.592e-01      
      2399      5.627e-01      
      2402      4.704e-01      
      2403      3.740e-01      
      2404      2.963e-01      
      2405      2.474e-01      
      2512      1.517e-01      
      2513      1.455e-01      
      2561      1.664e-01      
      2562      3.203e-01      
      2563      6.433e-01      
      2564      1.176e+00      
      2565      1.860e+00      
      2566      2.510e+00      
      2567      2.903e+00      
      2568      2.907e+00      
      2569      2.566e+00      
      2570      2.049e+00      
      2571      1.531e+00      
      2572      1.117e+00      
      2573      8.293e-01      
      2574      6.482e-01      
      2575      5.407e-01      
      2577      4.453e-01      
      2578      4.258e-01      
      2656      3.383e-01      
      2657      3.206e-01      
      2683      2.236e-01      
      2684      2.164e-01      
      2735      1.183e-01      
      2736      1.150e-01      
      2770      1.584e-01      
      2771      2.420e-01      
      2772      3.590e-01      
      2773      4.730e-01      
      2776      4.264e-01      
      2777      3.279e-01      
      2778      2.513e-01      
      2779      2.059e-01      
      2832      1.060e-01      
      2833      1.039e-01      
      2944      1.424e-01      
      2945      2.199e-01      
      2946      3.056e-01      
      2947      3.606e-01      
      2949      3.031e-01      
      2950      2.327e-01      
      2952      1.413e-01      
      2953      1.230e-01      
      3341      2.000e-01      
      3342      2.858e-01      
      3346      2.218e-01      
      3347      1.528e-01      
      3424      2.362e-01      
      3425      2.553e-01      
      3512      1.559e-01      
      3513      1.536e-01      


3624   1.536e-01