0.0      1.000e-01      
      1      1.000e-01      
      360      1.294e-01      
      361      2.807e-01      
      362      5.192e-01      
      363      7.894e-01      
      364      9.763e-01      
      365      9.819e-01      
      366      8.076e-01      
      367      5.514e-01      
      368      3.229e-01      
      369      1.731e-01      
      2198      2.445e-01      
      2199      3.026e-01      
      2204      2.178e-01      
      2205      1.502e-01      


3624   1.502e-01