0.0      1.000e-01      
      1      1.000e-01      
      34      1.872e-01      
      35      4.130e-01      
      36      7.673e-01      
      37      1.155e+00      
      38      1.399e+00      
      39      1.369e+00      
      40      1.095e+00      
      41      7.324e-01      
      42      4.264e-01      
      43      2.314e-01      
      44      1.293e-01      
      320      1.400e-01      
      321      2.555e-01      
      322      4.090e-01      
      323      5.661e-01      
      324      6.866e-01      
      326      7.014e-01      
      327      5.804e-01      
      328      4.151e-01      
      329      2.611e-01      
      330      1.533e-01      
      366      2.325e-01      
      367      5.815e-01      
      368      1.261e+00      
      369      2.251e+00      
      370      3.261e+00      
      371      3.850e+00      
      372      3.784e+00      
      373      3.233e+00      
      374      2.551e+00      
      375      1.954e+00      
      376      1.466e+00      
      377      1.065e+00      
      378      7.679e-01      
      379      5.858e-01      
      382      5.752e-01      
      383      7.149e-01      
      384      8.984e-01      
      385      1.087e+00      
      386      1.243e+00      
      387      1.350e+00      
      388      1.412e+00      
      389      1.455e+00      
      390      1.512e+00      
      391      1.601e+00      
      392      1.706e+00      
      393      1.792e+00      
      394      1.844e+00      
      395      1.884e+00      
      396      1.952e+00      
      397      2.061e+00      
      398      2.183e+00      
      399      2.280e+00      
      400      2.325e+00      
      405      2.378e+00      
      406      2.451e+00      
      409      2.507e+00      
      410      2.642e+00      
      411      3.022e+00      
      412      3.713e+00      
      413      4.600e+00      
      414      5.369e+00      
      415      5.678e+00      
      416      5.412e+00      
      417      4.780e+00      
      418      4.148e+00      
      419      3.786e+00      
      420      3.746e+00      
      421      3.955e+00      
      422      4.412e+00      
      423      5.261e+00      
      424      6.598e+00      
      425      8.180e+00      
      426      9.407e+00      
      427      9.706e+00      
      428      8.975e+00      
      429      7.624e+00      
      430      6.230e+00      
      431      5.172e+00      
      432      4.545e+00      
      433      4.262e+00      
      442      4.201e+00      
      443      4.108e+00      
      444      4.001e+00      
      445      3.891e+00      
      446      3.785e+00      
      447      3.682e+00      
      448      3.579e+00      
      449      3.475e+00      
      450      3.372e+00      
      451      3.276e+00      
      452      3.191e+00      
      453      3.117e+00      
      454      3.051e+00      
      455      2.990e+00      
      456      2.932e+00      
      458      2.838e+00      
      459      2.800e+00      
      461      2.722e+00      
      462      2.672e+00      
      463      2.614e+00      
      464      2.550e+00      
      465      2.482e+00      
      466      2.411e+00      
      467      2.334e+00      
      468      2.247e+00      
      469      2.151e+00      
      470      2.050e+00      
      471      1.947e+00      
      472      1.843e+00      
      473      1.732e+00      
      474      1.616e+00      
      475      1.501e+00      
      476      1.396e+00      
      477      1.309e+00      
      478      1.239e+00      
      479      1.182e+00      
      480      1.135e+00      
      482      1.058e+00      
      483      1.024e+00      
      485      9.518e-01      
      486      9.103e-01      
      488      8.281e-01      
      489      7.981e-01      
      497      7.135e-01      
      498      6.769e-01      
      500      6.015e-01      
      501      5.692e-01      
      504      4.738e-01      
      505      4.426e-01      
      519      3.463e-01      
      520      3.357e-01      
      534      2.364e-01      
      535      2.248e-01      
      569      1.262e-01      
      570      1.186e-01      
      849      1.504e-01      
      850      2.481e-01      
      851      3.490e-01      
      854      3.021e-01      
      855      2.121e-01      
      856      1.448e-01      
      857      1.059e-01      
      1066      1.154e-01      
      1067      3.251e-01      
      1068      8.472e-01      
      1069      1.840e+00      
      1070      3.232e+00      
      1071      4.553e+00      
      1072      5.142e+00      
      1073      4.670e+00      
      1074      3.439e+00      
      1075      2.089e+00      
      1076      1.085e+00      
      1077      5.180e-01      
      1078      2.570e-01      
      1079      1.509e-01      
      1205      1.996e-01      
      1206      5.858e-01      
      1207      1.501e+00      
      1208      3.200e+00      
      1209      5.669e+00      
      1210      8.442e+00      
      1211      1.076e+01      
      1212      1.198e+01      
      1213      1.186e+01      
      1214      1.060e+01      
      1215      8.651e+00      
      1216      6.542e+00      
      1217      4.690e+00      
      1218      3.306e+00      
      1219      2.400e+00      
      1220      1.872e+00      
      1221      1.600e+00      
      1222      1.495e+00      
      1224      1.593e+00      
      1225      1.730e+00      
      1226      1.886e+00      
      1227      2.042e+00      
      1228      2.195e+00      
      1229      2.350e+00      
      1230      2.511e+00      
      1231      2.672e+00      
      1232      2.823e+00      
      1233      2.948e+00      
      1234      3.040e+00      
      1235      3.097e+00      
      1242      3.024e+00      
      1243      2.972e+00      
      1244      2.902e+00      
      1245      2.820e+00      
      1246      2.738e+00      
      1247      2.663e+00      
      1248      2.602e+00      
      1249      2.550e+00      
      1250      2.500e+00      
      1251      2.444e+00      
      1252      2.374e+00      
      1253      2.296e+00      
      1254      2.215e+00      
      1255      2.139e+00      
      1256      2.071e+00      
      1257      2.012e+00      
      1258      1.956e+00      
      1259      1.898e+00      
      1260      1.835e+00      
      1261      1.766e+00      
      1262      1.696e+00      
      1263      1.626e+00      
      1264      1.556e+00      
      1265      1.483e+00      
      1266      1.404e+00      
      1267      1.318e+00      
      1268      1.230e+00      
      1269      1.145e+00      
      1270      1.071e+00      
      1271      1.012e+00      
      1273      9.323e-01      
      1274      9.011e-01      
      1276      8.352e-01      
      1277      7.965e-01      
      1279      6.986e-01      
      1280      6.404e-01      
      1281      5.837e-01      
      1282      5.363e-01      
      1288      4.442e-01      
      1289      4.278e-01      
      1293      3.354e-01      
      1294      3.173e-01      
      1311      2.284e-01      
      1312      2.155e-01      
      1339      1.157e-01      
      1340      1.078e-01      
      1362      1.717e-01      
      1363      2.120e-01      
      1364      2.759e-01      
      1365      3.461e-01      
      1369      2.731e-01      
      1370      2.216e-01      
      1388      1.324e-01      
      1389      1.196e-01      
      1509      2.056e-01      
      1510      2.345e-01      
      1518      1.371e-01      
      1519      1.288e-01      
      1606      2.157e-01      
      1607      3.002e-01      
      1611      2.071e-01      
      1612      1.477e-01      
      1985      1.324e-01      
      1986      3.093e-01      
      1987      6.591e-01      
      1988      1.207e+00      
      1989      1.865e+00      
      1990      2.420e+00      
      1991      2.633e+00      
      1992      2.404e+00      
      1993      1.851e+00      
      1994      1.218e+00      
      1995      7.019e-01      
      1996      3.742e-01      
      1997      2.031e-01      
      1998      1.248e-01      
      1999      1.000e-01      
      2094      1.289e-01      
      2095      3.241e-01      
      2096      7.552e-01      
      2097      1.463e+00      
      2098      2.290e+00      
      2099      2.886e+00      
      2100      2.950e+00      
      2101      2.481e+00      
      2102      1.752e+00      
      2103      1.073e+00      
      2104      5.965e-01      
      2105      3.219e-01      
      2106      1.840e-01      
      2195      2.030e-01      
      2196      4.576e-01      
      2197      9.298e-01      
      2198      1.667e+00      
      2199      2.681e+00      
      2200      3.930e+00      
      2201      5.202e+00      
      2202      6.051e+00      
      2203      6.009e+00      
      2204      5.006e+00      
      2205      3.486e+00      
      2206      2.058e+00      
      2207      1.076e+00      
      2208      5.526e-01      
      2209      3.338e-01      
      2214      3.866e-01      
      2215      4.350e-01      
      2216      4.854e-01      
      2217      5.380e-01      
      2218      5.932e-01      
      2219      6.506e-01      
      2220      7.076e-01      
      2221      7.591e-01      
      2228      8.578e-01      
      2229      8.620e-01      
      2242      7.731e-01      
      2243      7.554e-01      
      2246      6.673e-01      
      2247      6.198e-01      
      2248      5.613e-01      
      2249      4.941e-01      
      2250      4.242e-01      
      2251      3.597e-01      
      2253      2.683e-01      
      2254      2.426e-01      
      2273      1.502e-01      
      2274      1.366e-01      
      2400      2.292e-01      
      2401      3.257e-01      
      2404      4.021e-01      
      2405      5.342e-01      
      2406      9.310e-01      
      2407      1.650e+00      
      2408      2.556e+00      
      2409      3.329e+00      
      2410      3.692e+00      
      2412      3.618e+00      
      2413      3.830e+00      
      2414      4.297e+00      
      2415      4.725e+00      
      2416      4.816e+00      
      2417      4.464e+00      
      2418      3.749e+00      
      2419      2.853e+00      
      2420      1.987e+00      
      2421      1.311e+00      
      2422      8.892e-01      
      2423      6.919e-01      
      2426      7.862e-01      
      2427      8.928e-01      
      2428      1.002e+00      
      2429      1.105e+00      
      2430      1.202e+00      
      2431      1.295e+00      
      2432      1.384e+00      
      2433      1.465e+00      
      2434      1.531e+00      
      2435      1.579e+00      
      2452      1.497e+00      
      2453      1.472e+00      
      2456      1.388e+00      
      2457      1.357e+00      
      2459      1.279e+00      
      2460      1.232e+00      
      2461      1.182e+00      
      2462      1.127e+00      
      2463      1.067e+00      
      2464      1.001e+00      
      2465      9.336e-01      
      2466      8.685e-01      
      2467      8.093e-01      
      2468      7.587e-01      
      2480      6.604e-01      
      2481      6.451e-01      
      2486      5.621e-01      
      2487      5.349e-01      
      2489      4.636e-01      
      2490      4.209e-01      
      2492      3.334e-01      
      2493      2.951e-01      
      2504      2.030e-01      
      2505      1.940e-01      
      2566      1.596e-01      
      2567      3.506e-01      
      2568      7.539e-01      
      2569      1.396e+00      
      2570      2.138e+00      
      2571      2.681e+00      
      2572      2.763e+00      
      2573      2.365e+00      
      2574      1.717e+00      
      2575      1.099e+00      
      2576      6.647e-01      
      2577      4.212e-01      
      2578      3.061e-01      
      2586      3.361e-01      
      2587      4.166e-01      
      2588      5.384e-01      
      2589      6.698e-01      
      2593      5.963e-01      
      2594      5.193e-01      
      2609      4.340e-01      
      2610      4.161e-01      
      2612      4.699e-01      
      2613      5.969e-01      
      2614      7.979e-01      
      2615      1.007e+00      
      2616      1.120e+00      
      2617      1.071e+00      
      2618      8.990e-01      
      2619      7.016e-01      
      2620      5.541e-01      
      2621      4.729e-01      
      2622      4.387e-01      
      2631      3.407e-01      
      2632      3.096e-01      
      2634      2.348e-01      
      2635      1.983e-01      
      2675      2.436e-01      
      2676      3.053e-01      
      2680      2.317e-01      
      2681      1.790e-01      
      2778      1.834e-01      
      2779      3.065e-01      
      2780      4.381e-01      
      2783      3.950e-01      
      2784      2.731e-01      
      2785      1.761e-01      
      2786      1.168e-01      
      2858      1.624e-01      
      2859      2.180e-01      
      2872      1.660e-01      
      2873      1.180e-01      
      2946      2.028e-01      
      2947      5.411e-01      
      2948      1.252e+00      
      2949      2.345e+00      
      2950      3.491e+00      
      2951      4.122e+00      
      2952      3.873e+00      
      2953      2.921e+00      
      2954      1.799e+00      
      2955      9.363e-01      
      2956      4.420e-01      
      2957      2.136e-01      
      2958      1.206e-01      
      2959      1.000e-01      
      3138      1.440e-01      
      3139      2.778e-01      
      3140      5.387e-01      
      3141      1.042e+00      
      3142      1.936e+00      
      3143      3.246e+00      
      3144      4.671e+00      
      3145      5.649e+00      
      3146      5.761e+00      
      3147      5.096e+00      
      3148      4.136e+00      
      3149      3.294e+00      
      3150      2.643e+00      
      3151      2.050e+00      
      3152      1.451e+00      
      3153      9.142e-01      
      3154      5.253e-01      
      3155      2.964e-01      
      3156      1.816e-01      
      3342      1.830e-01      
      3343      5.531e-01      
      3344      1.606e+00      
      3345      3.959e+00      
      3346      7.986e+00      
      3347      1.304e+01      
      3348      1.720e+01      
      3349      1.834e+01      
      3350      1.590e+01      
      3351      1.132e+01      
      3352      6.728e+00      
      3353      3.429e+00      
      3354      1.565e+00      
      3355      6.849e-01      
      3356      3.199e-01      
      3357      1.836e-01      
      3362      2.452e-01      
      3363      2.997e-01      
      3364      3.603e-01      
      3365      4.271e-01      
      3366      5.051e-01      
      3367      6.111e-01      
      3368      7.801e-01      
      3369      1.056e+00      
      3370      1.445e+00      
      3371      1.856e+00      
      3372      2.120e+00      
      3373      2.115e+00      
      3374      1.877e+00      
      3375      1.560e+00      
      3376      1.304e+00      
      3377      1.158e+00      
      3385      1.176e+00      
      3386      1.304e+00      
      3387      1.485e+00      
      3388      1.667e+00      
      3389      1.774e+00      
      3391      1.760e+00      
      3392      1.886e+00      
      3393      2.309e+00      
      3394      3.050e+00      
      3395      3.935e+00      
      3396      4.659e+00      
      3397      4.942e+00      
      3398      4.692e+00      
      3399      4.048e+00      
      3400      3.283e+00      
      3401      2.630e+00      
      3402      2.190e+00      
      3403      1.943e+00      
      3404      1.819e+00      
      3406      1.726e+00      
      3407      1.716e+00      
      3410      1.797e+00      
      3411      1.853e+00      
      3412      1.915e+00      
      3413      1.974e+00      
      3415      2.063e+00      
      3416      2.107e+00      
      3417      2.184e+00      
      3418      2.324e+00      
      3419      2.522e+00      
      3420      2.712e+00      
      3422      2.735e+00      
      3423      2.545e+00      
      3424      2.313e+00      
      3425      2.114e+00      
      3426      1.988e+00      
      3428      2.079e+00      
      3429      2.340e+00      
      3430      2.681e+00      
      3431      2.951e+00      
      3433      2.853e+00      
      3434      2.553e+00      
      3435      2.236e+00      
      3436      1.985e+00      
      3437      1.823e+00      
      3438      1.731e+00      
      3439      1.680e+00      
      3441      1.608e+00      
      3442      1.563e+00      
      3443      1.508e+00      
      3444      1.439e+00      
      3445      1.358e+00      
      3446      1.267e+00      
      3447      1.168e+00      
      3448      1.063e+00      
      3449      9.587e-01      
      3450      8.644e-01      
      3451      7.891e-01      
      3453      7.038e-01      
      3454      6.883e-01      
      3469      6.038e-01      
      3470      5.595e-01      
      3471      5.055e-01      
      3472      4.445e-01      
      3473      3.811e-01      
      3474      3.209e-01      
      3476      2.289e-01      
      3477      2.007e-01      
      3499      1.046e-01      
      3500      1.000e-01      
      3547      1.511e-01      
      3548      3.041e-01      
      3549      6.743e-01      
      3550      1.381e+00      
      3551      2.469e+00      
      3552      3.859e+00      
      3553      5.391e+00      
      3554      6.883e+00      
      3555      8.117e+00      
      3556      8.825e+00      
      3557      8.772e+00      
      3558      7.897e+00      
      3559      6.389e+00      
      3560      4.625e+00      
      3561      3.012e+00      
      3562      1.815e+00      
      3563      1.082e+00      
      3564      7.141e-01      
      3565      5.721e-01      
      3568      6.243e-01      
      3569      6.803e-01      
      3570      7.398e-01      
      3571      8.030e-01      
      3572      8.705e-01      
      3573      9.430e-01      
      3574      1.020e+00      
      3575      1.100e+00      
      3576      1.176e+00      
      3577      1.243e+00      
      3579      1.328e+00      
      3580      1.348e+00      
      3591      1.310e+00      
      3592      1.239e+00      
      3593      1.158e+00      
      3594      1.074e+00      
      3595      9.959e-01      
      3596      9.301e-01      
      3598      8.471e-01      
      3599      8.252e-01      
      3605      7.514e-01      
      3606      7.251e-01      
      3608      6.529e-01      
      3609      6.171e-01      
      3612      5.396e-01      
      3613      5.155e-01      
      3615      4.516e-01      
      3616      4.101e-01      
      3618      3.220e-01      
      3619      2.850e-01      


3624   2.850e-01