0.0      1.000e-01      
      1      1.000e-01      
      36      1.857e-01      
      37      3.321e-01      
      38      4.913e-01      
      39      6.055e-01      
      41      5.423e-01      
      42      4.000e-01      
      43      2.563e-01      
      44      1.488e-01      
      396      2.288e-01      
      397      2.567e-01      
      403      3.401e-01      
      404      3.892e-01      
      405      4.444e-01      
      406      5.000e-01      
      408      5.884e-01      
      409      6.105e-01      
      413      6.344e-01      
      414      7.360e-01      
      415      9.542e-01      
      416      1.289e+00      
      417      1.676e+00      
      418      2.011e+00      
      419      2.217e+00      
      420      2.304e+00      
      421      2.367e+00      
      422      2.532e+00      
      423      2.870e+00      
      424      3.362e+00      
      425      3.911e+00      
      426      4.416e+00      
      427      4.835e+00      
      428      5.193e+00      
      429      5.528e+00      
      430      5.842e+00      
      431      6.095e+00      
      432      6.231e+00      
      433      6.207e+00      
      434      6.011e+00      
      435      5.671e+00      
      436      5.242e+00      
      437      4.791e+00      
      438      4.363e+00      
      439      3.968e+00      
      440      3.596e+00      
      441      3.235e+00      
      442      2.900e+00      
      443      2.628e+00      
      444      2.457e+00      
      446      2.486e+00      
      447      2.657e+00      
      448      2.868e+00      
      449      3.054e+00      
      450      3.164e+00      
      456      3.091e+00      
      457      3.045e+00      
      458      2.948e+00      
      459      2.788e+00      
      460      2.572e+00      
      461      2.326e+00      
      462      2.084e+00      
      463      1.874e+00      
      464      1.714e+00      
      465      1.607e+00      
      467      1.510e+00      
      468      1.482e+00      
      469      1.440e+00      
      470      1.374e+00      
      471      1.286e+00      
      472      1.187e+00      
      473      1.092e+00      
      474      1.008e+00      
      475      9.358e-01      
      476      8.694e-01      
      477      8.057e-01      
      478      7.531e-01      
      481      8.186e-01      
      482      9.000e-01      
      483      9.763e-01      
      484      1.052e+00      
      485      1.150e+00      
      486      1.283e+00      
      487      1.439e+00      
      488      1.591e+00      
      489      1.719e+00      
      490      1.809e+00      
      491      1.854e+00      
      493      1.797e+00      
      494      1.712e+00      
      495      1.609e+00      
      496      1.500e+00      
      497      1.387e+00      
      498      1.268e+00      
      499      1.142e+00      
      500      1.014e+00      
      501      8.951e-01      
      502      7.963e-01      
      503      7.242e-01      
      519      6.283e-01      
      520      5.986e-01      
      523      5.160e-01      
      524      4.925e-01      
      530      4.065e-01      
      531      3.904e-01      
      534      3.124e-01      
      535      2.796e-01      
      560      1.823e-01      
      561      1.763e-01      
      1069      1.950e-01      
      1070      4.784e-01      
      1071      9.510e-01      
      1072      1.534e+00      
      1073      2.012e+00      
      1074      2.151e+00      
      1075      1.881e+00      
      1076      1.358e+00      
      1077      8.228e-01      
      1078      4.306e-01      
      1079      2.053e-01      
      1080      1.000e-01      
      1214      1.827e-01      
      1215      2.053e-01      
      1223      3.036e-01      
      1224      3.973e-01      
      1225      5.114e-01      
      1226      6.342e-01      
      1227      7.595e-01      
      1228      8.819e-01      
      1229      9.906e-01      
      1230      1.068e+00      
      1231      1.099e+00      
      1233      1.003e+00      
      1234      9.028e-01      
      1235      7.968e-01      
      1236      7.050e-01      
      1237      6.364e-01      
      1239      5.519e-01      
      1240      5.197e-01      
      1243      4.354e-01      
      1244      4.151e-01      
      1256      4.954e-01      
      1257      5.445e-01      
      1264      4.786e-01      
      1265      4.311e-01      
      1267      3.361e-01      
      1268      2.927e-01      
      1271      1.934e-01      
      1272      1.740e-01      
      1557      2.614e-01      
      1558      3.062e-01      
      1565      2.203e-01      
      1566      1.832e-01      
      1581      2.664e-01      
      1582      2.876e-01      
      1584      3.595e-01      
      1585      3.960e-01      
      1590      3.419e-01      
      1591      2.929e-01      
      1593      2.051e-01      
      1594      1.724e-01      
      1606      2.092e-01      
      1607      3.571e-01      
      1608      5.162e-01      
      1609      6.174e-01      
      1610      6.118e-01      
      1611      5.164e-01      
      1612      3.988e-01      
      1627      3.127e-01      
      1628      2.944e-01      
      1631      2.135e-01      
      1632      1.871e-01      
      1661      2.722e-01      
      1662      3.509e-01      
      1663      4.173e-01      
      1664      4.582e-01      
      1674      3.775e-01      
      1675      3.313e-01      
      1678      2.317e-01      
      1679      2.127e-01      
      1684      1.271e-01      
      1685      1.101e-01      
      1993      1.558e-01      
      1994      2.894e-01      
      1995      4.337e-01      
      1998      4.320e-01      
      1999      3.022e-01      
      2000      1.861e-01      
      2195      2.401e-01      
      2196      6.454e-01      
      2197      1.399e+00      
      2198      2.464e+00      
      2199      3.579e+00      
      2200      4.391e+00      
      2201      4.736e+00      
      2202      4.735e+00      
      2203      4.590e+00      
      2204      4.382e+00      
      2205      4.136e+00      
      2206      3.993e+00      
      2207      4.192e+00      
      2208      4.860e+00      
      2209      5.875e+00      
      2210      6.904e+00      
      2211      7.589e+00      
      2212      7.734e+00      
      2213      7.379e+00      
      2214      6.718e+00      
      2215      5.964e+00      
      2216      5.251e+00      
      2217      4.628e+00      
      2218      4.087e+00      
      2219      3.609e+00      
      2220      3.182e+00      
      2221      2.812e+00      
      2222      2.507e+00      
      2223      2.268e+00      
      2224      2.087e+00      
      2225      1.946e+00      
      2226      1.828e+00      
      2227      1.712e+00      
      2228      1.582e+00      
      2229      1.431e+00      
      2230      1.264e+00      
      2231      1.095e+00      
      2232      9.403e-01      
      2233      8.121e-01      
      2234      7.137e-01      
      2235      6.401e-01      
      2237      5.422e-01      
      2238      5.134e-01      
      2259      4.208e-01      
      2260      3.749e-01      
      2265      2.767e-01      
      2266      2.718e-01      
      2280      1.814e-01      
      2281      1.713e-01      
      2416      1.949e-01      
      2417      3.186e-01      
      2418      4.413e-01      
      2422      3.689e-01      
      2423      2.670e-01      
      2426      2.736e-01      
      2427      3.825e-01      
      2428      5.099e-01      
      2429      6.301e-01      
      2430      7.262e-01      
      2431      7.902e-01      
      2435      7.334e-01      
      2436      6.778e-01      
      2438      5.801e-01      
      2439      5.409e-01      
      2441      4.493e-01      
      2442      3.819e-01      
      2443      3.021e-01      
      2444      2.207e-01      
      2445      1.492e-01      
      2446      1.000e-01      
      2540      1.117e-01      
      2541      2.325e-01      
      2542      3.868e-01      
      2543      5.174e-01      
      2545      5.037e-01      
      2546      3.849e-01      
      2547      2.687e-01      
      2548      1.946e-01      
      2549      1.663e-01      
      2564      1.644e-01      
      2565      3.283e-01      
      2566      5.358e-01      
      2567      7.123e-01      
      2570      6.150e-01      
      2571      5.132e-01      
      2574      5.838e-01      
      2575      6.821e-01      
      2576      7.829e-01      
      2577      8.856e-01      
      2578      9.947e-01      
      2579      1.101e+00      
      2580      1.183e+00      
      2581      1.221e+00      
      2591      1.163e+00      
      2592      1.084e+00      
      2599      1.176e+00      
      2600      1.219e+00      
      2604      1.148e+00      
      2605      1.102e+00      
      2607      1.019e+00      
      2608      9.651e-01      
      2609      8.931e-01      
      2610      8.075e-01      
      2611      7.200e-01      
      2612      6.408e-01      
      2613      5.741e-01      
      2614      5.212e-01      
      2624      4.316e-01      
      2625      4.110e-01      
      2629      4.849e-01      
      2630      5.361e-01      
      2637      4.607e-01      
      2638      4.191e-01      
      2641      3.194e-01      
      2642      2.956e-01      
      2645      2.149e-01      
      2646      1.835e-01      
      2946      2.019e-01      
      2947      3.190e-01      
      2948      4.184e-01      
      2949      4.903e-01      
      2950      5.733e-01      
      2951      7.098e-01      
      2952      8.726e-01      
      2954      8.955e-01      
      2955      6.931e-01      
      2956      4.502e-01      
      2957      2.535e-01      
      2958      1.311e-01      
      3150      1.735e-01      
      3151      2.683e-01      
      3155      1.866e-01      
      3156      1.154e-01      
      3350      1.632e-01      
      3351      2.273e-01      
      3354      1.833e-01      
      3355      1.262e-01      
      3397      1.370e-01      
      3398      2.810e-01      
      3399      4.699e-01      
      3400      6.516e-01      
      3401      7.660e-01      
      3403      7.031e-01      
      3404      5.630e-01      
      3405      4.018e-01      
      3406      2.575e-01      
      3407      1.520e-01      
      3430      1.442e-01      
      3431      3.323e-01      
      3432      6.115e-01      
      3433      9.015e-01      
      3434      1.071e+00      
      3435      1.040e+00      
      3436      8.510e-01      
      3437      6.338e-01      
      3438      5.007e-01      
      3440      5.840e-01      
      3441      7.441e-01      
      3442      9.350e-01      
      3443      1.124e+00      
      3444      1.280e+00      
      3445      1.375e+00      
      3446      1.395e+00      
      3447      1.343e+00      
      3448      1.238e+00      
      3449      1.108e+00      
      3450      9.786e-01      
      3451      8.619e-01      
      3452      7.602e-01      
      3453      6.707e-01      
      3454      5.918e-01      
      3455      5.239e-01      
      3456      4.679e-01      
      3458      3.910e-01      
      3459      3.668e-01      
      3484      2.669e-01      
      3485      2.385e-01      
      3490      1.398e-01      
      3491      1.280e-01      
      3551      1.000e-01      
      3552      2.670e-01      
      3553      6.463e-01      
      3554      1.261e+00      
      3555      1.972e+00      
      3556      2.485e+00      
      3557      2.556e+00      
      3558      2.203e+00      
      3559      1.668e+00      
      3560      1.216e+00      
      3561      9.745e-01      
      3563      1.041e+00      
      3564      1.202e+00      
      3565      1.364e+00      
      3566      1.497e+00      
      3567      1.595e+00      
      3568      1.665e+00      
      3572      1.578e+00      
      3573      1.478e+00      
      3574      1.378e+00      
      3575      1.279e+00      
      3576      1.181e+00      
      3577      1.086e+00      
      3578      1.002e+00      
      3579      9.345e-01      
      3580      8.801e-01      
      3581      8.228e-01      
      3582      7.483e-01      
      3583      6.558e-01      
      3584      5.579e-01      
      3585      4.689e-01      
      3586      3.965e-01      
      3588      2.990e-01      
      3589      2.698e-01      
      3596      1.768e-01      
      3597      1.429e-01      


3624   1.429e-01