0.0      1.000e-01      
      1      1.000e-01      
      363      1.341e-01      
      364      3.325e-01      
      365      6.652e-01      
      366      1.085e+00      
      367      1.466e+00      
      368      1.682e+00      
      369      1.697e+00      
      370      1.569e+00      
      371      1.387e+00      
      372      1.206e+00      
      373      1.046e+00      
      374      9.078e-01      
      375      7.898e-01      
      376      6.893e-01      
      377      6.036e-01      
      378      5.303e-01      
      379      4.676e-01      
      380      4.140e-01      
      382      3.299e-01      
      383      2.972e-01      
      387      2.033e-01      
      388      1.857e-01      
      416      2.723e-01      
      417      3.178e-01      
      426      2.203e-01      
      427      2.044e-01      
      434      1.142e-01      
      435      1.041e-01      
      1067      1.055e-01      
      1068      2.412e-01      
      1069      4.787e-01      
      1070      8.049e-01      
      1071      1.139e+00      
      1072      1.360e+00      
      1073      1.384e+00      
      1074      1.224e+00      
      1075      9.698e-01      
      1076      7.196e-01      
      1077      5.280e-01      
      1078      4.019e-01      
      1079      3.245e-01      
      1080      2.759e-01      
      1084      1.793e-01      
      1085      1.635e-01      
      2098      2.145e-01      
      2099      2.734e-01      
      2112      1.744e-01      
      2113      1.624e-01      
      2198      2.621e-01      
      2199      5.813e-01      
      2200      1.116e+00      
      2201      1.836e+00      
      2202      2.583e+00      
      2203      3.115e+00      
      2204      3.247e+00      
      2205      2.977e+00      
      2206      2.474e+00      
      2207      1.941e+00      
      2208      1.502e+00      
      2209      1.185e+00      
      2210      9.645e-01      
      2211      8.084e-01      
      2212      6.917e-01      
      2213      5.995e-01      
      2214      5.238e-01      
      2215      4.603e-01      
      2216      4.065e-01      
      2218      3.218e-01      
      2219      2.885e-01      
      2223      1.960e-01      
      2224      1.796e-01      
      2398      2.099e-01      
      2399      4.086e-01      
      2400      6.811e-01      
      2401      9.698e-01      
      2402      1.215e+00      
      2403      1.402e+00      
      2404      1.554e+00      
      2405      1.677e+00      
      2407      1.702e+00      
      2408      1.575e+00      
      2409      1.399e+00      
      2410      1.220e+00      
      2411      1.059e+00      
      2412      9.186e-01      
      2413      7.931e-01      
      2414      6.818e-01      
      2415      5.855e-01      
      2416      5.048e-01      
      2417      4.382e-01      
      2418      3.835e-01      
      2420      3.020e-01      
      2421      2.720e-01      
      2426      1.806e-01      
      2427      1.672e-01      
      2854      1.603e-01      
      2855      2.750e-01      
      2856      4.197e-01      
      2857      5.584e-01      
      2858      6.575e-01      
      2859      7.073e-01      
      2863      6.498e-01      
      2864      6.052e-01      
      2866      5.072e-01      
      2867      4.607e-01      
      2869      3.801e-01      
      2870      3.460e-01      
      2873      2.651e-01      
      2874      2.443e-01      
      2880      1.545e-01      
      2881      1.428e-01      
      3343      1.795e-01      
      3344      2.821e-01      
      3345      3.739e-01      
      3346      4.238e-01      
      3350      3.354e-01      
      3351      3.144e-01      
      3356      2.251e-01      
      3357      2.088e-01      
      3365      1.104e-01      
      3366      1.011e-01      


3624   1.011e-01