0.0      1.000e-01      
      1      1.000e-01      
      492      1.884e-01      
      493      2.034e-01      
      514      1.038e-01      
      515      1.000e-01      
      1070      1.870e-01      
      1071      2.752e-01      
      1074      2.051e-01      
      1075      1.166e-01      
      1208      1.470e-01      
      1209      2.860e-01      
      1210      4.430e-01      
      1211      5.551e-01      
      1213      5.210e-01      
      1214      4.230e-01      
      1215      3.170e-01      
      1216      2.182e-01      
      1217      1.349e-01      
      1254      2.286e-01      
      1255      2.438e-01      
      1262      3.294e-01      
      1263      3.547e-01      
      1267      4.457e-01      
      1268      4.592e-01      
      1293      3.756e-01      
      1294      3.531e-01      
      1314      2.717e-01      
      1315      2.483e-01      
      1363      1.602e-01      
      1364      1.412e-01      
      3396      1.226e-01      
      3397      3.009e-01      
      3398      5.989e-01      
      3399      9.657e-01      
      3400      1.258e+00      
      3401      1.322e+00      
      3402      1.118e+00      
      3403      7.621e-01      
      3404      4.215e-01      
      3405      1.923e-01      


3624   1.923e-01