0.0      1.000e-01      
      1      1.000e-01      
      37      1.140e-01      
      38      2.494e-01      
      39      4.956e-01      
      40      8.349e-01      
      41      1.171e+00      
      42      1.372e+00      
      43      1.357e+00      
      44      1.156e+00      
      45      8.705e-01      
      46      6.009e-01      
      47      4.005e-01      
      48      2.751e-01      
      49      2.056e-01      
      50      1.689e-01      
      418      1.940e-01      
      419      3.765e-01      
      420      6.557e-01      
      421      9.917e-01      
      422      1.297e+00      
      423      1.482e+00      
      425      1.411e+00      
      426      1.273e+00      
      428      1.286e+00      
      429      1.585e+00      
      430      2.031e+00      
      431      2.442e+00      
      432      2.615e+00      
      433      2.470e+00      
      434      2.090e+00      
      435      1.635e+00      
      436      1.233e+00      
      437      9.360e-01      
      438      7.353e-01      
      439      5.995e-01      
      440      5.033e-01      
      441      4.334e-01      
      446      5.013e-01      
      447      6.249e-01      
      448      7.499e-01      
      449      8.381e-01      
      450      8.652e-01      
      451      8.320e-01      
      452      7.577e-01      
      453      6.669e-01      
      454      5.792e-01      
      455      5.060e-01      
      456      4.514e-01      
      480      5.389e-01      
      481      7.389e-01      
      482      1.018e+00      
      483      1.341e+00      
      484      1.667e+00      
      485      1.992e+00      
      486      2.344e+00      
      487      2.734e+00      
      488      3.094e+00      
      489      3.300e+00      
      490      3.262e+00      
      491      3.003e+00      
      492      2.631e+00      
      493      2.262e+00      
      494      1.963e+00      
      495      1.745e+00      
      496      1.592e+00      
      497      1.478e+00      
      498      1.385e+00      
      499      1.307e+00      
      501      1.210e+00      
      502      1.187e+00      
      506      1.092e+00      
      507      1.066e+00      
      514      9.780e-01      
      515      9.534e-01      
      518      8.591e-01      
      519      8.261e-01      
      521      7.558e-01      
      522      7.192e-01      
      525      6.244e-01      
      526      5.973e-01      
      564      4.976e-01      
      565      4.955e-01      
      601      3.970e-01      
      602      3.942e-01      
      645      2.960e-01      
      646      2.910e-01      
      783      1.922e-01      
      784      1.909e-01      
      1070      1.631e-01      
      1071      2.914e-01      
      1072      5.263e-01      
      1073      8.590e-01      
      1074      1.209e+00      
      1075      1.453e+00      
      1076      1.500e+00      
      1077      1.352e+00      
      1078      1.087e+00      
      1079      8.013e-01      
      1080      5.611e-01      
      1081      3.885e-01      
      1082      2.768e-01      
      1083      2.084e-01      
      1084      1.671e-01      
      1994      1.190e-01      
      1995      2.683e-01      
      1996      5.424e-01      
      1997      9.218e-01      
      1998      1.300e+00      
      1999      1.529e+00      
      2000      1.528e+00      
      2001      1.336e+00      
      2002      1.078e+00      
      2003      8.755e-01      
      2004      7.754e-01      
      2006      7.166e-01      
      2007      6.419e-01      
      2008      5.241e-01      
      2009      3.967e-01      
      2010      2.899e-01      
      2011      2.145e-01      
      2012      1.661e-01      
      2103      2.642e-01      
      2104      5.353e-01      
      2105      9.598e-01      
      2106      1.494e+00      
      2107      2.048e+00      
      2108      2.545e+00      
      2109      2.935e+00      
      2110      3.168e+00      
      2111      3.176e+00      
      2112      2.928e+00      
      2113      2.482e+00      
      2114      1.959e+00      
      2115      1.478e+00      
      2116      1.105e+00      
      2117      8.524e-01      
      2118      7.032e-01      
      2119      6.270e-01      
      2120      5.900e-01      
      2123      4.995e-01      
      2124      4.658e-01      
      2128      3.770e-01      
      2129      3.653e-01      
      2155      2.712e-01      
      2156      2.650e-01      
      2229      1.654e-01      
      2230      1.627e-01      
      2415      1.485e-01      
      2416      2.725e-01      
      2417      5.176e-01      
      2418      8.941e-01      
      2419      1.335e+00      
      2420      1.709e+00      
      2421      1.896e+00      
      2422      1.857e+00      
      2423      1.642e+00      
      2424      1.341e+00      
      2425      1.030e+00      
      2426      7.620e-01      
      2427      5.585e-01      
      2428      4.218e-01      
      2429      3.385e-01      
      2430      2.897e-01      
      2435      1.928e-01      
      2436      1.832e-01      
      2574      2.336e-01      
      2575      3.341e-01      
      2576      4.460e-01      
      2577      5.396e-01      
      2578      5.871e-01      
      2580      5.292e-01      
      2581      4.654e-01      
      2588      3.683e-01      
      2589      3.245e-01      
      2591      2.476e-01      
      2592      2.210e-01      
      2635      1.218e-01      
      2636      1.174e-01      
      2952      1.518e-01      
      2953      2.824e-01      
      2954      4.648e-01      
      2955      6.471e-01      
      2956      7.556e-01      
      2957      7.464e-01      
      2958      6.365e-01      
      2959      4.838e-01      
      2960      3.424e-01      
      2961      2.377e-01      
      2962      1.695e-01      
      2963      1.276e-01      


3624   1.276e-01