0.0      1.000e-01      
      1      1.000e-01      
      424      1.527e-01      
      425      2.316e-01      
      426      3.275e-01      
      427      4.044e-01      
      431      3.050e-01      
      432      2.594e-01      
      434      1.834e-01      
      435      1.492e-01      
      508      2.226e-01      
      509      2.566e-01      
      511      3.328e-01      
      512      3.661e-01      
      516      4.555e-01      
      517      4.705e-01      
      531      5.461e-01      
      532      5.711e-01      
      536      6.710e-01      
      537      6.890e-01      
      592      6.069e-01      
      593      5.782e-01      
      598      4.813e-01      
      599      4.695e-01      
      633      3.712e-01      
      634      3.687e-01      
      667      2.695e-01      
      668      2.629e-01      
      714      1.636e-01      
      715      1.575e-01      
      1068      1.773e-01      
      1069      3.086e-01      
      1070      4.481e-01      
      1074      3.925e-01      
      1075      3.117e-01      
      1076      2.514e-01      
      1077      2.064e-01      
      1080      1.109e-01      
      1081      1.000e-01      
      1206      1.000e-01      
      1207      2.027e-01      
      1208      3.913e-01      
      1209      6.340e-01      
      1210      8.751e-01      
      1211      1.058e+00      
      1212      1.158e+00      
      1214      1.136e+00      
      1215      1.039e+00      
      1216      9.040e-01      
      1217      7.515e-01      
      1218      6.027e-01      
      1219      4.735e-01      
      1220      3.702e-01      
      1221      2.912e-01      
      1222      2.309e-01      
      1224      1.461e-01      
      1225      1.151e-01      
      1298      2.092e-01      
      1299      2.161e-01      
      1350      3.148e-01      
      1351      3.173e-01      
      1391      2.224e-01      
      1392      2.167e-01      
      1478      1.184e-01      
      1479      1.153e-01      
      1508      2.006e-01      
      1509      2.181e-01      
      1522      1.205e-01      
      1523      1.144e-01      
      2099      2.009e-01      
      2100      2.461e-01      
      2105      1.640e-01      
      2106      1.357e-01      
      2197      1.453e-01      
      2198      2.741e-01      
      2199      4.357e-01      
      2200      5.907e-01      
      2201      6.923e-01      
      2203      6.580e-01      
      2204      5.609e-01      
      2205      4.547e-01      
      2206      3.594e-01      
      2207      2.809e-01      
      2208      2.181e-01      
      2209      1.682e-01      
      2414      2.544e-01      
      2415      5.228e-01      
      2416      9.097e-01      
      2417      1.316e+00      
      2418      1.586e+00      
      2419      1.623e+00      
      2420      1.456e+00      
      2421      1.197e+00      
      2422      9.370e-01      
      2423      7.150e-01      
      2424      5.363e-01      
      2425      3.983e-01      
      2426      2.961e-01      
      2427      2.224e-01      
      2428      1.693e-01      
      3395      2.620e-01      
      3396      5.390e-01      
      3397      9.108e-01      
      3398      1.279e+00      
      3399      1.519e+00      
      3400      1.558e+00      
      3401      1.417e+00      
      3402      1.173e+00      
      3403      9.094e-01      
      3404      6.765e-01      
      3405      4.942e-01      
      3406      3.608e-01      
      3407      2.656e-01      
      3408      1.975e-01      


3624   1.975e-01