0.0      1.000e-01      
      1      1.000e-01      
      358      1.905e-01      
      359      2.952e-01      
      360      4.359e-01      
      361      5.802e-01      
      362      6.763e-01      
      363      6.825e-01      
      364      5.992e-01      
      365      4.678e-01      
      366      3.378e-01      
      367      2.381e-01      
      368      1.733e-01      
      1063      2.598e-01      
      1064      3.456e-01      
      1065      4.222e-01      
      1066      4.671e-01      
      1069      3.824e-01      
      1070      3.089e-01      
      1071      2.400e-01      
      1072      1.886e-01      
      1201      2.055e-01      
      1202      3.392e-01      
      1203      5.560e-01      
      1204      8.213e-01      
      1205      1.055e+00      
      1206      1.182e+00      
      1208      1.093e+00      
      1209      9.626e-01      
      1210      8.157e-01      
      1211      6.618e-01      
      1212      5.160e-01      
      1213      3.985e-01      
      1214      3.188e-01      
      1215      2.710e-01      
      1280      3.682e-01      
      1281      3.718e-01      
      1411      2.801e-01      
      1412      2.661e-01      
      1599      1.678e-01      
      1600      1.660e-01      
      2094      2.326e-01      
      2095      3.206e-01      
      2099      2.910e-01      
      2100      2.204e-01      
      2103      1.206e-01      
      2104      1.101e-01      
      2188      2.029e-01      
      2189      2.760e-01      
      2194      1.914e-01      
      2195      1.510e-01      
      2560      2.242e-01      
      2561      3.914e-01      
      2562      6.320e-01      
      2563      8.732e-01      
      2564      1.005e+00      
      2565      9.607e-01      
      2566      7.759e-01      
      2567      5.488e-01      
      2568      3.620e-01      
      2569      2.423e-01      
      2570      1.763e-01      
      2571      1.415e-01      


3624   1.415e-01