0.0      1.000e-01      
      1      1.000e-01      
      362      1.668e-01      
      363      2.653e-01      
      364      3.493e-01      
      365      3.773e-01      
      366      3.363e-01      
      367      2.514e-01      
      368      1.628e-01      
      369      1.000e-01      
      2093      1.103e-01      
      2094      2.497e-01      
      2095      4.817e-01      
      2096      7.567e-01      
      2097      9.574e-01      
      2098      9.772e-01      
      2099      8.115e-01      
      2100      5.571e-01      
      2101      3.257e-01      
      2102      1.712e-01      
      2559      1.520e-01      
      2560      3.491e-01      
      2561      6.685e-01      
      2562      1.036e+00      
      2563      1.298e+00      
      2564      1.328e+00      
      2565      1.134e+00      
      2566      8.291e-01      
      2567      5.368e-01      
      2568      3.185e-01      
      2569      1.800e-01      
      3535      2.613e-01      
      3536      4.867e-01      
      3537      7.309e-01      
      3538      8.767e-01      
      3539      8.417e-01      
      3540      6.538e-01      
      3541      4.193e-01      
      3542      2.310e-01      
      3543      1.176e-01      


3624   1.176e-01