0.0      1.000e-01      
      1      1.000e-01      
      40      1.585e-01      
      41      2.109e-01      
      51      1.139e-01      
      52      1.070e-01      
      429      1.883e-01      
      430      2.247e-01      
      437      3.240e-01      
      438      3.423e-01      
      442      4.277e-01      
      443      4.482e-01      
      445      5.085e-01      
      446      5.594e-01      
      447      6.211e-01      
      448      6.806e-01      
      462      5.929e-01      
      463      5.796e-01      
      470      4.804e-01      
      471      4.671e-01      
      481      5.005e-01      
      482      5.774e-01      
      483      6.554e-01      
      484      7.230e-01      
      485      7.851e-01      
      486      8.564e-01      
      487      9.403e-01      
      488      1.018e+00      
      493      9.198e-01      
      494      8.732e-01      
      496      7.999e-01      
      497      7.702e-01      
      500      6.915e-01      
      501      6.675e-01      
      506      5.744e-01      
      507      5.611e-01      
      517      4.631e-01      
      518      4.527e-01      
      524      3.695e-01      
      525      3.502e-01      
      530      2.627e-01      
      531      2.494e-01      
      548      1.509e-01      
      549      1.462e-01      
      2104      2.159e-01      
      2105      3.302e-01      
      2106      5.020e-01      
      2107      7.435e-01      
      2108      1.056e+00      
      2109      1.400e+00      
      2110      1.682e+00      
      2111      1.811e+00      
      2112      1.770e+00      
      2113      1.618e+00      
      2114      1.437e+00      
      2115      1.281e+00      
      2116      1.164e+00      
      2117      1.082e+00      
      2118      1.023e+00      
      2120      9.434e-01      
      2121      9.113e-01      
      2124      8.240e-01      
      2125      7.960e-01      
      2128      7.101e-01      
      2129      6.812e-01      
      2132      6.026e-01      
      2133      5.811e-01      
      2140      4.839e-01      
      2141      4.719e-01      
      2150      3.773e-01      
      2151      3.657e-01      
      2158      2.665e-01      
      2159      2.541e-01      
      2177      1.574e-01      
      2178      1.523e-01      


3624   1.523e-01