0.0      1.463e-01      
      1      1.463e-01      
      31      2.343e-01      
      32      2.469e-01      
      34      3.385e-01      
      35      4.426e-01      
      36      5.722e-01      
      37      6.828e-01      
      40      6.253e-01      
      41      5.419e-01      
      42      4.759e-01      
      43      4.341e-01      
      51      5.247e-01      
      52      5.470e-01      
      96      4.615e-01      
      97      4.407e-01      
      109      3.428e-01      
      110      3.376e-01      
      128      2.439e-01      
      129      2.294e-01      
      139      1.345e-01      
      140      1.276e-01      
      357      2.168e-01      
      358      2.485e-01      
      366      2.509e-01      
      367      3.567e-01      
      368      5.340e-01      
      369      7.635e-01      
      370      9.801e-01      
      371      1.103e+00      
      372      1.093e+00      
      373      9.803e-01      
      374      8.316e-01      
      375      7.041e-01      
      376      6.238e-01      
      377      5.954e-01      
      379      6.825e-01      
      380      7.809e-01      
      381      8.885e-01      
      382      9.775e-01      
      383      1.030e+00      
      388      1.099e+00      
      389      1.135e+00      
      391      1.219e+00      
      392      1.265e+00      
      393      1.316e+00      
      394      1.374e+00      
      395      1.441e+00      
      396      1.516e+00      
      397      1.598e+00      
      398      1.685e+00      
      399      1.774e+00      
      400      1.863e+00      
      401      1.953e+00      
      402      2.049e+00      
      403      2.156e+00      
      404      2.271e+00      
      405      2.384e+00      
      406      2.477e+00      
      407      2.541e+00      
      409      2.627e+00      
      410      2.701e+00      
      411      2.835e+00      
      412      3.052e+00      
      413      3.347e+00      
      414      3.665e+00      
      415      3.918e+00      
      416      4.041e+00      
      421      4.105e+00      
      422      4.318e+00      
      423      4.669e+00      
      424      5.197e+00      
      425      5.871e+00      
      426      6.538e+00      
      427      6.989e+00      
      428      7.112e+00      
      429      6.973e+00      
      430      6.754e+00      
      431      6.612e+00      
      432      6.610e+00      
      433      6.728e+00      
      434      6.909e+00      
      435      7.099e+00      
      436      7.264e+00      
      437      7.385e+00      
      442      7.319e+00      
      443      7.227e+00      
      444      7.129e+00      
      445      7.036e+00      
      446      6.958e+00      
      447      6.901e+00      
      449      6.829e+00      
      450      6.787e+00      
      451      6.724e+00      
      452      6.635e+00      
      453      6.522e+00      
      454      6.396e+00      
      455      6.271e+00      
      456      6.156e+00      
      457      6.057e+00      
      458      5.972e+00      
      459      5.896e+00      
      460      5.826e+00      
      461      5.757e+00      
      462      5.680e+00      
      463      5.586e+00      
      464      5.468e+00      
      465      5.326e+00      
      466      5.172e+00      
      467      5.022e+00      
      468      4.891e+00      
      469      4.781e+00      
      470      4.690e+00      
      471      4.605e+00      
      472      4.518e+00      
      473      4.429e+00      
      474      4.339e+00      
      475      4.255e+00      
      476      4.182e+00      
      477      4.122e+00      
      479      4.043e+00      
      480      4.013e+00      
      482      3.928e+00      
      483      3.866e+00      
      484      3.798e+00      
      485      3.731e+00      
      486      3.671e+00      
      487      3.619e+00      
      489      3.523e+00      
      490      3.468e+00      
      491      3.407e+00      
      492      3.342e+00      
      493      3.281e+00      
      494      3.228e+00      
      496      3.150e+00      
      497      3.114e+00      
      499      3.016e+00      
      500      2.946e+00      
      501      2.863e+00      
      502      2.772e+00      
      503      2.681e+00      
      504      2.599e+00      
      505      2.532e+00      
      506      2.479e+00      
      508      2.398e+00      
      509      2.364e+00      
      512      2.265e+00      
      513      2.226e+00      
      515      2.129e+00      
      516      2.074e+00      
      517      2.018e+00      
      518      1.965e+00      
      520      1.873e+00      
      521      1.830e+00      
      523      1.742e+00      
      524      1.694e+00      
      525      1.641e+00      
      526      1.583e+00      
      527      1.522e+00      
      528      1.460e+00      
      529      1.405e+00      
      530      1.359e+00      
      535      1.259e+00      
      536      1.244e+00      
      539      1.155e+00      
      540      1.116e+00      
      542      1.041e+00      
      543      1.008e+00      
      546      9.281e-01      
      547      9.071e-01      
      552      8.252e-01      
      553      8.068e-01      
      585      7.147e-01      
      586      7.042e-01      
      594      6.207e-01      
      595      6.017e-01      
      599      5.125e-01      
      600      4.933e-01      
      611      3.975e-01      
      612      3.890e-01      
      620      3.008e-01      
      621      2.838e-01      
      632      1.839e-01      
      633      1.817e-01      
      1067      1.476e-01      
      1068      3.195e-01      
      1069      5.820e-01      
      1070      8.661e-01      
      1071      1.049e+00      
      1072      1.044e+00      
      1073      8.702e-01      
      1074      6.294e-01      
      1075      4.169e-01      
      1076      2.705e-01      
      1077      1.824e-01      
      1078      1.311e-01      
      1103      2.271e-01      
      1104      2.505e-01      
      1107      3.417e-01      
      1108      3.755e-01      
      1111      4.670e-01      
      1112      4.929e-01      
      1119      5.922e-01      
      1120      5.947e-01      
      1149      5.196e-01      
      1150      4.929e-01      
      1153      4.005e-01      
      1154      3.746e-01      
      1163      2.789e-01      
      1164      2.707e-01      
      1174      1.726e-01      
      1175      1.625e-01      
      1205      1.386e-01      
      1206      3.032e-01      
      1207      6.648e-01      
      1208      1.274e+00      
      1209      2.052e+00      
      1210      2.781e+00      
      1211      3.234e+00      
      1212      3.324e+00      
      1213      3.121e+00      
      1214      2.768e+00      
      1215      2.393e+00      
      1216      2.081e+00      
      1217      1.878e+00      
      1219      1.883e+00      
      1220      2.107e+00      
      1221      2.474e+00      
      1222      2.961e+00      
      1223      3.544e+00      
      1224      4.195e+00      
      1225      4.892e+00      
      1226      5.604e+00      
      1227      6.291e+00      
      1228      6.903e+00      
      1229      7.401e+00      
      1230      7.771e+00      
      1231      8.029e+00      
      1232      8.210e+00      
      1233      8.339e+00      
      1234      8.425e+00      
      1235      8.457e+00      
      1236      8.420e+00      
      1237      8.315e+00      
      1238      8.160e+00      
      1239      7.982e+00      
      1240      7.802e+00      
      1241      7.631e+00      
      1242      7.472e+00      
      1243      7.326e+00      
      1244      7.178e+00      
      1245      7.011e+00      
      1246      6.808e+00      
      1247      6.574e+00      
      1248      6.326e+00      
      1249      6.087e+00      
      1250      5.872e+00      
      1251      5.680e+00      
      1252      5.499e+00      
      1253      5.315e+00      
      1254      5.116e+00      
      1255      4.899e+00      
      1256      4.670e+00      
      1257      4.437e+00      
      1258      4.209e+00      
      1259      3.995e+00      
      1260      3.806e+00      
      1261      3.645e+00      
      1262      3.513e+00      
      1263      3.402e+00      
      1264      3.306e+00      
      1265      3.218e+00      
      1266      3.137e+00      
      1267      3.061e+00      
      1268      2.993e+00      
      1269      2.933e+00      
      1270      2.879e+00      
      1271      2.831e+00      
      1273      2.750e+00      
      1274      2.714e+00      
      1276      2.632e+00      
      1277      2.573e+00      
      1278      2.500e+00      
      1279      2.417e+00      
      1280      2.330e+00      
      1281      2.252e+00      
      1282      2.187e+00      
      1283      2.138e+00      
      1287      2.049e+00      
      1288      2.035e+00      
      1294      1.941e+00      
      1295      1.924e+00      
      1302      1.834e+00      
      1303      1.802e+00      
      1305      1.708e+00      
      1306      1.655e+00      
      1307      1.600e+00      
      1308      1.548e+00      
      1314      1.603e+00      
      1315      1.660e+00      
      1329      1.577e+00      
      1330      1.556e+00      
      1334      1.458e+00      
      1335      1.438e+00      
      1338      1.339e+00      
      1339      1.289e+00      
      1341      1.198e+00      
      1342      1.170e+00      
      1351      1.076e+00      
      1352      1.043e+00      
      1355      9.542e-01      
      1356      9.324e-01      
      1361      8.371e-01      
      1362      8.133e-01      
      1373      7.168e-01      
      1374      7.011e-01      
      1388      6.097e-01      
      1389      5.909e-01      
      1393      5.070e-01      
      1394      4.860e-01      
      1405      3.871e-01      
      1406      3.805e-01      
      1410      2.910e-01      
      1411      2.673e-01      
      1434      1.782e-01      
      1435      1.667e-01      
      2097      1.766e-01      
      2098      3.302e-01      
      2099      5.314e-01      
      2100      7.200e-01      
      2102      7.697e-01      
      2103      6.194e-01      
      2104      4.402e-01      
      2105      2.930e-01      
      2106      1.955e-01      
      2107      1.370e-01      
      2124      2.140e-01      
      2125      2.561e-01      
      2127      3.353e-01      
      2128      3.669e-01      
      2142      4.576e-01      
      2143      4.723e-01      
      2157      3.956e-01      
      2158      3.698e-01      
      2162      2.778e-01      
      2163      2.610e-01      
      2170      1.634e-01      
      2171      1.424e-01      
      2196      1.803e-01      
      2197      4.109e-01      
      2198      8.297e-01      
      2199      1.435e+00      
      2200      2.091e+00      
      2201      2.543e+00      
      2202      2.581e+00      
      2203      2.210e+00      
      2204      1.645e+00      
      2205      1.128e+00      
      2206      7.856e-01      
      2207      6.178e-01      
      2210      7.060e-01      
      2211      8.390e-01      
      2212      1.005e+00      
      2213      1.199e+00      
      2214      1.416e+00      
      2215      1.648e+00      
      2216      1.888e+00      
      2217      2.126e+00      
      2218      2.354e+00      
      2219      2.559e+00      
      2220      2.730e+00      
      2221      2.858e+00      
      2222      2.939e+00      
      2223      2.980e+00      
      2227      2.903e+00      
      2228      2.876e+00      
      2238      2.800e+00      
      2239      2.749e+00      
      2240      2.690e+00      
      2241      2.632e+00      
      2243      2.541e+00      
      2244      2.505e+00      
      2246      2.428e+00      
      2247      2.381e+00      
      2248      2.330e+00      
      2249      2.277e+00      
      2250      2.219e+00      
      2251      2.156e+00      
      2252      2.089e+00      
      2253      2.026e+00      
      2255      1.934e+00      
      2256      1.908e+00      
      2260      1.814e+00      
      2261      1.775e+00      
      2267      1.688e+00      
      2268      1.660e+00      
      2270      1.564e+00      
      2271      1.504e+00      
      2272      1.444e+00      
      2273      1.386e+00      
      2274      1.333e+00      
      2275      1.285e+00      
      2277      1.199e+00      
      2278      1.160e+00      
      2280      1.085e+00      
      2281      1.051e+00      
      2285      9.517e-01      
      2286      9.304e-01      
      2292      8.352e-01      
      2293      8.293e-01      
      2297      7.568e-01      
      2298      7.181e-01      
      2300      6.279e-01      
      2301      5.840e-01      
      2303      5.102e-01      
      2304      4.802e-01      
      2309      3.834e-01      
      2310      3.721e-01      
      2318      2.724e-01      
      2319      2.656e-01      
      2327      1.696e-01      
      2328      1.628e-01      
      2406      2.503e-01      
      2407      2.802e-01      
      2409      3.724e-01      
      2410      4.251e-01      
      2411      4.910e-01      
      2412      6.042e-01      
      2413      7.943e-01      
      2414      1.038e+00      
      2415      1.250e+00      
      2417      1.279e+00      
      2418      1.123e+00      
      2419      9.420e-01      
      2420      7.888e-01      
      2421      6.878e-01      
      2426      7.636e-01      
      2427      8.241e-01      
      2428      8.982e-01      
      2429      9.899e-01      
      2430      1.101e+00      
      2431      1.231e+00      
      2432      1.379e+00      
      2433      1.542e+00      
      2434      1.717e+00      
      2435      1.901e+00      
      2436      2.093e+00      
      2437      2.288e+00      
      2438      2.483e+00      
      2439      2.673e+00      
      2440      2.850e+00      
      2441      3.004e+00      
      2442      3.131e+00      
      2443      3.226e+00      
      2444      3.293e+00      
      2461      3.203e+00      
      2462      3.176e+00      
      2464      3.106e+00      
      2465      3.066e+00      
      2467      2.967e+00      
      2468      2.898e+00      
      2469      2.811e+00      
      2470      2.706e+00      
      2471      2.592e+00      
      2472      2.478e+00      
      2473      2.374e+00      
      2474      2.283e+00      
      2475      2.205e+00      
      2476      2.136e+00      
      2477      2.073e+00      
      2478      2.010e+00      
      2479      1.949e+00      
      2480      1.892e+00      
      2481      1.844e+00      
      2484      1.747e+00      
      2485      1.726e+00      
      2488      1.647e+00      
      2489      1.604e+00      
      2490      1.551e+00      
      2491      1.490e+00      
      2492      1.426e+00      
      2493      1.362e+00      
      2494      1.299e+00      
      2495      1.237e+00      
      2496      1.177e+00      
      2497      1.121e+00      
      2499      1.034e+00      
      2500      1.004e+00      
      2512      9.133e-01      
      2513      9.031e-01      
      2519      8.182e-01      
      2520      7.997e-01      
      2526      7.063e-01      
      2527      6.857e-01      
      2530      6.032e-01      
      2531      5.760e-01      
      2535      4.940e-01      
      2536      4.701e-01      
      2539      3.806e-01      
      2540      3.505e-01      
      2548      2.514e-01      
      2549      2.479e-01      
      2568      3.123e-01      
      2569      3.603e-01      
      2590      4.241e-01      
      2591      4.634e-01      
      2593      5.390e-01      
      2594      5.704e-01      
      2599      6.659e-01      
      2600      6.764e-01      
      2603      7.604e-01      
      2604      8.331e-01      
      2605      9.345e-01      
      2606      1.052e+00      
      2607      1.161e+00      
      2608      1.239e+00      
      2609      1.276e+00      
      2612      1.207e+00      
      2613      1.164e+00      
      2615      1.088e+00      
      2616      1.056e+00      
      2632      9.565e-01      
      2633      9.198e-01      
      2635      8.229e-01      
      2636      7.748e-01      
      2639      6.832e-01      
      2640      6.720e-01      
      2656      6.008e-01      
      2657      5.698e-01      
      2659      4.904e-01      
      2660      4.445e-01      
      2662      3.513e-01      
      2663      3.092e-01      
      2666      2.174e-01      
      2667      1.981e-01      
      2948      1.482e-01      
      2949      3.026e-01      
      2950      5.174e-01      
      2951      7.222e-01      
      2953      7.690e-01      
      2954      6.075e-01      
      2955      4.231e-01      
      2956      2.776e-01      
      2957      1.847e-01      
      2958      1.304e-01      
      3149      2.187e-01      
      3150      2.908e-01      
      3153      2.478e-01      
      3154      1.803e-01      
      3204      2.758e-01      
      3205      2.815e-01      
      3212      1.894e-01      
      3213      1.704e-01      
      3394      1.281e-01      
      3395      2.820e-01      
      3396      5.293e-01      
      3397      8.185e-01      
      3398      1.037e+00      
      3400      9.480e-01      
      3401      7.144e-01      
      3402      4.837e-01      
      3403      3.130e-01      
      3404      2.089e-01      
      3409      2.373e-01      
      3410      3.220e-01      
      3411      4.299e-01      
      3412      5.575e-01      
      3413      7.001e-01      
      3414      8.536e-01      
      3415      1.014e+00      
      3416      1.177e+00      
      3417      1.338e+00      
      3418      1.490e+00      
      3419      1.624e+00      
      3420      1.734e+00      
      3421      1.816e+00      
      3422      1.875e+00      
      3424      1.959e+00      
      3425      2.002e+00      
      3426      2.052e+00      
      3427      2.105e+00      
      3428      2.160e+00      
      3429      2.215e+00      
      3430      2.271e+00      
      3431      2.319e+00      
      3435      2.240e+00      
      3436      2.171e+00      
      3449      2.128e+00      
      3450      2.068e+00      
      3451      1.981e+00      
      3452      1.871e+00      
      3453      1.749e+00      
      3454      1.632e+00      
      3455      1.533e+00      
      3456      1.457e+00      
      3458      1.371e+00      
      3459      1.350e+00      
      3465      1.276e+00      
      3466      1.236e+00      
      3467      1.183e+00      
      3468      1.121e+00      
      3469      1.055e+00      
      3470      9.906e-01      
      3471      9.299e-01      
      3472      8.733e-01      
      3473      8.203e-01      
      3474      7.699e-01      
      3476      6.743e-01      
      3477      6.288e-01      
      3479      5.486e-01      
      3480      5.193e-01      
      3492      4.252e-01      
      3493      4.192e-01      
      3498      3.443e-01      
      3499      3.153e-01      
      3502      2.213e-01      
      3503      1.899e-01      
      3554      2.831e-01      
      3555      3.775e-01      
      3559      2.972e-01      
      3560      2.220e-01      
      3561      1.626e-01      
      3562      1.209e-01      
      3580      2.077e-01      
      3581      2.273e-01      
      3586      3.171e-01      
      3587      3.286e-01      
      3599      2.337e-01      
      3600      2.207e-01      
      3616      1.211e-01      
      3617      1.136e-01      


3624   1.136e-01