0.0      1.000e-01      
      1      1.000e-01      
      395      1.788e-01      
      396      2.097e-01      
      402      3.041e-01      
      403      3.119e-01      
      406      3.838e-01      
      407      4.329e-01      
      408      4.967e-01      
      409      5.745e-01      
      410      6.683e-01      
      411      7.864e-01      
      412      9.330e-01      
      413      1.093e+00      
      414      1.233e+00      
      415      1.333e+00      
      416      1.410e+00      
      417      1.502e+00      
      418      1.636e+00      
      419      1.803e+00      
      420      1.973e+00      
      421      2.125e+00      
      422      2.268e+00      
      423      2.431e+00      
      424      2.626e+00      
      425      2.821e+00      
      426      2.956e+00      
      428      2.933e+00      
      429      2.825e+00      
      430      2.712e+00      
      431      2.620e+00      
      432      2.551e+00      
      433      2.497e+00      
      434      2.441e+00      
      435      2.372e+00      
      436      2.279e+00      
      437      2.164e+00      
      438      2.037e+00      
      439      1.912e+00      
      440      1.801e+00      
      441      1.706e+00      
      442      1.623e+00      
      443      1.546e+00      
      444      1.466e+00      
      445      1.376e+00      
      446      1.280e+00      
      447      1.185e+00      
      448      1.103e+00      
      449      1.040e+00      
      450      9.982e-01      
      459      9.348e-01      
      460      8.913e-01      
      462      8.045e-01      
      463      7.678e-01      
      470      6.815e-01      
      471      6.673e-01      
      473      5.997e-01      
      474      5.559e-01      
      476      4.742e-01      
      477      4.358e-01      
      479      3.637e-01      
      480      3.341e-01      
      483      2.553e-01      
      484      2.278e-01      
      493      1.386e-01      
      494      1.203e-01      
      1068      1.380e-01      
      1069      2.570e-01      
      1070      3.949e-01      
      1071      4.970e-01      
      1073      4.287e-01      
      1074      2.975e-01      
      1075      1.752e-01      
      1208      2.418e-01      
      1209      4.042e-01      
      1210      5.667e-01      
      1211      6.807e-01      
      1218      7.408e-01      
      1219      8.478e-01      
      1220      9.690e-01      
      1221      1.099e+00      
      1222      1.236e+00      
      1223      1.375e+00      
      1224      1.499e+00      
      1225      1.585e+00      
      1226      1.621e+00      
      1229      1.534e+00      
      1230      1.501e+00      
      1233      1.426e+00      
      1234      1.385e+00      
      1236      1.291e+00      
      1237      1.246e+00      
      1239      1.160e+00      
      1240      1.101e+00      
      1241      1.013e+00      
      1242      8.943e-01      
      1243      7.581e-01      
      1244      6.289e-01      
      1245      5.263e-01      
      1246      4.571e-01      
      1247      4.184e-01      
      1254      3.345e-01      
      1255      3.136e-01      
      1287      2.140e-01      
      1288      2.073e-01      
      1320      1.089e-01      
      1321      1.065e-01      
      2098      1.980e-01      
      2099      2.717e-01      
      2103      1.991e-01      
      2104      1.666e-01      
      2197      2.073e-01      
      2198      3.742e-01      
      2199      5.729e-01      
      2200      7.549e-01      
      2201      8.693e-01      
      2203      8.171e-01      
      2204      7.090e-01      
      2208      7.820e-01      
      2209      8.894e-01      
      2210      9.789e-01      
      2211      1.044e+00      
      2228      9.575e-01      
      2229      9.035e-01      
      2230      8.322e-01      
      2231      7.557e-01      
      2232      6.853e-01      
      2233      6.267e-01      
      2235      5.460e-01      
      2236      5.204e-01      
      2246      4.337e-01      
      2247      4.085e-01      
      2250      3.174e-01      
      2251      2.922e-01      
      2266      2.044e-01      
      2267      1.854e-01      
      2407      1.864e-01      
      2408      2.912e-01      
      2409      3.824e-01      
      2410      4.454e-01      
      2411      5.005e-01      
      2412      5.840e-01      
      2413      7.092e-01      
      2414      8.546e-01      
      2415      9.892e-01      
      2416      1.100e+00      
      2417      1.190e+00      
      2418      1.271e+00      
      2419      1.354e+00      
      2420      1.448e+00      
      2421      1.564e+00      
      2422      1.708e+00      
      2423      1.874e+00      
      2424      2.045e+00      
      2425      2.192e+00      
      2426      2.293e+00      
      2430      2.216e+00      
      2431      2.125e+00      
      2432      2.029e+00      
      2433      1.930e+00      
      2434      1.830e+00      
      2435      1.738e+00      
      2436      1.665e+00      
      2437      1.617e+00      
      2440      1.533e+00      
      2441      1.493e+00      
      2442      1.445e+00      
      2443      1.393e+00      
      2444      1.339e+00      
      2445      1.284e+00      
      2446      1.227e+00      
      2447      1.166e+00      
      2448      1.102e+00      
      2449      1.033e+00      
      2450      9.610e-01      
      2451      8.900e-01      
      2452      8.239e-01      
      2453      7.652e-01      
      2455      6.701e-01      
      2456      6.317e-01      
      2459      5.465e-01      
      2460      5.266e-01      
      2466      4.363e-01      
      2467      4.206e-01      
      2478      3.317e-01      
      2479      3.204e-01      
      2482      2.490e-01      
      2483      2.199e-01      
      2489      1.214e-01      
      2490      1.000e-01      
      2577      1.959e-01      
      2578      2.206e-01      
      2591      1.365e-01      
      2592      1.164e-01      
      3346      2.151e-01      
      3347      2.996e-01      
      3350      2.603e-01      
      3351      1.733e-01      
      3404      2.654e-01      
      3405      3.063e-01      
      3418      3.952e-01      
      3419      4.171e-01      
      3421      4.873e-01      
      3422      5.222e-01      
      3444      4.277e-01      
      3445      3.902e-01      
      3447      3.072e-01      
      3448      2.667e-01      
      3451      1.807e-01      
      3452      1.623e-01      
      3554      2.015e-01      
      3555      3.078e-01      
      3556      4.440e-01      
      3557      5.494e-01      
      3559      4.726e-01      
      3560      3.371e-01      
      3561      2.255e-01      
      3565      2.919e-01      
      3566      3.380e-01      
      3574      2.431e-01      
      3575      2.108e-01      
      3593      1.249e-01      
      3594      1.000e-01      


3624   1.000e-01