0.0      1.000e-01      
      1      1.000e-01      
      363      1.939e-01      
      364      2.656e-01      
      367      2.108e-01      
      368      1.389e-01      
      2199      2.243e-01      
      2200      2.634e-01      
      2203      1.986e-01      
      2204      1.430e-01      
      2560      1.513e-01      
      2561      2.733e-01      
      2562      4.043e-01      
      2565      4.186e-01      
      2566      2.994e-01      
      2567      1.880e-01      


3624   1.880e-01