0.0      1.000e-01      
      1      1.000e-01      
      359      1.318e-01      
      360      2.776e-01      
      361      5.163e-01      
      362      8.273e-01      
      363      1.114e+00      
      364      1.237e+00      
      365      1.123e+00      
      366      8.334e-01      
      367      5.104e-01      
      368      2.644e-01      
      369      1.214e-01      
      1067      2.162e-01      
      1068      3.001e-01      
      1071      2.260e-01      
      1072      1.402e-01      
      2095      1.762e-01      
      2096      2.698e-01      
      2099      2.516e-01      
      2100      1.646e-01      
      2194      1.288e-01      
      2195      2.788e-01      
      2196      4.902e-01      
      2197      7.079e-01      
      2198      8.505e-01      
      2200      7.643e-01      
      2201      6.057e-01      
      2202      4.466e-01      
      2203      3.126e-01      
      2204      2.065e-01      
      2205      1.261e-01      
      2206      1.000e-01      
      2563      1.602e-01      
      2564      2.635e-01      
      2565      3.464e-01      
      2566      3.663e-01      
      2567      3.144e-01      
      2568      2.222e-01      
      2569      1.326e-01      
      2570      1.000e-01      


3624   1.000e-01