0.0      1.000e-01      
      1      1.000e-01      
      36      1.891e-01      
      37      3.236e-01      
      38      4.857e-01      
      39      6.276e-01      
      41      6.260e-01      
      42      4.733e-01      
      43      2.983e-01      
      44      1.612e-01      
      417      2.565e-01      
      418      4.588e-01      
      419      6.936e-01      
      420      8.868e-01      
      422      9.179e-01      
      423      7.689e-01      
      424      5.848e-01      
      425      4.201e-01      
      426      3.034e-01      
      432      2.163e-01      
      433      1.508e-01      
      472      2.384e-01      
      473      2.523e-01      
      479      3.135e-01      
      480      3.680e-01      
      481      4.400e-01      
      482      5.175e-01      
      483      6.001e-01      
      484      7.037e-01      
      485      8.342e-01      
      486      9.526e-01      
      488      9.008e-01      
      489      7.265e-01      
      490      5.441e-01      
      491      4.113e-01      
      492      3.382e-01      
      493      3.063e-01      
      529      4.061e-01      
      530      4.080e-01      
      538      5.019e-01      
      539      5.101e-01      
      566      4.112e-01      
      567      4.088e-01      
      620      3.182e-01      
      621      3.042e-01      
      786      2.200e-01      
      787      2.000e-01      
      1069      2.930e-01      
      1070      4.985e-01      
      1071      7.987e-01      
      1072      1.107e+00      
      1073      1.281e+00      
      1074      1.229e+00      
      1075      9.831e-01      
      1076      6.726e-01      
      1077      4.159e-01      
      1078      2.574e-01      
      1079      1.796e-01      
      1080      1.477e-01      
      1214      2.073e-01      
      1215      2.487e-01      
      1225      1.589e-01      
      1226      1.462e-01      
      1537      2.086e-01      
      1538      2.725e-01      
      1539      3.377e-01      
      1540      3.740e-01      
      1542      3.079e-01      
      1543      2.413e-01      
      1545      1.536e-01      
      1546      1.368e-01      
      1993      1.451e-01      
      1994      2.847e-01      
      1995      5.188e-01      
      1996      7.843e-01      
      1997      9.584e-01      
      1998      9.475e-01      
      1999      7.708e-01      
      2000      5.375e-01      
      2001      3.532e-01      
      2002      2.588e-01      
      2003      2.383e-01      
      2009      1.439e-01      
      2010      1.219e-01      
      2104      1.781e-01      
      2105      3.056e-01      
      2106      4.600e-01      
      2107      5.977e-01      
      2110      5.082e-01      
      2111      3.667e-01      
      2112      2.523e-01      
      2113      1.818e-01      
      2114      1.465e-01      
      2200      2.335e-01      
      2201      3.027e-01      
      2202      3.808e-01      
      2203      4.334e-01      
      2205      3.767e-01      
      2206      2.984e-01      
      2207      2.276e-01      
      2208      1.792e-01      
      2414      2.179e-01      
      2415      3.871e-01      
      2416      7.265e-01      
      2417      1.229e+00      
      2418      1.743e+00      
      2419      2.024e+00      
      2420      1.931e+00      
      2421      1.541e+00      
      2422      1.069e+00      
      2423      6.814e-01      
      2424      4.268e-01      
      2425      2.792e-01      
      2426      2.005e-01      
      2427      1.619e-01      
      2953      2.225e-01      
      2954      2.696e-01      
      2957      1.866e-01      
      2958      1.459e-01      
      3556      1.895e-01      
      3557      2.740e-01      
      3558      3.438e-01      
      3559      3.811e-01      
      3561      3.329e-01      
      3562      2.558e-01      
      3563      1.694e-01      
      3564      1.000e-01      


3624   1.000e-01