0.0      1.100e-01      
      1      1.100e-01      
      34      2.007e-01      
      35      2.899e-01      
      36      3.940e-01      
      40      3.536e-01      
      41      2.782e-01      
      43      1.889e-01      
      44      1.684e-01      
      366      1.968e-01      
      367      3.134e-01      
      368      5.053e-01      
      369      7.451e-01      
      370      9.564e-01      
      371      1.056e+00      
      372      1.016e+00      
      373      8.746e-01      
      374      6.987e-01      
      375      5.423e-01      
      376      4.322e-01      
      382      4.990e-01      
      383      5.425e-01      
      384      5.903e-01      
      385      6.476e-01      
      386      7.100e-01      
      387      7.652e-01      
      394      8.567e-01      
      395      9.068e-01      
      396      9.838e-01      
      397      1.084e+00      
      398      1.193e+00      
      399      1.296e+00      
      400      1.380e+00      
      401      1.448e+00      
      402      1.517e+00      
      403      1.603e+00      
      404      1.712e+00      
      405      1.834e+00      
      406      1.946e+00      
      407      2.031e+00      
      408      2.101e+00      
      409      2.192e+00      
      410      2.360e+00      
      411      2.651e+00      
      412      3.058e+00      
      413      3.489e+00      
      414      3.811e+00      
      415      3.935e+00      
      416      3.884e+00      
      417      3.758e+00      
      418      3.659e+00      
      419      3.649e+00      
      420      3.743e+00      
      421      3.944e+00      
      422      4.272e+00      
      423      4.764e+00      
      424      5.424e+00      
      425      6.145e+00      
      426      6.723e+00      
      427      6.969e+00      
      428      6.860e+00      
      429      6.548e+00      
      430      6.236e+00      
      431      6.050e+00      
      433      6.064e+00      
      434      6.159e+00      
      435      6.256e+00      
      436      6.337e+00      
      438      6.429e+00      
      439      6.440e+00      
      448      6.354e+00      
      449      6.306e+00      
      450      6.221e+00      
      451      6.104e+00      
      452      5.968e+00      
      453      5.828e+00      
      454      5.699e+00      
      455      5.584e+00      
      456      5.481e+00      
      457      5.381e+00      
      458      5.273e+00      
      459      5.148e+00      
      460      5.003e+00      
      461      4.840e+00      
      462      4.663e+00      
      463      4.479e+00      
      464      4.294e+00      
      465      4.113e+00      
      466      3.939e+00      
      467      3.774e+00      
      468      3.619e+00      
      469      3.472e+00      
      470      3.328e+00      
      471      3.183e+00      
      472      3.034e+00      
      473      2.881e+00      
      474      2.724e+00      
      475      2.569e+00      
      476      2.423e+00      
      477      2.294e+00      
      478      2.189e+00      
      479      2.112e+00      
      480      2.060e+00      
      485      1.961e+00      
      486      1.954e+00      
      493      1.873e+00      
      494      1.850e+00      
      497      1.769e+00      
      498      1.727e+00      
      500      1.630e+00      
      501      1.580e+00      
      503      1.488e+00      
      504      1.452e+00      
      509      1.368e+00      
      510      1.348e+00      
      513      1.270e+00      
      514      1.244e+00      
      519      1.146e+00      
      520      1.128e+00      
      523      1.038e+00      
      524      9.979e-01      
      527      9.060e-01      
      528      8.867e-01      
      533      7.919e-01      
      534      7.788e-01      
      552      6.883e-01      
      553      6.743e-01      
      568      5.818e-01      
      569      5.666e-01      
      596      4.686e-01      
      597      4.628e-01      
      610      3.632e-01      
      611      3.566e-01      
      641      2.579e-01      
      642      2.564e-01      
      693      1.564e-01      
      694      1.472e-01      
      1066      1.161e-01      
      1067      2.617e-01      
      1068      5.039e-01      
      1069      8.156e-01      
      1070      1.105e+00      
      1071      1.254e+00      
      1072      1.197e+00      
      1073      9.709e-01      
      1074      6.851e-01      
      1075      4.368e-01      
      1076      2.659e-01      
      1077      1.640e-01      
      1205      1.908e-01      
      1206      3.830e-01      
      1207      7.560e-01      
      1208      1.337e+00      
      1209      2.050e+00      
      1210      2.725e+00      
      1211      3.196e+00      
      1212      3.391e+00      
      1213      3.331e+00      
      1214      3.089e+00      
      1215      2.753e+00      
      1216      2.418e+00      
      1217      2.162e+00      
      1218      2.031e+00      
      1219      2.037e+00      
      1220      2.172e+00      
      1221      2.419e+00      
      1222      2.757e+00      
      1223      3.159e+00      
      1224      3.602e+00      
      1225      4.057e+00      
      1226      4.498e+00      
      1227      4.908e+00      
      1228      5.289e+00      
      1229      5.661e+00      
      1230      6.043e+00      
      1231      6.430e+00      
      1232      6.791e+00      
      1233      7.086e+00      
      1234      7.296e+00      
      1235      7.435e+00      
      1236      7.537e+00      
      1237      7.628e+00      
      1238      7.715e+00      
      1242      7.641e+00      
      1243      7.422e+00      
      1244      7.126e+00      
      1245      6.780e+00      
      1246      6.416e+00      
      1247      6.072e+00      
      1248      5.772e+00      
      1249      5.522e+00      
      1250      5.315e+00      
      1251      5.133e+00      
      1252      4.964e+00      
      1253      4.805e+00      
      1254      4.661e+00      
      1255      4.540e+00      
      1256      4.439e+00      
      1257      4.350e+00      
      1258      4.260e+00      
      1259      4.162e+00      
      1260      4.054e+00      
      1261      3.938e+00      
      1262      3.813e+00      
      1263      3.679e+00      
      1264      3.541e+00      
      1265      3.403e+00      
      1266      3.265e+00      
      1267      3.127e+00      
      1268      2.985e+00      
      1269      2.842e+00      
      1270      2.704e+00      
      1271      2.581e+00      
      1272      2.482e+00      
      1273      2.410e+00      
      1275      2.330e+00      
      1276      2.308e+00      
      1280      2.227e+00      
      1281      2.201e+00      
      1283      2.139e+00      
      1284      2.098e+00      
      1285      2.050e+00      
      1286      1.997e+00      
      1287      1.942e+00      
      1288      1.883e+00      
      1289      1.816e+00      
      1290      1.738e+00      
      1291      1.647e+00      
      1292      1.551e+00      
      1293      1.461e+00      
      1294      1.389e+00      
      1312      1.300e+00      
      1313      1.275e+00      
      1315      1.203e+00      
      1316      1.168e+00      
      1328      1.073e+00      
      1329      1.061e+00      
      1335      9.714e-01      
      1336      9.460e-01      
      1338      8.779e-01      
      1339      8.377e-01      
      1341      7.617e-01      
      1342      7.311e-01      
      1347      6.424e-01      
      1348      6.293e-01      
      1360      5.367e-01      
      1361      5.286e-01      
      1400      4.336e-01      
      1401      4.223e-01      
      1428      3.243e-01      
      1429      3.216e-01      
      1475      2.233e-01      
      1476      2.167e-01      
      1493      1.204e-01      
      1494      1.125e-01      
      1535      1.830e-01      
      1536      2.147e-01      
      1651      1.277e-01      
      1652      1.116e-01      
      2097      1.734e-01      
      2098      2.969e-01      
      2099      4.267e-01      
      2100      5.158e-01      
      2101      5.283e-01      
      2102      4.633e-01      
      2103      3.546e-01      
      2104      2.451e-01      
      2105      1.611e-01      
      2106      1.069e-01      
      2196      1.942e-01      
      2197      4.294e-01      
      2198      8.260e-01      
      2199      1.362e+00      
      2200      1.907e+00      
      2201      2.252e+00      
      2202      2.240e+00      
      2203      1.890e+00      
      2204      1.378e+00      
      2205      9.017e-01      
      2206      5.659e-01      
      2207      3.732e-01      
      2208      2.809e-01      
      2209      2.476e-01      
      2213      3.465e-01      
      2214      4.117e-01      
      2215      4.953e-01      
      2216      5.952e-01      
      2217      7.065e-01      
      2218      8.229e-01      
      2219      9.381e-01      
      2220      1.046e+00      
      2221      1.141e+00      
      2222      1.218e+00      
      2224      1.307e+00      
      2225      1.325e+00      
      2242      1.254e+00      
      2243      1.222e+00      
      2246      1.124e+00      
      2247      1.098e+00      
      2252      1.020e+00      
      2253      9.905e-01      
      2256      9.040e-01      
      2257      8.870e-01      
      2265      7.935e-01      
      2266      7.777e-01      
      2271      6.959e-01      
      2272      6.687e-01      
      2274      5.989e-01      
      2275      5.651e-01      
      2291      4.696e-01      
      2292      4.649e-01      
      2300      3.778e-01      
      2301      3.632e-01      
      2317      2.634e-01      
      2318      2.601e-01      
      2389      1.632e-01      
      2390      1.597e-01      
      2408      2.523e-01      
      2409      3.238e-01      
      2410      4.080e-01      
      2411      5.303e-01      
      2412      7.385e-01      
      2413      1.047e+00      
      2414      1.378e+00      
      2415      1.587e+00      
      2416      1.574e+00      
      2417      1.366e+00      
      2418      1.080e+00      
      2419      8.305e-01      
      2420      6.683e-01      
      2425      7.626e-01      
      2426      8.382e-01      
      2427      9.166e-01      
      2428      1.000e+00      
      2429      1.091e+00      
      2430      1.189e+00      
      2431      1.293e+00      
      2432      1.404e+00      
      2433      1.520e+00      
      2434      1.639e+00      
      2435      1.760e+00      
      2436      1.880e+00      
      2437      1.996e+00      
      2438      2.102e+00      
      2439      2.191e+00      
      2440      2.260e+00      
      2442      2.354e+00      
      2443      2.397e+00      
      2444      2.446e+00      
      2445      2.504e+00      
      2446      2.571e+00      
      2447      2.646e+00      
      2448      2.730e+00      
      2449      2.820e+00      
      2450      2.911e+00      
      2451      2.992e+00      
      2458      2.916e+00      
      2459      2.857e+00      
      2460      2.789e+00      
      2461      2.714e+00      
      2462      2.627e+00      
      2463      2.524e+00      
      2464      2.401e+00      
      2465      2.262e+00      
      2466      2.115e+00      
      2467      1.976e+00      
      2468      1.856e+00      
      2469      1.764e+00      
      2470      1.704e+00      
      2478      1.638e+00      
      2479      1.593e+00      
      2481      1.516e+00      
      2482      1.488e+00      
      2487      1.394e+00      
      2488      1.364e+00      
      2490      1.279e+00      
      2491      1.237e+00      
      2497      1.138e+00      
      2498      1.131e+00      
      2504      1.033e+00      
      2505      1.013e+00      
      2509      9.254e-01      
      2510      9.054e-01      
      2513      8.152e-01      
      2514      7.699e-01      
      2516      6.824e-01      
      2517      6.482e-01      
      2522      5.513e-01      
      2523      5.413e-01      
      2537      4.520e-01      
      2538      4.391e-01      
      2567      4.707e-01      
      2568      6.060e-01      
      2569      8.486e-01      
      2570      1.178e+00      
      2571      1.499e+00      
      2572      1.681e+00      
      2573      1.647e+00      
      2574      1.432e+00      
      2575      1.154e+00      
      2576      9.234e-01      
      2577      7.881e-01      
      2594      8.798e-01      
      2595      8.979e-01      
      2599      9.932e-01      
      2600      1.005e+00      
      2604      1.083e+00      
      2605      1.127e+00      
      2612      1.047e+00      
      2613      1.010e+00      
      2630      9.302e-01      
      2631      8.933e-01      
      2633      8.010e-01      
      2634      7.478e-01      
      2636      6.511e-01      
      2637      6.192e-01      
      2654      5.442e-01      
      2655      5.011e-01      
      2658      4.053e-01      
      2659      3.876e-01      
      2724      2.928e-01      
      2725      2.875e-01      
      2771      1.902e-01      
      2772      1.865e-01      
      2947      1.758e-01      
      2948      4.216e-01      
      2949      8.149e-01      
      2950      1.255e+00      
      2951      1.543e+00      
      2952      1.528e+00      
      2953      1.240e+00      
      2954      8.470e-01      
      2955      5.102e-01      
      2956      2.899e-01      
      2957      1.682e-01      
      3141      1.741e-01      
      3142      4.262e-01      
      3143      8.297e-01      
      3144      1.291e+00      
      3145      1.619e+00      
      3146      1.657e+00      
      3147      1.423e+00      
      3148      1.073e+00      
      3149      7.624e-01      
      3150      5.437e-01      
      3151      3.947e-01      
      3152      2.846e-01      
      3153      2.033e-01      
      3154      1.514e-01      
      3167      2.286e-01      
      3168      2.526e-01      
      3171      3.263e-01      
      3172      3.542e-01      
      3177      4.434e-01      
      3178      4.572e-01      
      3232      3.573e-01      
      3233      3.491e-01      
      3256      2.569e-01      
      3257      2.311e-01      
      3280      1.317e-01      
      3281      1.211e-01      
      3344      1.315e-01      
      3345      3.136e-01      
      3346      6.085e-01      
      3347      9.459e-01      
      3348      1.179e+00      
      3349      1.189e+00      
      3350      9.869e-01      
      3351      6.938e-01      
      3352      4.324e-01      
      3353      2.548e-01      
      3354      1.526e-01      
      3392      2.318e-01      
      3393      2.611e-01      
      3394      3.248e-01      
      3395      4.177e-01      
      3396      5.260e-01      
      3397      6.278e-01      
      3400      6.230e-01      
      3401      5.161e-01      
      3402      4.095e-01      
      3403      3.273e-01      
      3404      2.732e-01      
      3413      3.464e-01      
      3414      3.896e-01      
      3416      4.719e-01      
      3417      5.033e-01      
      3422      6.020e-01      
      3423      6.153e-01      
      3428      6.860e-01      
      3429      7.388e-01      
      3430      8.107e-01      
      3431      8.870e-01      
      3433      9.855e-01      
      3434      9.969e-01      
      3441      9.000e-01      
      3442      8.888e-01      
      3447      8.038e-01      
      3448      7.671e-01      
      3468      6.725e-01      
      3469      6.612e-01      
      3472      5.913e-01      
      3473      5.558e-01      
      3476      4.655e-01      
      3477      4.470e-01      
      3495      3.568e-01      
      3496      3.465e-01      
      3523      2.469e-01      
      3524      2.447e-01      
      3550      3.035e-01      
      3551      3.996e-01      
      3552      5.753e-01      
      3553      8.221e-01      
      3554      1.090e+00      
      3555      1.304e+00      
      3557      1.351e+00      
      3558      1.177e+00      
      3559      9.426e-01      
      3560      7.202e-01      
      3561      5.535e-01      
      3562      4.484e-01      
      3564      3.587e-01      
      3565      3.424e-01      
      3592      2.437e-01      
      3593      2.246e-01      


3624   2.246e-01