0.0      1.000e-01      
      1      1.000e-01      
      35      1.869e-01      
      36      2.396e-01      
      38      1.956e-01      
      39      1.246e-01      
      359      2.151e-01      
      360      3.466e-01      
      361      4.997e-01      
      362      6.486e-01      
      365      5.999e-01      
      366      4.013e-01      
      367      2.168e-01      
      368      1.000e-01      
      1064      1.574e-01      
      1065      2.937e-01      
      1066      4.749e-01      
      1067      6.396e-01      
      1069      6.197e-01      
      1070      4.392e-01      
      1071      2.492e-01      
      1072      1.131e-01      
      2096      2.043e-01      
      2097      2.241e-01      
      2099      1.400e-01      
      2100      1.000e-01      
      2197      1.819e-01      
      2198      2.164e-01      
      2202      1.424e-01      
      2203      1.000e-01      


3624   1.000e-01