0.0      1.000e-01      
      1      1.000e-01      
      38      1.319e-01      
      39      2.382e-01      
      40      4.072e-01      
      41      6.152e-01      
      42      8.036e-01      
      43      9.095e-01      
      44      9.048e-01      
      45      8.088e-01      
      46      6.677e-01      
      47      5.237e-01      
      48      4.002e-01      
      49      3.035e-01      
      50      2.312e-01      
      52      1.414e-01      
      53      1.155e-01      
      418      1.859e-01      
      419      3.458e-01      
      420      6.074e-01      
      421      9.505e-01      
      422      1.301e+00      
      423      1.556e+00      
      425      1.554e+00      
      426      1.353e+00      
      427      1.123e+00      
      428      9.415e-01      
      434      8.839e-01      
      435      7.566e-01      
      436      6.122e-01      
      437      4.791e-01      
      438      3.701e-01      
      439      2.863e-01      
      440      2.239e-01      
      443      1.266e-01      
      444      1.180e-01      
      447      1.821e-01      
      448      2.289e-01      
      478      3.246e-01      
      479      3.501e-01      
      480      4.023e-01      
      481      4.938e-01      
      482      6.265e-01      
      483      7.860e-01      
      484      9.489e-01      
      485      1.098e+00      
      486      1.230e+00      
      487      1.341e+00      
      491      1.259e+00      
      492      1.103e+00      
      493      9.460e-01      
      494      8.122e-01      
      495      7.105e-01      
      496      6.392e-01      
      497      5.925e-01      
      537      6.841e-01      
      538      6.935e-01      
      548      7.893e-01      
      549      7.941e-01      
      562      8.900e-01      
      563      8.969e-01      
      582      9.952e-01      
      583      1.001e+00      
      706      9.022e-01      
      707      9.009e-01      
      753      8.010e-01      
      754      8.004e-01      
      816      7.007e-01      
      817      6.994e-01      
      888      6.002e-01      
      889      5.974e-01      
      984      4.984e-01      
      985      4.951e-01      
      1071      5.464e-01      
      1072      7.147e-01      
      1073      9.629e-01      
      1074      1.246e+00      
      1075      1.480e+00      
      1076      1.590e+00      
      1077      1.551e+00      
      1078      1.398e+00      
      1079      1.193e+00      
      1080      9.910e-01      
      1081      8.219e-01      
      1082      6.928e-01      
      1083      5.993e-01      
      1084      5.333e-01      
      1086      4.549e-01      
      1087      4.323e-01      
      1219      5.140e-01      
      1220      5.446e-01      
      1232      4.520e-01      
      1233      4.417e-01      
      1412      3.421e-01      
      1413      3.406e-01      
      1504      2.410e-01      
      1505      2.404e-01      
      1996      3.185e-01      
      1997      4.819e-01      
      1998      6.909e-01      
      1999      8.885e-01      
      2000      1.008e+00      
      2002      9.343e-01      
      2003      8.151e-01      
      2004      7.103e-01      
      2006      6.115e-01      
      2007      5.896e-01      
      2009      5.114e-01      
      2010      4.525e-01      
      2011      3.910e-01      
      2012      3.342e-01      
      2014      2.466e-01      
      2015      2.163e-01      
      2103      2.408e-01      
      2104      3.832e-01      
      2105      6.250e-01      
      2106      9.500e-01      
      2107      1.290e+00      
      2108      1.554e+00      
      2109      1.676e+00      
      2110      1.647e+00      
      2111      1.500e+00      
      2112      1.289e+00      
      2113      1.061e+00      
      2114      8.484e-01      
      2115      6.703e-01      
      2116      5.305e-01      
      2117      4.250e-01      
      2118      3.467e-01      
      2119      2.892e-01      
      2122      1.984e-01      
      2123      1.844e-01      
      2415      2.495e-01      
      2416      3.666e-01      
      2417      6.168e-01      
      2418      1.036e+00      
      2419      1.582e+00      
      2420      2.111e+00      
      2421      2.451e+00      
      2422      2.504e+00      
      2423      2.297e+00      
      2424      1.941e+00      
      2425      1.549e+00      
      2426      1.198e+00      
      2427      9.176e-01      
      2428      7.079e-01      
      2429      5.568e-01      
      2430      4.492e-01      
      2431      3.720e-01      
      2432      3.158e-01      
      2435      2.245e-01      
      2436      2.106e-01      
      2575      3.041e-01      
      2576      3.457e-01      
      2578      4.337e-01      
      2579      4.591e-01      
      2585      3.593e-01      
      2586      3.486e-01      
      2596      2.498e-01      
      2597      2.456e-01      
      2898      1.460e-01      
      2899      1.440e-01      
      2955      2.118e-01      
      2956      2.483e-01      
      2966      1.493e-01      
      2967      1.410e-01      
      3560      2.100e-01      
      3561      2.492e-01      
      3567      1.615e-01      
      3568      1.348e-01      


3624   1.348e-01