0.0      1.000e-01      
      1      1.000e-01      
      410      1.338e-01      
      411      2.897e-01      
      412      5.377e-01      
      413      8.314e-01      
      414      1.068e+00      
      416      1.065e+00      
      417      8.674e-01      
      418      6.484e-01      
      419      4.716e-01      
      420      3.663e-01      
      422      4.347e-01      
      423      6.192e-01      
      424      8.495e-01      
      425      1.028e+00      
      427      9.675e-01      
      428      7.794e-01      
      429      5.843e-01      
      430      4.284e-01      
      431      3.203e-01      
      432      2.500e-01      
      433      2.047e-01      
      449      1.060e-01      
      450      1.040e-01      
      1067      1.608e-01      
      1068      2.965e-01      
      1069      4.863e-01      
      1070      6.959e-01      
      1071      8.610e-01      
      1073      8.545e-01      
      1074      7.041e-01      
      1075      5.309e-01      
      1076      3.813e-01      
      1077      2.719e-01      
      1078      1.986e-01      
      1079      1.505e-01      
      1207      1.609e-01      
      1208      3.269e-01      
      1209      5.769e-01      
      1210      8.726e-01      
      1211      1.138e+00      
      1212      1.294e+00      
      1213      1.300e+00      
      1214      1.167e+00      
      1215      9.484e-01      
      1216      7.121e-01      
      1217      5.083e-01      
      1218      3.568e-01      
      1219      2.540e-01      
      1220      1.868e-01      
      1221      1.427e-01      
      1684      2.382e-01      
      1685      2.573e-01      
      1688      1.753e-01      
      1689      1.400e-01      
      2196      1.112e-01      
      2197      2.683e-01      
      2198      5.827e-01      
      2199      1.093e+00      
      2200      1.757e+00      
      2201      2.428e+00      
      2202      2.898e+00      
      2203      3.005e+00      
      2204      2.736e+00      
      2205      2.217e+00      
      2206      1.632e+00      
      2207      1.120e+00      
      2208      7.407e-01      
      2209      4.885e-01      
      2210      3.318e-01      
      2211      2.368e-01      
      2212      1.791e-01      
      2406      1.583e-01      
      2407      2.998e-01      
      2408      4.952e-01      
      2409      7.176e-01      
      2410      9.550e-01      
      2411      1.250e+00      
      2412      1.678e+00      
      2413      2.265e+00      
      2414      2.912e+00      
      2415      3.430e+00      
      2416      3.652e+00      
      2417      3.523e+00      
      2418      3.108e+00      
      2419      2.535e+00      
      2420      1.941e+00      
      2421      1.422e+00      
      2422      1.024e+00      
      2423      7.443e-01      
      2424      5.592e-01      
      2425      4.394e-01      
      2426      3.618e-01      
      2427      3.104e-01      
      2431      2.163e-01      
      2432      2.030e-01      
      2459      1.040e-01      
      2460      1.019e-01      
      2568      1.407e-01      
      2569      2.183e-01      
      2570      3.174e-01      
      2571      4.183e-01      
      2572      4.957e-01      
      2573      5.293e-01      
      2575      4.577e-01      
      2576      3.844e-01      
      2577      3.128e-01      
      2578      2.542e-01      
      2583      1.556e-01      
      2584      1.504e-01      
      2947      1.404e-01      
      2948      2.755e-01      
      2949      4.560e-01      
      2950      6.240e-01      
      2953      5.644e-01      
      2954      4.260e-01      
      2955      3.072e-01      
      2956      2.220e-01      
      2957      1.654e-01      
      3140      1.438e-01      
      3141      3.045e-01      
      3142      5.701e-01      
      3143      8.954e-01      
      3144      1.167e+00      
      3145      1.281e+00      
      3146      1.239e+00      
      3147      1.131e+00      
      3148      1.037e+00      
      3149      9.559e-01      
      3150      8.461e-01      
      3151      6.916e-01      
      3152      5.210e-01      
      3153      3.727e-01      
      3154      2.641e-01      
      3155      1.920e-01      
      3156      1.456e-01      
      3345      2.431e-01      
      3346      3.700e-01      
      3347      4.833e-01      
      3350      4.589e-01      
      3351      3.637e-01      
      3352      2.745e-01      
      3353      2.054e-01      
      3355      1.225e-01      
      3356      1.000e-01      
      3555      1.732e-01      
      3556      2.767e-01      
      3557      3.822e-01      
      3561      3.275e-01      
      3562      2.513e-01      
      3563      1.901e-01      
      3564      1.458e-01      


3624   1.458e-01