0.0      1.000e-01      
      1      1.000e-01      
      33      1.142e-01      
      34      2.623e-01      
      35      4.807e-01      
      36      7.059e-01      
      37      8.354e-01      
      38      8.051e-01      
      39      6.431e-01      
      40      4.386e-01      
      41      2.678e-01      
      42      1.566e-01      
      358      2.319e-01      
      359      7.437e-01      
      360      1.902e+00      
      361      3.917e+00      
      362      6.576e+00      
      363      9.149e+00      
      364      1.074e+01      
      365      1.084e+01      
      366      9.527e+00      
      367      7.372e+00      
      368      5.061e+00      
      369      3.111e+00      
      370      1.735e+00      
      371      8.991e-01      
      372      4.508e-01      
      373      2.317e-01      
      374      1.291e-01      
      418      2.104e-01      
      419      2.823e-01      
      420      4.764e-01      
      421      8.101e-01      
      422      1.192e+00      
      423      1.442e+00      
      424      1.422e+00      
      425      1.160e+00      
      426      8.107e-01      
      427      5.170e-01      
      428      3.292e-01      
      429      2.264e-01      
      431      1.396e-01      
      432      1.203e-01      
      446      1.765e-01      
      447      2.273e-01      
      448      3.372e-01      
      449      5.584e-01      
      450      9.086e-01      
      451      1.302e+00      
      452      1.559e+00      
      453      1.542e+00      
      454      1.275e+00      
      455      9.136e-01      
      456      6.056e-01      
      457      4.079e-01      
      458      3.039e-01      
      475      2.055e-01      
      476      1.997e-01      
      506      2.758e-01      
      507      3.027e-01      
      569      2.049e-01      
      570      1.984e-01      
      1062      1.761e-01      
      1063      3.315e-01      
      1064      5.848e-01      
      1065      9.476e-01      
      1066      1.389e+00      
      1067      1.826e+00      
      1068      2.150e+00      
      1069      2.265e+00      
      1070      2.129e+00      
      1071      1.786e+00      
      1072      1.341e+00      
      1073      9.115e-01      
      1074      5.728e-01      
      1075      3.454e-01      
      1076      2.107e-01      
      1077      1.372e-01      
      1078      1.000e-01      
      1203      1.000e-01      
      1204      2.203e-01      
      1205      5.416e-01      
      1206      1.137e+00      
      1207      1.975e+00      
      1208      2.829e+00      
      1209      3.357e+00      
      1210      3.329e+00      
      1211      2.792e+00      
      1212      2.018e+00      
      1213      1.301e+00      
      1214      7.885e-01      
      1215      4.786e-01      
      1216      3.032e-01      
      1217      2.016e-01      
      1219      1.037e-01      
      1220      1.000e-01      
      1526      1.721e-01      
      1527      3.717e-01      
      1528      7.385e-01      
      1529      1.279e+00      
      1530      1.858e+00      
      1531      2.219e+00      
      1532      2.163e+00      
      1533      1.733e+00      
      1534      1.162e+00      
      1535      6.772e-01      
      1536      3.643e-01      
      1537      1.969e-01      
      1569      2.048e-01      
      1570      4.772e-01      
      1571      9.098e-01      
      1572      1.388e+00      
      1573      1.691e+00      
      1574      1.658e+00      
      1575      1.328e+00      
      1576      8.915e-01      
      1577      5.248e-01      
      1578      2.896e-01      
      1579      1.625e-01      
      1983      1.614e-01      
      1984      2.894e-01      
      1985      4.173e-01      
      1988      3.744e-01      
      1989      2.610e-01      
      1990      1.670e-01      
      1991      1.050e-01      
      2093      1.652e-01      
      2094      4.155e-01      
      2095      8.259e-01      
      2096      1.305e+00      
      2097      1.651e+00      
      2098      1.691e+00      
      2099      1.424e+00      
      2100      1.008e+00      
      2101      6.212e-01      
      2102      3.502e-01      
      2103      1.932e-01      
      2193      1.347e-01      
      2194      3.523e-01      
      2195      7.755e-01      
      2196      1.428e+00      
      2197      2.233e+00      
      2198      3.044e+00      
      2199      3.713e+00      
      2200      4.111e+00      
      2201      4.118e+00      
      2202      3.669e+00      
      2203      2.859e+00      
      2204      1.939e+00      
      2205      1.158e+00      
      2206      6.315e-01      
      2207      3.340e-01      
      2208      1.850e-01      
      2394      1.319e-01      
      2395      3.412e-01      
      2396      7.293e-01      
      2397      1.264e+00      
      2398      1.778e+00      
      2399      2.040e+00      
      2400      1.933e+00      
      2401      1.539e+00      
      2402      1.056e+00      
      2403      6.479e-01      
      2404      3.729e-01      
      2405      2.145e-01      
      2406      1.340e-01      
      2407      1.011e-01      
      2561      1.220e-01      
      2562      3.560e-01      
      2563      8.830e-01      
      2564      1.799e+00      
      2565      3.007e+00      
      2566      4.153e+00      
      2567      4.798e+00      
      2568      4.703e+00      
      2569      3.970e+00      
      2570      2.927e+00      
      2571      1.915e+00      
      2572      1.136e+00      
      2573      6.342e-01      
      2574      3.511e-01      
      2575      2.047e-01      
      2576      1.319e-01      
      2577      1.000e-01      
      2770      1.000e-01      
      2771      2.128e-01      
      2772      3.845e-01      
      2773      5.629e-01      
      2774      6.666e-01      
      2775      6.440e-01      
      2776      5.167e-01      
      2777      3.559e-01      
      2778      2.218e-01      
      2779      1.344e-01      
      2780      1.000e-01      
      2944      1.144e-01      
      2945      2.150e-01      
      2946      3.291e-01      
      2950      2.494e-01      
      2951      1.645e-01      
      3340      1.729e-01      
      3341      3.414e-01      
      3342      5.350e-01      
      3343      6.703e-01      
      3344      6.796e-01      
      3345      5.685e-01      
      3346      4.045e-01      
      3347      2.570e-01      
      3348      1.559e-01      


3624   1.559e-01