0.0      1.000e-01      
      1      1.000e-01      
      398      1.903e-01      
      399      2.499e-01      
      400      3.298e-01      
      401      4.175e-01      
      402      4.912e-01      
      403      5.304e-01      
      406      4.369e-01      
      407      3.849e-01      
      409      3.040e-01      
      410      2.764e-01      
      413      3.686e-01      
      414      5.180e-01      
      415      7.182e-01      
      416      9.030e-01      
      418      9.356e-01      
      419      7.877e-01      
      420      6.273e-01      
      421      5.147e-01      
      424      5.567e-01      
      425      7.056e-01      
      426      9.036e-01      
      427      1.080e+00      
      429      1.086e+00      
      430      9.339e-01      
      431      7.781e-01      
      432      6.734e-01      
      437      5.828e-01      
      438      5.677e-01      
      449      4.800e-01      
      450      4.579e-01      
      453      3.759e-01      
      454      3.465e-01      
      457      2.557e-01      
      458      2.279e-01      
      463      1.341e-01      
      464      1.245e-01      
      1068      1.807e-01      
      1069      3.737e-01      
      1070      6.144e-01      
      1071      8.052e-01      
      1073      7.153e-01      
      1074      4.947e-01      
      1075      2.865e-01      
      1076      1.460e-01      
      1207      2.123e-01      
      1208      4.716e-01      
      1209      8.520e-01      
      1210      1.270e+00      
      1211      1.599e+00      
      1212      1.757e+00      
      1213      1.751e+00      
      1214      1.639e+00      
      1215      1.465e+00      
      1216      1.252e+00      
      1217      1.025e+00      
      1218      8.180e-01      
      1219      6.593e-01      
      1220      5.545e-01      
      1221      4.902e-01      
      1222      4.489e-01      
      1227      5.196e-01      
      1228      5.802e-01      
      1229      6.386e-01      
      1230      6.884e-01      
      1238      6.114e-01      
      1239      5.744e-01      
      1241      5.001e-01      
      1242      4.589e-01      
      1244      3.736e-01      
      1245      3.343e-01      
      1248      2.465e-01      
      1249      2.278e-01      
      1263      1.308e-01      
      1264      1.274e-01      
      1992      1.592e-01      
      1993      2.320e-01      
      1997      1.533e-01      
      1998      1.000e-01      
      2099      1.887e-01      
      2100      2.156e-01      
      2102      1.445e-01      
      2103      1.000e-01      
      2195      1.069e-01      
      2196      2.579e-01      
      2197      5.252e-01      
      2198      8.999e-01      
      2199      1.300e+00      
      2200      1.598e+00      
      2202      1.571e+00      
      2203      1.283e+00      
      2204      9.231e-01      
      2205      5.850e-01      
      2206      3.337e-01      
      2207      1.848e-01      
      2413      1.243e-01      
      2414      3.440e-01      
      2415      7.624e-01      
      2416      1.353e+00      
      2417      1.927e+00      
      2418      2.208e+00      
      2419      2.048e+00      
      2420      1.553e+00      
      2421      9.795e-01      
      2422      5.280e-01      
      2423      2.549e-01      
      2424      1.189e-01      
      3369      1.904e-01      
      3370      2.352e-01      
      3372      1.924e-01      
      3373      1.345e-01      
      3395      2.036e-01      
      3396      5.320e-01      
      3397      1.160e+00      
      3398      2.112e+00      
      3399      3.207e+00      
      3400      4.045e+00      
      3401      4.222e+00      
      3402      3.639e+00      
      3403      2.595e+00      
      3404      1.545e+00      
      3405      7.828e-01      
      3406      3.515e-01      
      3407      1.508e-01      
      3554      2.217e-01      
      3555      3.582e-01      
      3556      4.645e-01      
      3558      4.211e-01      
      3559      3.049e-01      
      3560      1.915e-01      


3624   1.915e-01