0.0      1.000e-01      
      1      1.000e-01      
      400      1.936e-01      
      401      2.249e-01      
      412      2.770e-01      
      413      3.832e-01      
      414      5.527e-01      
      415      7.698e-01      
      416      9.767e-01      
      417      1.099e+00      
      419      1.014e+00      
      420      9.085e-01      
      424      9.516e-01      
      425      1.088e+00      
      426      1.256e+00      
      427      1.409e+00      
      430      1.388e+00      
      431      1.296e+00      
      435      1.356e+00      
      436      1.424e+00      
      437      1.484e+00      
      438      1.535e+00      
      440      1.628e+00      
      441      1.677e+00      
      442      1.730e+00      
      443      1.784e+00      
      445      1.878e+00      
      446      1.900e+00      
      449      1.810e+00      
      450      1.751e+00      
      452      1.659e+00      
      453      1.626e+00      
      455      1.551e+00      
      456      1.500e+00      
      457      1.443e+00      
      458      1.386e+00      
      459      1.331e+00      
      460      1.280e+00      
      462      1.180e+00      
      463      1.130e+00      
      465      1.031e+00      
      466      9.862e-01      
      468      9.116e-01      
      469      8.837e-01      
      474      7.869e-01      
      475      7.587e-01      
      491      6.725e-01      
      492      6.563e-01      
      496      5.680e-01      
      497      5.554e-01      
      513      4.554e-01      
      514      4.441e-01      
      529      3.456e-01      
      530      3.327e-01      
      553      2.517e-01      
      554      2.300e-01      
      606      1.312e-01      
      607      1.288e-01      
      1069      1.350e-01      
      1070      2.389e-01      
      1071      3.378e-01      
      1072      3.832e-01      
      1073      3.519e-01      
      1074      2.653e-01      
      1075      1.689e-01      
      1076      1.000e-01      
      1207      1.333e-01      
      1208      3.065e-01      
      1209      5.689e-01      
      1210      8.611e-01      
      1211      1.082e+00      
      1213      1.105e+00      
      1214      9.719e-01      
      1215      8.137e-01      
      1216      6.571e-01      
      1217      5.148e-01      
      1218      3.969e-01      
      1219      3.105e-01      
      1220      2.561e-01      
      1225      3.145e-01      
      1226      3.684e-01      
      1227      4.321e-01      
      1228      5.065e-01      
      1229      5.924e-01      
      1230      6.890e-01      
      1231      7.939e-01      
      1232      9.040e-01      
      1233      1.016e+00      
      1234      1.128e+00      
      1235      1.243e+00      
      1236      1.369e+00      
      1237      1.505e+00      
      1238      1.637e+00      
      1239      1.734e+00      
      1240      1.770e+00      
      1241      1.734e+00      
      1242      1.645e+00      
      1243      1.534e+00      
      1244      1.434e+00      
      1245      1.364e+00      
      1260      1.292e+00      
      1261      1.259e+00      
      1263      1.175e+00      
      1264      1.122e+00      
      1265      1.060e+00      
      1266      9.894e-01      
      1267      9.183e-01      
      1268      8.541e-01      
      1270      7.633e-01      
      1271      7.355e-01      
      1278      6.497e-01      
      1279      6.285e-01      
      1287      5.320e-01      
      1288      5.227e-01      
      1293      4.276e-01      
      1294      4.048e-01      
      1313      3.066e-01      
      1314      2.938e-01      
      1334      1.965e-01      
      1335      1.898e-01      
      2196      1.516e-01      
      2197      3.103e-01      
      2198      5.268e-01      
      2199      7.430e-01      
      2200      8.781e-01      
      2202      7.784e-01      
      2203      6.119e-01      
      2204      4.355e-01      
      2205      2.830e-01      
      2206      1.737e-01      
      2239      2.702e-01      
      2240      2.824e-01      
      2277      1.897e-01      
      2278      1.776e-01      
      2414      1.968e-01      
      2415      3.951e-01      
      2416      6.374e-01      
      2417      8.313e-01      
      2419      7.794e-01      
      2420      5.787e-01      
      2421      3.717e-01      
      2422      2.152e-01      
      2423      1.223e-01      
      2424      1.000e-01      
      2445      1.962e-01      
      2446      2.099e-01      
      2453      3.049e-01      
      2454      3.123e-01      
      2513      2.214e-01      
      2514      2.087e-01      
      2549      1.090e-01      
      2550      1.079e-01      
      3395      1.033e-01      
      3396      2.616e-01      
      3397      5.473e-01      
      3398      9.498e-01      
      3399      1.371e+00      
      3400      1.648e+00      
      3401      1.651e+00      
      3402      1.379e+00      
      3403      9.646e-01      
      3404      5.714e-01      
      3405      2.935e-01      
      3406      1.372e-01      
      3552      1.091e-01      
      3553      2.588e-01      
      3554      4.961e-01      
      3555      7.659e-01      
      3556      9.524e-01      
      3557      9.581e-01      
      3558      7.885e-01      
      3559      5.454e-01      
      3560      3.372e-01      
      3561      2.102e-01      
      3618      1.303e-01      
      3619      1.077e-01      


3624   1.077e-01