0.0      1.000e-01      
      1      1.000e-01      
      34      1.240e-01      
      35      2.463e-01      
      36      4.226e-01      
      37      6.134e-01      
      38      7.548e-01      
      40      7.099e-01      
      41      5.442e-01      
      42      3.610e-01      
      43      2.189e-01      
      44      1.396e-01      
      45      1.093e-01      
      413      2.051e-01      
      414      3.141e-01      
      415      4.806e-01      
      416      6.810e-01      
      417      8.712e-01      
      418      1.011e+00      
      428      9.570e-01      
      429      8.966e-01      
      440      9.811e-01      
      441      1.001e+00      
      444      1.073e+00      
      445      1.131e+00      
      446      1.217e+00      
      447      1.317e+00      
      448      1.400e+00      
      449      1.435e+00      
      451      1.344e+00      
      452      1.256e+00      
      453      1.170e+00      
      454      1.099e+00      
      455      1.043e+00      
      456      9.982e-01      
      460      8.991e-01      
      461      8.848e-01      
      464      8.087e-01      
      465      7.811e-01      
      470      6.843e-01      
      471      6.514e-01      
      473      5.658e-01      
      474      5.197e-01      
      480      5.528e-01      
      481      6.703e-01      
      482      8.091e-01      
      483      9.773e-01      
      484      1.195e+00      
      485      1.446e+00      
      486      1.650e+00      
      488      1.625e+00      
      489      1.456e+00      
      490      1.305e+00      
      491      1.214e+00      
      492      1.174e+00      
      498      1.076e+00      
      499      1.042e+00      
      501      9.688e-01      
      502      9.373e-01      
      505      8.378e-01      
      506      7.974e-01      
      508      7.186e-01      
      509      6.841e-01      
      512      5.842e-01      
      513      5.486e-01      
      516      4.637e-01      
      517      4.403e-01      
      520      3.527e-01      
      521      3.151e-01      
      525      2.156e-01      
      526      2.088e-01      
      687      1.197e-01      
      688      1.076e-01      
      1068      1.422e-01      
      1069      3.413e-01      
      1070      6.903e-01      
      1071      1.133e+00      
      1072      1.495e+00      
      1073      1.585e+00      
      1074      1.355e+00      
      1075      9.400e-01      
      1076      5.369e-01      
      1077      2.604e-01      
      1078      1.158e-01      
      1211      1.188e-01      
      1212      2.329e-01      
      1213      3.935e-01      
      1214      5.605e-01      
      1215      6.767e-01      
      1217      6.492e-01      
      1218      5.424e-01      
      1219      4.215e-01      
      1220      3.137e-01      
      1221      2.344e-01      
      1222      1.870e-01      
      1606      1.891e-01      
      1607      3.372e-01      
      1608      4.894e-01      
      1611      4.270e-01      
      1612      2.985e-01      
      1613      2.056e-01      
      1614      1.565e-01      
      1992      1.806e-01      
      1993      3.773e-01      
      1994      6.820e-01      
      1995      1.038e+00      
      1996      1.310e+00      
      1997      1.355e+00      
      1998      1.142e+00      
      1999      7.830e-01      
      2000      4.422e-01      
      2001      2.161e-01      
      2002      1.054e-01      
      2194      1.340e-01      
      2195      3.380e-01      
      2196      7.458e-01      
      2197      1.372e+00      
      2198      2.077e+00      
      2199      2.592e+00      
      2200      2.719e+00      
      2201      2.517e+00      
      2202      2.228e+00      
      2203      2.010e+00      
      2204      1.809e+00      
      2205      1.509e+00      
      2206      1.117e+00      
      2207      7.503e-01      
      2208      5.109e-01      
      2209      4.108e-01      
      2212      5.027e-01      
      2213      5.631e-01      
      2214      6.260e-01      
      2215      6.930e-01      
      2216      7.611e-01      
      2217      8.232e-01      
      2219      9.120e-01      
      2220      9.429e-01      
      2227      8.525e-01      
      2228      8.154e-01      
      2238      7.272e-01      
      2239      7.061e-01      
      2244      6.111e-01      
      2245      5.817e-01      
      2247      5.122e-01      
      2248      4.696e-01      
      2250      3.700e-01      
      2251      3.228e-01      
      2257      2.267e-01      
      2258      2.218e-01      
      2365      1.262e-01      
      2366      1.197e-01      
      2414      1.262e-01      
      2415      2.786e-01      
      2416      5.209e-01      
      2417      7.977e-01      
      2418      1.003e+00      
      2420      9.714e-01      
      2421      8.148e-01      
      2422      6.447e-01      
      2423      4.855e-01      
      2424      3.505e-01      
      2425      2.544e-01      
      2426      2.035e-01      
      2432      2.948e-01      
      2433      3.054e-01      
      2442      2.150e-01      
      2443      1.905e-01      
      2565      1.784e-01      
      2566      3.095e-01      
      2567      4.402e-01      
      2570      3.616e-01      
      2571      2.348e-01      
      2572      1.364e-01      
      2573      1.000e-01      
      2576      1.213e-01      
      2577      2.056e-01      
      2578      3.066e-01      
      2579      3.873e-01      
      2580      4.152e-01      
      2582      3.228e-01      
      2583      2.621e-01      
      2601      1.689e-01      
      2602      1.592e-01      
      2951      2.242e-01      
      2952      3.603e-01      
      2953      4.707e-01      
      2955      4.202e-01      
      2956      2.909e-01      
      2957      1.696e-01      
      3554      1.945e-01      
      3555      3.425e-01      
      3556      4.935e-01      
      3559      4.309e-01      
      3560      2.896e-01      
      3561      1.732e-01      


3624   1.732e-01