0.0      1.000e-01      
      1      1.000e-01      
      416      1.930e-01      
      417      2.088e-01      
      419      1.463e-01      
      420      1.065e-01      
      423      1.577e-01      
      424      2.825e-01      
      425      4.665e-01      
      426      6.653e-01      
      427      8.059e-01      
      429      7.243e-01      
      430      5.436e-01      
      431      3.555e-01      
      432      2.092e-01      
      433      1.173e-01      
      434      1.000e-01      
      1069      1.760e-01      
      1070      3.266e-01      
      1071      4.791e-01      
      1074      3.833e-01      
      1075      2.333e-01      
      1076      1.213e-01      
      1208      1.411e-01      
      1209      2.852e-01      
      1210      4.713e-01      
      1211      6.468e-01      
      1212      7.530e-01      
      1214      6.865e-01      
      1215      5.630e-01      
      1216      4.287e-01      
      1217      3.104e-01      
      1218      2.199e-01      
      1219      1.557e-01      
      1606      2.286e-01      
      1607      3.349e-01      
      1610      2.434e-01      
      1611      1.375e-01      
      1990      2.003e-01      
      1991      2.448e-01      
      1997      1.712e-01      
      1998      1.208e-01      
      2197      1.998e-01      
      2198      5.778e-01      
      2199      1.387e+00      
      2200      2.724e+00      
      2201      4.343e+00      
      2202      5.609e+00      
      2203      5.883e+00      
      2204      5.041e+00      
      2205      3.564e+00      
      2206      2.113e+00      
      2207      1.078e+00      
      2208      4.926e-01      
      2209      2.164e-01      
      2210      1.028e-01      
      2406      1.000e-01      
      2407      2.069e-01      
      2408      4.562e-01      
      2409      8.348e-01      
      2410      1.294e+00      
      2411      1.751e+00      
      2412      2.137e+00      
      2413      2.404e+00      
      2415      2.340e+00      
      2416      1.976e+00      
      2417      1.510e+00      
      2418      1.066e+00      
      2419      7.073e-01      
      2420      4.419e-01      
      2421      2.565e-01      
      2422      1.380e-01      
      2568      1.341e-01      
      2569      2.656e-01      
      2570      4.230e-01      
      2571      5.445e-01      
      2573      4.936e-01      
      2574      3.575e-01      
      2575      2.226e-01      
      2576      1.243e-01      
      2577      1.000e-01      
      2949      1.448e-01      
      2950      2.488e-01      
      2951      3.400e-01      
      2952      3.708e-01      
      2953      3.248e-01      
      2954      2.316e-01      
      2955      1.384e-01      
      2956      1.000e-01      
      3141      1.000e-01      
      3142      2.029e-01      
      3143      3.631e-01      
      3144      5.640e-01      
      3145      7.523e-01      
      3148      6.860e-01      
      3149      5.232e-01      
      3150      3.873e-01      
      3151      2.883e-01      
      3152      2.127e-01      
      3153      1.497e-01      
      3154      1.000e-01      
      3344      1.000e-01      
      3345      2.151e-01      
      3346      5.313e-01      
      3347      1.032e+00      
      3348      1.579e+00      
      3349      1.915e+00      
      3350      1.852e+00      
      3351      1.444e+00      
      3352      9.231e-01      
      3353      4.985e-01      
      3354      2.395e-01      
      3355      1.114e-01      
      3394      1.781e-01      
      3395      3.248e-01      
      3396      4.963e-01      
      3397      6.359e-01      
      3400      5.683e-01      
      3401      4.556e-01      
      3402      3.432e-01      
      3403      2.407e-01      
      3404      1.554e-01      
      3405      1.000e-01      
      3549      1.065e-01      
      3550      3.662e-01      
      3551      1.004e+00      
      3552      2.205e+00      
      3553      3.894e+00      
      3554      5.567e+00      
      3555      6.495e+00      
      3556      6.255e+00      
      3557      5.053e+00      
      3558      3.500e+00      
      3559      2.138e+00      
      3560      1.186e+00      
      3561      6.144e-01      
      3562      3.034e-01      
      3563      1.467e-01      


3624   1.467e-01