0.0      1.000e-01      
      1      1.000e-01      
      37      1.704e-01      
      38      2.508e-01      
      41      1.922e-01      
      42      1.154e-01      
      414      1.476e-01      
      415      2.750e-01      
      416      4.036e-01      
      419      3.259e-01      
      420      2.059e-01      
      421      1.180e-01      
      422      1.000e-01      
      424      1.097e-01      
      425      2.225e-01      
      426      4.157e-01      
      427      6.493e-01      
      428      8.273e-01      
      430      7.308e-01      
      431      5.206e-01      
      432      3.216e-01      
      433      1.838e-01      
      444      2.700e-01      
      445      3.062e-01      
      449      4.011e-01      
      450      4.127e-01      
      454      5.004e-01      
      455      5.298e-01      
      491      4.381e-01      
      492      4.260e-01      
      498      3.444e-01      
      499      3.079e-01      
      501      2.342e-01      
      502      2.050e-01      
      535      1.100e-01      
      536      1.000e-01      
      1067      1.000e-01      
      1068      2.322e-01      
      1069      5.571e-01      
      1070      1.069e+00      
      1071      1.625e+00      
      1072      1.963e+00      
      1073      1.899e+00      
      1074      1.492e+00      
      1075      9.768e-01      
      1076      5.573e-01      
      1077      2.974e-01      
      1078      1.622e-01      
      1207      2.072e-01      
      1208      5.149e-01      
      1209      1.038e+00      
      1210      1.688e+00      
      1211      2.228e+00      
      1212      2.419e+00      
      1213      2.201e+00      
      1214      1.717e+00      
      1215      1.178e+00      
      1216      7.305e-01      
      1217      4.233e-01      
      1218      2.386e-01      
      1219      1.370e-01      
      1237      2.195e-01      
      1238      2.590e-01      
      1240      3.484e-01      
      1241      3.964e-01      
      1243      4.907e-01      
      1244      5.359e-01      
      1246      6.355e-01      
      1247      6.943e-01      
      1248      7.580e-01      
      1249      8.243e-01      
      1250      8.904e-01      
      1251      9.547e-01      
      1252      1.017e+00      
      1253      1.078e+00      
      1254      1.137e+00      
      1255      1.193e+00      
      1257      1.291e+00      
      1258      1.337e+00      
      1259      1.385e+00      
      1260      1.440e+00      
      1261      1.504e+00      
      1262      1.573e+00      
      1263      1.637e+00      
      1264      1.689e+00      
      1286      1.603e+00      
      1287      1.554e+00      
      1288      1.489e+00      
      1289      1.409e+00      
      1290      1.321e+00      
      1291      1.237e+00      
      1292      1.166e+00      
      1293      1.112e+00      
      1297      1.014e+00      
      1298      9.929e-01      
      1302      8.982e-01      
      1303      8.785e-01      
      1308      7.910e-01      
      1309      7.744e-01      
      1312      6.997e-01      
      1313      6.569e-01      
      1314      6.066e-01      
      1315      5.541e-01      
      1317      4.587e-01      
      1318      4.203e-01      
      1322      3.260e-01      
      1323      3.091e-01      
      1336      2.100e-01      
      1337      2.022e-01      
      1375      1.076e-01      
      1376      1.005e-01      
      1578      1.987e-01      
      1579      2.299e-01      
      1582      1.330e-01      
      1583      1.000e-01      
      1604      1.388e-01      
      1605      2.868e-01      
      1606      4.856e-01      
      1607      6.666e-01      
      1609      6.827e-01      
      1610      5.261e-01      
      1611      3.536e-01      
      1612      2.198e-01      
      1613      1.360e-01      
      1614      1.000e-01      
      1991      1.841e-01      
      1992      3.893e-01      
      1993      6.688e-01      
      1994      9.248e-01      
      1995      1.031e+00      
      1996      9.348e-01      
      1997      7.017e-01      
      1998      4.512e-01      
      1999      2.637e-01      
      2000      1.523e-01      
      2096      1.107e-01      
      2097      2.578e-01      
      2098      4.898e-01      
      2099      7.453e-01      
      2100      9.124e-01      
      2101      9.166e-01      
      2102      7.862e-01      
      2103      6.122e-01      
      2104      4.599e-01      
      2105      3.408e-01      
      2106      2.451e-01      
      2107      1.691e-01      
      2194      1.266e-01      
      2195      3.741e-01      
      2196      9.390e-01      
      2197      1.963e+00      
      2198      3.431e+00      
      2199      5.096e+00      
      2200      6.589e+00      
      2201      7.605e+00      
      2202      7.941e+00      
      2203      7.459e+00      
      2204      6.194e+00      
      2205      4.489e+00      
      2206      2.845e+00      
      2207      1.618e+00      
      2208      8.754e-01      
      2209      5.009e-01      
      2210      3.506e-01      
      2212      3.702e-01      
      2213      4.681e-01      
      2214      6.152e-01      
      2215      8.166e-01      
      2216      1.076e+00      
      2217      1.389e+00      
      2218      1.741e+00      
      2219      2.111e+00      
      2220      2.481e+00      
      2221      2.835e+00      
      2222      3.161e+00      
      2223      3.455e+00      
      2224      3.714e+00      
      2225      3.935e+00      
      2226      4.120e+00      
      2227      4.282e+00      
      2228      4.434e+00      
      2229      4.589e+00      
      2230      4.748e+00      
      2231      4.904e+00      
      2232      5.043e+00      
      2233      5.153e+00      
      2234      5.224e+00      
      2235      5.259e+00      
      2239      5.168e+00      
      2240      5.118e+00      
      2241      5.066e+00      
      2242      5.016e+00      
      2243      4.964e+00      
      2244      4.899e+00      
      2245      4.806e+00      
      2246      4.675e+00      
      2247      4.503e+00      
      2248      4.300e+00      
      2249      4.083e+00      
      2250      3.872e+00      
      2251      3.678e+00      
      2252      3.508e+00      
      2253      3.364e+00      
      2254      3.246e+00      
      2255      3.156e+00      
      2256      3.090e+00      
      2257      3.039e+00      
      2258      2.987e+00      
      2259      2.924e+00      
      2260      2.848e+00      
      2261      2.766e+00      
      2262      2.686e+00      
      2263      2.610e+00      
      2264      2.533e+00      
      2265      2.448e+00      
      2266      2.354e+00      
      2267      2.260e+00      
      2268      2.172e+00      
      2269      2.095e+00      
      2270      2.025e+00      
      2271      1.958e+00      
      2272      1.890e+00      
      2273      1.820e+00      
      2274      1.750e+00      
      2275      1.682e+00      
      2276      1.622e+00      
      2279      1.525e+00      
      2280      1.513e+00      
      2285      1.434e+00      
      2286      1.406e+00      
      2289      1.315e+00      
      2290      1.283e+00      
      2292      1.215e+00      
      2293      1.175e+00      
      2295      1.077e+00      
      2296      1.018e+00      
      2297      9.540e-01      
      2298      8.905e-01      
      2299      8.309e-01      
      2300      7.772e-01      
      2302      6.954e-01      
      2303      6.752e-01      
      2312      5.826e-01      
      2313      5.703e-01      
      2320      4.766e-01      
      2321      4.510e-01      
      2324      3.519e-01      
      2325      3.285e-01      
      2341      2.291e-01      
      2342      2.233e-01      
      2353      1.239e-01      
      2354      1.171e-01      
      2406      1.930e-01      
      2407      4.156e-01      
      2408      9.007e-01      
      2409      1.687e+00      
      2410      2.613e+00      
      2411      3.346e+00      
      2412      3.629e+00      
      2413      3.469e+00      
      2414      3.054e+00      
      2415      2.546e+00      
      2416      2.029e+00      
      2417      1.560e+00      
      2418      1.185e+00      
      2419      9.046e-01      
      2420      6.875e-01      
      2421      5.127e-01      
      2422      3.821e-01      
      2423      3.029e-01      
      2424      2.729e-01      
      2426      3.205e-01      
      2427      3.809e-01      
      2428      4.602e-01      
      2429      5.560e-01      
      2430      6.647e-01      
      2431      7.828e-01      
      2432      9.088e-01      
      2433      1.043e+00      
      2434      1.185e+00      
      2435      1.331e+00      
      2436      1.475e+00      
      2437      1.610e+00      
      2438      1.730e+00      
      2439      1.828e+00      
      2440      1.899e+00      
      2446      1.966e+00      
      2447      2.021e+00      
      2448      2.099e+00      
      2449      2.193e+00      
      2450      2.288e+00      
      2451      2.373e+00      
      2452      2.440e+00      
      2453      2.486e+00      
      2461      2.410e+00      
      2462      2.356e+00      
      2463      2.289e+00      
      2464      2.208e+00      
      2465      2.118e+00      
      2466      2.028e+00      
      2467      1.943e+00      
      2468      1.871e+00      
      2470      1.782e+00      
      2471      1.764e+00      
      2478      1.693e+00      
      2479      1.661e+00      
      2481      1.574e+00      
      2482      1.528e+00      
      2484      1.450e+00      
      2485      1.416e+00      
      2487      1.331e+00      
      2488      1.268e+00      
      2489      1.187e+00      
      2490      1.095e+00      
      2491      1.006e+00      
      2492      9.283e-01      
      2493      8.688e-01      
      2494      8.280e-01      
      2504      7.374e-01      
      2505      7.193e-01      
      2510      6.204e-01      
      2511      5.870e-01      
      2513      4.956e-01      
      2514      4.483e-01      
      2517      3.584e-01      
      2518      3.437e-01      
      2524      2.474e-01      
      2525      2.336e-01      
      2544      3.254e-01      
      2545      3.664e-01      
      2548      2.926e-01      
      2549      2.533e-01      
      2567      2.549e-01      
      2568      4.123e-01      
      2569      6.536e-01      
      2570      9.109e-01      
      2571      1.067e+00      
      2572      1.042e+00      
      2573      8.639e-01      
      2574      6.340e-01      
      2575      4.434e-01      
      2576      3.251e-01      
      2599      4.142e-01      
      2600      4.273e-01      
      2604      5.190e-01      
      2605      5.321e-01      
      2628      4.522e-01      
      2629      4.189e-01      
      2631      3.444e-01      
      2632      3.038e-01      
      2634      2.291e-01      
      2635      1.995e-01      
      3140      1.828e-01      
      3141      3.534e-01      
      3142      5.617e-01      
      3143      7.389e-01      
      3146      7.013e-01      
      3147      5.779e-01      
      3148      4.708e-01      
      3150      3.813e-01      
      3151      3.617e-01      
      3152      3.166e-01      
      3153      2.452e-01      
      3154      1.703e-01      
      3155      1.123e-01      
      3347      1.909e-01      
      3348      3.142e-01      
      3349      4.276e-01      
      3352      3.416e-01      
      3353      2.314e-01      
      3354      1.463e-01      
      3355      1.000e-01      
      3395      1.972e-01      
      3396      3.046e-01      
      3397      4.508e-01      
      3398      6.738e-01      
      3399      9.861e-01      
      3400      1.304e+00      
      3401      1.465e+00      
      3402      1.365e+00      
      3403      1.056e+00      
      3404      6.938e-01      
      3405      4.061e-01      
      3406      2.281e-01      
      3407      1.335e-01      
      3408      1.000e-01      
      3429      1.371e-01      
      3430      2.637e-01      
      3431      4.195e-01      
      3432      5.487e-01      
      3434      5.443e-01      
      3435      4.364e-01      
      3436      3.246e-01      
      3437      2.410e-01      
      3438      1.898e-01      
      3457      2.840e-01      
      3458      3.168e-01      
      3461      4.147e-01      
      3462      4.353e-01      
      3476      3.409e-01      
      3477      3.351e-01      
      3495      2.413e-01      
      3496      2.026e-01      
      3499      1.125e-01      
      3500      1.000e-01      
      3548      1.786e-01      
      3549      3.912e-01      
      3550      9.794e-01      
      3551      2.284e+00      
      3552      4.568e+00      
      3553      7.659e+00      
      3554      1.074e+01      
      3555      1.266e+01      
      3556      1.263e+01      
      3557      1.080e+01      
      3558      8.047e+00      
      3559      5.392e+00      
      3560      3.452e+00      
      3561      2.351e+00      
      3562      1.928e+00      
      3563      1.955e+00      
      3564      2.249e+00      
      3565      2.691e+00      
      3566      3.210e+00      
      3567      3.769e+00      
      3568      4.351e+00      
      3569      4.939e+00      
      3570      5.500e+00      
      3571      5.995e+00      
      3572      6.396e+00      
      3573      6.707e+00      
      3574      6.964e+00      
      3575      7.205e+00      
      3576      7.454e+00      
      3577      7.708e+00      
      3578      7.940e+00      
      3579      8.114e+00      
      3582      8.097e+00      
      3583      7.956e+00      
      3584      7.795e+00      
      3585      7.626e+00      
      3586      7.454e+00      
      3587      7.278e+00      
      3588      7.095e+00      
      3589      6.900e+00      
      3590      6.682e+00      
      3591      6.432e+00      
      3592      6.151e+00      
      3593      5.853e+00      
      3594      5.556e+00      
      3595      5.282e+00      
      3596      5.043e+00      
      3597      4.849e+00      
      3598      4.696e+00      
      3599      4.582e+00      
      3600      4.501e+00      
      3601      4.448e+00      
      3604      4.350e+00      
      3605      4.286e+00      
      3606      4.196e+00      
      3607      4.088e+00      
      3608      3.972e+00      
      3609      3.851e+00      
      3610      3.726e+00      
      3611      3.594e+00      
      3612      3.457e+00      
      3613      3.314e+00      
      3614      3.166e+00      
      3615      3.012e+00      
      3616      2.849e+00      
      3617      2.678e+00      
      3618      2.503e+00      
      3619      2.331e+00      
      3620      2.175e+00      
      3621      2.048e+00      
      3622      1.958e+00      
      3623      1.905e+00      


3624   1.905e+00