0.0      1.000e-01      
      1      1.000e-01      
      364      1.000e-01      
      365      2.211e-01      
      366      4.266e-01      
      367      6.487e-01      
      368      7.814e-01      
      369      7.519e-01      
      370      5.866e-01      
      371      3.804e-01      
      372      2.144e-01      
      373      1.125e-01      
      1985      1.224e-01      
      1986      2.480e-01      
      1987      4.049e-01      
      1988      5.345e-01      
      1990      5.049e-01      
      1991      3.717e-01      
      1992      2.375e-01      
      1993      1.409e-01      
      1994      1.000e-01      
      2096      1.589e-01      
      2097      2.775e-01      
      2098      3.961e-01      
      2101      3.931e-01      
      2102      2.897e-01      
      2103      1.896e-01      
      2197      1.174e-01      
      2198      2.976e-01      
      2199      6.198e-01      
      2200      1.066e+00      
      2201      1.519e+00      
      2202      1.799e+00      
      2203      1.771e+00      
      2204      1.451e+00      
      2205      9.958e-01      
      2206      5.819e-01      
      2207      3.002e-01      
      2208      1.461e-01      
      2401      2.258e-01      
      2402      2.512e-01      
      2405      1.536e-01      
      2406      1.225e-01      


3624   1.225e-01