0.0      1.000e-01      
      1      1.000e-01      
      36      1.496e-01      
      37      2.225e-01      
      41      1.426e-01      
      42      1.000e-01      
      367      1.000e-01      
      368      2.011e-01      
      369      3.964e-01      
      370      6.192e-01      
      371      7.732e-01      
      372      7.857e-01      
      373      6.715e-01      
      374      5.080e-01      
      375      3.593e-01      
      376      2.422e-01      
      377      1.518e-01      
      378      1.000e-01      
      395      1.703e-01      
      396      2.055e-01      
      398      2.799e-01      
      399      3.069e-01      
      404      4.066e-01      
      405      4.278e-01      
      412      4.613e-01      
      413      5.752e-01      
      414      7.289e-01      
      415      8.719e-01      
      421      9.148e-01      
      422      1.028e+00      
      423      1.227e+00      
      424      1.532e+00      
      425      1.887e+00      
      426      2.173e+00      
      427      2.290e+00      
      428      2.239e+00      
      429      2.107e+00      
      430      1.991e+00      
      433      2.027e+00      
      434      2.103e+00      
      439      2.013e+00      
      440      1.895e+00      
      441      1.775e+00      
      442      1.665e+00      
      443      1.569e+00      
      444      1.483e+00      
      445      1.405e+00      
      446      1.334e+00      
      447      1.268e+00      
      448      1.207e+00      
      449      1.152e+00      
      450      1.103e+00      
      464      1.043e+00      
      465      1.000e+00      
      468      9.088e-01      
      469      8.825e-01      
      471      8.179e-01      
      472      7.730e-01      
      473      7.182e-01      
      474      6.574e-01      
      475      5.988e-01      
      476      5.507e-01      
      496      4.636e-01      
      497      4.462e-01      
      500      3.485e-01      
      501      3.150e-01      
      521      2.383e-01      
      522      2.084e-01      
      598      1.105e-01      
      599      1.037e-01      
      1068      1.710e-01      
      1069      3.993e-01      
      1070      7.487e-01      
      1071      1.111e+00      
      1072      1.303e+00      
      1073      1.207e+00      
      1074      8.894e-01      
      1075      5.258e-01      
      1076      2.547e-01      
      1077      1.059e-01      
      1206      1.086e-01      
      1207      3.024e-01      
      1208      6.772e-01      
      1209      1.228e+00      
      1210      1.821e+00      
      1211      2.236e+00      
      1212      2.311e+00      
      1213      2.050e+00      
      1214      1.592e+00      
      1215      1.107e+00      
      1216      7.170e-01      
      1217      4.695e-01      
      1218      3.612e-01      
      1220      4.268e-01      
      1221      5.292e-01      
      1222      6.472e-01      
      1223      7.723e-01      
      1224      9.027e-01      
      1225      1.038e+00      
      1226      1.174e+00      
      1227      1.307e+00      
      1228      1.428e+00      
      1229      1.525e+00      
      1230      1.591e+00      
      1233      1.560e+00      
      1234      1.487e+00      
      1235      1.399e+00      
      1236      1.308e+00      
      1237      1.225e+00      
      1238      1.156e+00      
      1240      1.064e+00      
      1241      1.029e+00      
      1243      9.447e-01      
      1244      8.958e-01      
      1249      7.995e-01      
      1250      7.950e-01      
      1256      7.020e-01      
      1257      6.931e-01      
      1262      6.119e-01      
      1263      5.915e-01      
      1265      5.217e-01      
      1266      4.680e-01      
      1267      4.107e-01      
      1268      3.611e-01      
      1276      4.531e-01      
      1277      4.628e-01      
      1285      3.683e-01      
      1286      3.484e-01      
      1289      2.486e-01      
      1290      2.122e-01      
      1389      1.143e-01      
      1390      1.000e-01      
      1605      1.913e-01      
      1606      3.612e-01      
      1607      5.333e-01      
      1609      5.622e-01      
      1610      4.074e-01      
      1611      2.421e-01      
      1612      1.299e-01      
      1619      2.213e-01      
      1620      2.443e-01      
      1624      1.622e-01      
      1625      1.189e-01      
      1988      1.638e-01      
      1989      2.856e-01      
      1990      4.053e-01      
      1992      4.153e-01      
      1993      3.036e-01      
      1994      1.879e-01      
      2098      2.798e-01      
      2099      4.326e-01      
      2100      5.327e-01      
      2101      5.278e-01      
      2102      4.268e-01      
      2103      2.873e-01      
      2104      1.656e-01      
      2196      2.200e-01      
      2197      4.750e-01      
      2198      8.884e-01      
      2199      1.498e+00      
      2200      2.306e+00      
      2201      3.168e+00      
      2202      3.738e+00      
      2203      3.676e+00      
      2204      2.977e+00      
      2205      2.014e+00      
      2206      1.222e+00      
      2207      8.050e-01      
      2209      8.173e-01      
      2210      9.983e-01      
      2211      1.200e+00      
      2212      1.397e+00      
      2213      1.576e+00      
      2214      1.725e+00      
      2215      1.833e+00      
      2220      1.741e+00      
      2221      1.648e+00      
      2222      1.546e+00      
      2223      1.439e+00      
      2224      1.336e+00      
      2225      1.239e+00      
      2226      1.148e+00      
      2227      1.059e+00      
      2228      9.718e-01      
      2229      8.925e-01      
      2230      8.318e-01      
      2245      7.619e-01      
      2246      7.038e-01      
      2247      6.237e-01      
      2248      5.304e-01      
      2249      4.394e-01      
      2250      3.643e-01      
      2252      2.757e-01      
      2253      2.556e-01      
      2262      3.367e-01      
      2263      3.705e-01      
      2273      2.710e-01      
      2274      2.320e-01      
      2298      1.420e-01      
      2299      1.153e-01      
      2406      1.870e-01      
      2407      3.437e-01      
      2408      5.702e-01      
      2409      8.176e-01      
      2410      1.014e+00      
      2411      1.114e+00      
      2416      1.070e+00      
      2417      1.005e+00      
      2418      9.306e-01      
      2419      8.714e-01      
      2422      9.476e-01      
      2423      1.061e+00      
      2424      1.189e+00      
      2425      1.309e+00      
      2426      1.402e+00      
      2427      1.462e+00      
      2432      1.364e+00      
      2433      1.290e+00      
      2434      1.218e+00      
      2435      1.157e+00      
      2437      1.071e+00      
      2438      1.035e+00      
      2439      9.905e-01      
      2440      9.325e-01      
      2441      8.630e-01      
      2442      7.909e-01      
      2443      7.259e-01      
      2444      6.734e-01      
      2463      5.816e-01      
      2464      5.079e-01      
      2465      4.207e-01      
      2466      3.372e-01      
      2467      2.711e-01      
      2468      2.265e-01      
      2481      3.108e-01      
      2482      3.282e-01      
      2488      2.455e-01      
      2489      2.076e-01      
      2538      1.235e-01      
      2539      1.000e-01      
      2545      1.954e-01      
      2546      2.057e-01      
      2560      1.231e-01      
      2561      1.000e-01      
      2568      1.192e-01      
      2569      2.427e-01      
      2570      4.008e-01      
      2571      5.356e-01      
      2573      5.165e-01      
      2574      3.849e-01      
      2575      2.555e-01      
      2576      1.747e-01      
      2577      1.491e-01      
      2580      2.247e-01      
      2581      2.549e-01      
      2607      1.596e-01      
      2608      1.474e-01      
      2614      2.252e-01      
      2615      2.662e-01      
      2631      1.943e-01      
      2632      1.578e-01      
      3142      2.108e-01      
      3143      3.505e-01      
      3144      4.836e-01      
      3148      4.001e-01      
      3149      3.435e-01      
      3150      2.986e-01      
      3151      2.409e-01      
      3152      1.679e-01      
      3153      1.000e-01      
      3344      1.558e-01      
      3345      3.942e-01      
      3346      8.373e-01      
      3347      1.434e+00      
      3348      1.959e+00      
      3349      2.126e+00      
      3350      1.835e+00      
      3351      1.263e+00      
      3352      6.981e-01      
      3353      3.160e-01      
      3354      1.225e-01      
      3368      1.556e-01      
      3369      2.775e-01      
      3370      4.560e-01      
      3371      6.487e-01      
      3372      7.764e-01      
      3374      6.808e-01      
      3375      5.479e-01      
      3376      4.479e-01      
      3377      3.998e-01      
      3387      4.968e-01      
      3388      5.449e-01      
      3391      6.442e-01      
      3392      6.973e-01      
      3393      8.390e-01      
      3394      1.119e+00      
      3395      1.522e+00      
      3396      1.934e+00      
      3397      2.191e+00      
      3398      2.192e+00      
      3399      1.983e+00      
      3400      1.713e+00      
      3401      1.513e+00      
      3405      1.569e+00      
      3406      1.643e+00      
      3407      1.718e+00      
      3408      1.795e+00      
      3409      1.865e+00      
      3410      1.910e+00      
      3412      1.872e+00      
      3413      1.795e+00      
      3414      1.704e+00      
      3415      1.620e+00      
      3419      1.665e+00      
      3420      1.773e+00      
      3423      1.762e+00      
      3424      1.619e+00      
      3425      1.463e+00      
      3426      1.335e+00      
      3428      1.315e+00      
      3429      1.459e+00      
      3430      1.656e+00      
      3431      1.808e+00      
      3433      1.757e+00      
      3434      1.625e+00      
      3435      1.514e+00      
      3443      1.446e+00      
      3444      1.387e+00      
      3445      1.308e+00      
      3446      1.213e+00      
      3447      1.103e+00      
      3448      9.824e-01      
      3449      8.606e-01      
      3450      7.481e-01      
      3451      6.545e-01      
      3452      5.858e-01      
      3458      6.647e-01      
      3459      7.167e-01      
      3463      8.162e-01      
      3464      8.185e-01      
      3469      7.551e-01      
      3470      7.110e-01      
      3471      6.467e-01      
      3472      5.632e-01      
      3473      4.694e-01      
      3474      3.798e-01      
      3475      3.066e-01      
      3476      2.553e-01      
      3499      1.566e-01      
      3500      1.444e-01      
      3547      1.721e-01      
      3548      2.838e-01      
      3549      5.843e-01      
      3550      1.214e+00      
      3551      2.221e+00      
      3552      3.404e+00      
      3553      4.327e+00      
      3554      4.615e+00      
      3555      4.276e+00      
      3556      3.669e+00      
      3557      3.162e+00      
      3558      2.884e+00      
      3559      2.770e+00      
      3561      2.806e+00      
      3562      2.977e+00      
      3563      3.243e+00      
      3564      3.541e+00      
      3565      3.792e+00      
      3566      3.930e+00      
      3567      3.923e+00      
      3568      3.776e+00      
      3569      3.536e+00      
      3570      3.265e+00      
      3571      3.018e+00      
      3572      2.814e+00      
      3573      2.647e+00      
      3574      2.502e+00      
      3575      2.376e+00      
      3576      2.276e+00      
      3577      2.205e+00      
      3578      2.150e+00      
      3579      2.097e+00      
      3580      2.037e+00      
      3581      1.969e+00      
      3582      1.900e+00      
      3583      1.832e+00      
      3584      1.764e+00      
      3585      1.694e+00      
      3586      1.621e+00      
      3587      1.549e+00      
      3588      1.484e+00      
      3589      1.424e+00      
      3590      1.363e+00      
      3591      1.294e+00      
      3592      1.206e+00      
      3593      1.100e+00      
      3594      9.855e-01      
      3595      8.775e-01      
      3596      7.919e-01      
      3597      7.371e-01      
      3604      8.135e-01      
      3605      8.408e-01      
      3615      7.939e-01      
      3616      7.316e-01      
      3617      6.659e-01      
      3618      6.041e-01      
      3620      5.087e-01      
      3621      4.772e-01      


3624   4.772e-01