0.0      1.000e-01      
      1      1.000e-01      
      381      1.964e-01      
      382      3.741e-01      
      383      5.972e-01      
      384      8.154e-01      
      385      9.744e-01      
      388      9.334e-01      
      389      7.971e-01      
      390      6.391e-01      
      391      4.780e-01      
      392      3.274e-01      
      393      1.996e-01      
      425      2.962e-01      
      426      4.932e-01      
      427      7.028e-01      
      428      8.799e-01      
      429      9.971e-01      
      434      9.218e-01      
      435      8.581e-01      
      436      8.067e-01      
      437      7.575e-01      
      438      6.866e-01      
      439      5.772e-01      
      440      4.345e-01      
      441      2.851e-01      
      442      1.595e-01      
      1218      1.352e-01      
      1219      3.144e-01      
      1220      6.125e-01      
      1221      1.016e+00      
      1222      1.458e+00      
      1223      1.833e+00      
      1224      2.034e+00      
      1225      2.004e+00      
      1226      1.753e+00      
      1227      1.359e+00      
      1228      9.376e-01      
      1229      5.886e-01      
      1230      3.564e-01      
      1231      2.231e-01      
      1232      1.450e-01      
      1233      1.000e-01      
      1254      1.460e-01      
      1255      2.044e-01      
      1257      2.945e-01      
      1258      3.061e-01      
      1260      2.283e-01      
      1261      1.560e-01      
      3346      2.425e-01      
      3347      3.687e-01      
      3350      3.122e-01      
      3351      1.857e-01      
      3563      2.172e-01      
      3564      4.768e-01      
      3565      8.843e-01      
      3566      1.368e+00      
      3567      1.785e+00      
      3568      1.988e+00      
      3569      1.910e+00      
      3570      1.596e+00      
      3571      1.163e+00      
      3572      7.390e-01      
      3573      4.090e-01      
      3574      1.967e-01      


3624   1.967e-01