0.0      1.000e-01      
      1      1.000e-01      
      33      1.582e-01      
      34      3.420e-01      
      35      6.242e-01      
      36      9.174e-01      
      37      1.073e+00      
      38      1.000e+00      
      39      7.513e-01      
      40      4.664e-01      
      41      2.525e-01      
      42      1.320e-01      
      359      1.558e-01      
      360      3.933e-01      
      361      9.434e-01      
      362      1.949e+00      
      363      3.338e+00      
      364      4.676e+00      
      365      5.345e+00      
      366      5.013e+00      
      367      3.915e+00      
      368      2.624e+00      
      369      1.592e+00      
      370      9.545e-01      
      371      6.238e-01      
      372      4.679e-01      
      373      3.958e-01      
      374      3.627e-01      
      386      4.428e-01      
      387      4.632e-01      
      405      5.507e-01      
      406      5.996e-01      
      407      6.668e-01      
      408      7.429e-01      
      409      8.097e-01      
      410      8.542e-01      
      412      9.518e-01      
      413      1.074e+00      
      414      1.234e+00      
      415      1.362e+00      
      417      1.319e+00      
      418      1.200e+00      
      419      1.091e+00      
      420      1.019e+00      
      421      9.793e-01      
      425      8.957e-01      
      426      8.689e-01      
      445      7.804e-01      
      446      7.679e-01      
      472      6.729e-01      
      473      6.534e-01      
      486      5.584e-01      
      487      5.532e-01      
      518      4.712e-01      
      519      4.488e-01      
      568      3.558e-01      
      569      3.487e-01      
      593      2.535e-01      
      594      2.407e-01      
      721      1.410e-01      
      722      1.404e-01      
      1063      2.372e-01      
      1064      2.836e-01      
      1065      3.529e-01      
      1066      4.874e-01      
      1067      7.063e-01      
      1068      9.676e-01      
      1069      1.174e+00      
      1071      1.144e+00      
      1072      9.495e-01      
      1073      7.307e-01      
      1074      5.388e-01      
      1075      3.925e-01      
      1076      2.911e-01      
      1078      1.937e-01      
      1079      1.808e-01      
      1105      2.772e-01      
      1106      2.864e-01      
      1203      3.064e-01      
      1204      4.776e-01      
      1205      8.647e-01      
      1206      1.526e+00      
      1207      2.354e+00      
      1208      3.056e+00      
      1209      3.330e+00      
      1210      3.095e+00      
      1211      2.534e+00      
      1212      1.921e+00      
      1213      1.438e+00      
      1214      1.128e+00      
      1215      9.487e-01      
      1216      8.462e-01      
      1217      7.819e-01      
      1218      7.346e-01      
      1221      6.357e-01      
      1222      6.175e-01      
      1287      5.263e-01      
      1288      5.167e-01      
      1294      4.199e-01      
      1295      4.152e-01      
      1335      3.196e-01      
      1336      3.014e-01      
      1409      2.062e-01      
      1410      1.999e-01      
      1674      1.429e-01      
      1675      3.414e-01      
      1676      7.389e-01      
      1677      1.324e+00      
      1678      1.911e+00      
      1679      2.216e+00      
      1680      2.081e+00      
      1681      1.621e+00      
      1682      1.102e+00      
      1683      7.164e-01      
      1684      4.972e-01      
      1685      3.907e-01      
      1689      2.924e-01      
      1690      2.862e-01      
      1713      3.526e-01      
      1714      3.873e-01      
      1771      3.007e-01      
      1772      2.836e-01      
      1841      1.890e-01      
      1842      1.768e-01      
      1984      2.748e-01      
      1985      3.779e-01      
      1988      3.593e-01      
      1989      2.748e-01      
      1990      2.026e-01      
      1991      1.534e-01      
      2093      2.274e-01      
      2094      4.836e-01      
      2095      8.873e-01      
      2096      1.329e+00      
      2097      1.607e+00      
      2098      1.580e+00      
      2099      1.294e+00      
      2100      9.227e-01      
      2101      6.136e-01      
      2102      4.136e-01      
      2103      3.004e-01      
      2105      2.044e-01      
      2106      1.852e-01      
      2194      2.741e-01      
      2195      5.365e-01      
      2196      1.058e+00      
      2197      1.904e+00      
      2198      3.042e+00      
      2199      4.304e+00      
      2200      5.413e+00      
      2201      6.061e+00      
      2202      6.048e+00      
      2203      5.413e+00      
      2204      4.435e+00      
      2205      3.463e+00      
      2206      2.725e+00      
      2207      2.266e+00      
      2208      2.015e+00      
      2209      1.881e+00      
      2210      1.797e+00      
      2211      1.728e+00      
      2212      1.659e+00      
      2213      1.592e+00      
      2214      1.534e+00      
      2215      1.490e+00      
      2223      1.400e+00      
      2224      1.388e+00      
      2228      1.308e+00      
      2229      1.286e+00      
      2244      1.192e+00      
      2245      1.181e+00      
      2248      1.100e+00      
      2249      1.063e+00      
      2252      9.677e-01      
      2253      9.449e-01      
      2265      8.504e-01      
      2266      8.340e-01      
      2272      7.542e-01      
      2273      7.262e-01      
      2285      6.286e-01      
      2286      6.244e-01      
      2299      5.441e-01      
      2300      5.205e-01      
      2326      4.259e-01      
      2327      4.199e-01      
      2344      3.340e-01      
      2345      3.147e-01      
      2369      2.296e-01      
      2370      2.090e-01      
      2486      1.096e-01      
      2487      1.090e-01      
      2559      1.568e-01      
      2560      4.509e-01      
      2561      1.332e+00      
      2562      3.367e+00      
      2563      6.925e+00      
      2564      1.150e+01      
      2565      1.546e+01      
      2566      1.699e+01      
      2567      1.546e+01      
      2568      1.187e+01      
      2569      7.952e+00      
      2570      4.904e+00      
      2571      3.047e+00      
      2572      2.122e+00      
      2573      1.746e+00      
      2574      1.628e+00      
      2578      1.553e+00      
      2579      1.523e+00      
      2583      1.425e+00      
      2584      1.396e+00      
      2604      1.307e+00      
      2605      1.290e+00      
      2608      1.199e+00      
      2609      1.155e+00      
      2611      1.073e+00      
      2612      1.047e+00      
      2626      9.486e-01      
      2627      9.425e-01      
      2632      8.590e-01      
      2633      8.322e-01      
      2647      7.329e-01      
      2648      7.287e-01      
      2656      6.553e-01      
      2657      6.266e-01      
      2662      5.298e-01      
      2663      5.168e-01      
      2668      5.863e-01      
      2669      6.194e-01      
      2682      5.411e-01      
      2683      5.181e-01      
      2704      4.286e-01      
      2705      4.091e-01      
      2710      3.114e-01      
      2711      3.043e-01      
      2754      2.178e-01      
      2755      1.963e-01      
      2768      2.811e-01      
      2769      3.477e-01      
      2770      4.828e-01      
      2771      6.889e-01      
      2772      9.172e-01      
      2773      1.078e+00      
      2775      9.892e-01      
      2776      8.125e-01      
      2777      6.468e-01      
      2778      5.290e-01      
      2779      4.572e-01      
      2780      4.141e-01      
      2792      3.147e-01      
      2793      3.124e-01      
      2827      2.240e-01      
      2828      2.047e-01      
      2935      1.060e-01      
      2936      1.040e-01      
      3273      2.024e-01      
      3274      3.504e-01      
      3275      5.059e-01      
      3278      4.305e-01      
      3279      2.809e-01      
      3280      1.659e-01      
      3339      2.059e-01      
      3340      4.466e-01      
      3341      8.211e-01      
      3342      1.219e+00      
      3343      1.444e+00      
      3344      1.366e+00      
      3345      1.041e+00      
      3346      6.539e-01      
      3347      3.540e-01      
      3348      1.808e-01      
      3373      2.757e-01      
      3374      3.287e-01      
      3378      2.415e-01      
      3379      2.025e-01      
      3391      2.970e-01      
      3392      3.579e-01      
      3423      4.527e-01      
      3424      4.808e-01      
      3443      3.871e-01      
      3444      3.783e-01      
      3450      2.846e-01      
      3451      2.780e-01      
      3524      1.790e-01      
      3525      1.778e-01      


3624   1.778e-01