0.0      1.000e-01      
      1      1.000e-01      
      359      1.130e-01      
      360      2.017e-01      
      361      3.087e-01      
      362      4.032e-01      
      363      4.467e-01      
      364      4.183e-01      
      365      3.315e-01      
      366      2.238e-01      
      367      1.305e-01      
      368      1.000e-01      
      1208      1.939e-01      
      1209      2.258e-01      
      1212      1.436e-01      
      1213      1.000e-01      


3624   1.000e-01