0.0      2.400e-01      
      1      2.400e-01      
      32      3.219e-01      
      33      4.598e-01      
      34      7.703e-01      
      35      1.300e+00      
      36      1.973e+00      
      37      2.570e+00      
      38      2.863e+00      
      39      2.777e+00      
      40      2.424e+00      
      41      1.984e+00      
      42      1.587e+00      
      43      1.284e+00      
      44      1.071e+00      
      45      9.292e-01      
      46      8.352e-01      
      47      7.696e-01      
      49      6.754e-01      
      50      6.379e-01      
      53      5.551e-01      
      54      5.297e-01      
      57      4.441e-01      
      58      4.244e-01      
      190      3.307e-01      
      191      3.194e-01      
      356      3.493e-01      
      357      4.233e-01      
      358      7.252e-01      
      359      1.750e+00      
      360      4.612e+00      
      361      1.108e+01      
      362      2.268e+01      
      363      3.878e+01      
      364      5.522e+01      
      365      6.593e+01      
      366      6.692e+01      
      367      5.907e+01      
      368      4.680e+01      
      369      3.466e+01      
      370      2.510e+01      
      371      1.849e+01      
      372      1.419e+01      
      373      1.141e+01      
      374      9.557e+00      
      375      8.271e+00      
      376      7.338e+00      
      377      6.634e+00      
      378      6.083e+00      
      379      5.641e+00      
      380      5.281e+00      
      381      4.991e+00      
      382      4.758e+00      
      383      4.571e+00      
      384      4.416e+00      
      385      4.282e+00      
      386      4.160e+00      
      387      4.042e+00      
      388      3.931e+00      
      389      3.831e+00      
      390      3.745e+00      
      391      3.673e+00      
      392      3.606e+00      
      393      3.542e+00      
      394      3.476e+00      
      395      3.410e+00      
      396      3.342e+00      
      397      3.272e+00      
      398      3.202e+00      
      399      3.134e+00      
      400      3.073e+00      
      401      3.024e+00      
      406      3.118e+00      
      407      3.329e+00      
      408      3.631e+00      
      409      3.965e+00      
      410      4.239e+00      
      411      4.399e+00      
      412      4.470e+00      
      413      4.534e+00      
      414      4.657e+00      
      415      4.832e+00      
      416      4.990e+00      
      418      5.011e+00      
      419      4.882e+00      
      420      4.743e+00      
      423      4.821e+00      
      424      4.956e+00      
      426      4.984e+00      
      427      4.836e+00      
      428      4.618e+00      
      429      4.374e+00      
      430      4.138e+00      
      431      3.931e+00      
      432      3.759e+00      
      433      3.620e+00      
      434      3.507e+00      
      435      3.416e+00      
      436      3.345e+00      
      438      3.254e+00      
      439      3.221e+00      
      442      3.121e+00      
      443      3.107e+00      
      444      3.132e+00      
      445      3.215e+00      
      446      3.356e+00      
      447      3.518e+00      
      448      3.642e+00      
      450      3.630e+00      
      451      3.516e+00      
      452      3.380e+00      
      453      3.254e+00      
      454      3.153e+00      
      455      3.079e+00      
      456      3.023e+00      
      458      2.928e+00      
      459      2.874e+00      
      460      2.816e+00      
      461      2.764e+00      
      468      2.683e+00      
      469      2.652e+00      
      471      2.583e+00      
      472      2.548e+00      
      475      2.459e+00      
      476      2.438e+00      
      480      2.358e+00      
      481      2.335e+00      
      485      2.247e+00      
      486      2.233e+00      
      492      2.151e+00      
      493      2.125e+00      
      497      2.026e+00      
      498      2.007e+00      
      514      1.910e+00      
      515      1.901e+00      
      521      1.818e+00      
      522      1.797e+00      
      528      1.698e+00      
      529      1.691e+00      
      544      1.591e+00      
      545      1.581e+00      
      559      1.490e+00      
      560      1.476e+00      
      569      1.380e+00      
      570      1.368e+00      
      591      1.269e+00      
      592      1.259e+00      
      622      1.169e+00      
      623      1.156e+00      
      634      1.058e+00      
      635      1.056e+00      
      673      9.599e-01      
      674      9.522e-01      
      698      8.693e-01      
      699      8.497e-01      
      709      7.533e-01      
      710      7.489e-01      
      755      6.524e-01      
      756      6.460e-01      
      795      5.513e-01      
      796      5.426e-01      
      837      4.434e-01      
      838      4.376e-01      
      945      3.387e-01      
      946      3.370e-01      
      1059      3.990e-01      
      1060      5.813e-01      
      1061      8.827e-01      
      1062      1.284e+00      
      1063      1.727e+00      
      1064      2.171e+00      
      1065      2.638e+00      
      1066      3.188e+00      
      1067      3.860e+00      
      1068      4.615e+00      
      1069      5.330e+00      
      1070      5.852e+00      
      1071      6.073e+00      
      1072      5.981e+00      
      1073      5.649e+00      
      1074      5.183e+00      
      1075      4.677e+00      
      1076      4.194e+00      
      1077      3.768e+00      
      1078      3.410e+00      
      1079      3.117e+00      
      1080      2.882e+00      
      1081      2.695e+00      
      1082      2.548e+00      
      1083      2.431e+00      
      1084      2.338e+00      
      1085      2.261e+00      
      1086      2.196e+00      
      1087      2.142e+00      
      1090      2.043e+00      
      1091      2.024e+00      
      1096      1.940e+00      
      1097      1.919e+00      
      1101      1.832e+00      
      1102      1.806e+00      
      1105      1.728e+00      
      1106      1.699e+00      
      1108      1.631e+00      
      1109      1.596e+00      
      1114      1.499e+00      
      1115      1.492e+00      
      1123      1.395e+00      
      1124      1.389e+00      
      1139      1.293e+00      
      1140      1.283e+00      
      1151      1.189e+00      
      1152      1.175e+00      
      1173      1.075e+00      
      1174      1.068e+00      
      1199      9.698e-01      
      1200      9.659e-01      
      1203      1.010e+00      
      1204      1.127e+00      
      1205      1.428e+00      
      1206      2.042e+00      
      1207      3.034e+00      
      1208      4.295e+00      
      1209      5.535e+00      
      1210      6.420e+00      
      1211      6.769e+00      
      1212      6.632e+00      
      1213      6.209e+00      
      1214      5.698e+00      
      1215      5.201e+00      
      1216      4.735e+00      
      1217      4.290e+00      
      1218      3.870e+00      
      1219      3.492e+00      
      1220      3.169e+00      
      1221      2.904e+00      
      1222      2.689e+00      
      1223      2.519e+00      
      1224      2.387e+00      
      1225      2.290e+00      
      1226      2.218e+00      
      1228      2.121e+00      
      1229      2.084e+00      
      1232      1.997e+00      
      1233      1.971e+00      
      1239      1.876e+00      
      1240      1.870e+00      
      1244      1.788e+00      
      1245      1.755e+00      
      1248      1.663e+00      
      1249      1.639e+00      
      1254      1.543e+00      
      1255      1.535e+00      
      1265      1.444e+00      
      1266      1.433e+00      
      1279      1.346e+00      
      1280      1.332e+00      
      1304      1.239e+00      
      1305      1.228e+00      
      1313      1.130e+00      
      1314      1.122e+00      
      1325      1.023e+00      
      1326      1.016e+00      
      1361      9.167e-01      
      1362      8.933e-01      
      1382      8.001e-01      
      1383      7.932e-01      
      1428      6.994e-01      
      1429      6.927e-01      
      1461      5.950e-01      
      1462      5.909e-01      
      1524      6.783e-01      
      1525      6.917e-01      
      1527      7.865e-01      
      1528      9.223e-01      
      1529      1.156e+00      
      1530      1.481e+00      
      1531      1.826e+00      
      1532      2.083e+00      
      1534      2.097e+00      
      1535      1.915e+00      
      1536      1.706e+00      
      1537      1.519e+00      
      1538      1.369e+00      
      1539      1.254e+00      
      1540      1.164e+00      
      1541      1.095e+00      
      1543      9.990e-01      
      1544      9.659e-01      
      1547      8.740e-01      
      1548      8.428e-01      
      1564      7.464e-01      
      1565      7.379e-01      
      1569      7.498e-01      
      1570      8.402e-01      
      1571      1.001e+00      
      1572      1.213e+00      
      1573      1.418e+00      
      1574      1.551e+00      
      1576      1.524e+00      
      1577      1.422e+00      
      1578      1.310e+00      
      1579      1.209e+00      
      1580      1.127e+00      
      1581      1.064e+00      
      1584      9.680e-01      
      1585      9.547e-01      
      1606      8.578e-01      
      1607      8.381e-01      
      1619      7.420e-01      
      1620      7.374e-01      
      1644      6.376e-01      
      1645      6.313e-01      
      1676      6.787e-01      
      1677      8.366e-01      
      1678      1.121e+00      
      1679      1.517e+00      
      1680      1.936e+00      
      1681      2.255e+00      
      1682      2.397e+00      
      1683      2.369e+00      
      1684      2.243e+00      
      1685      2.091e+00      
      1686      1.959e+00      
      1687      1.858e+00      
      1688      1.778e+00      
      1689      1.701e+00      
      1690      1.620e+00      
      1691      1.537e+00      
      1692      1.459e+00      
      1693      1.389e+00      
      1694      1.331e+00      
      1695      1.282e+00      
      1697      1.208e+00      
      1698      1.176e+00      
      1701      1.082e+00      
      1702      1.053e+00      
      1713      1.095e+00      
      1714      1.218e+00      
      1715      1.362e+00      
      1716      1.489e+00      
      1720      1.463e+00      
      1721      1.383e+00      
      1722      1.309e+00      
      1723      1.248e+00      
      1725      1.166e+00      
      1726      1.140e+00      
      1731      1.052e+00      
      1732      1.037e+00      
      1752      9.385e-01      
      1753      9.322e-01      
      1775      8.572e-01      
      1776      8.318e-01      
      1781      7.359e-01      
      1782      7.262e-01      
      1818      6.269e-01      
      1819      6.217e-01      
      1883      5.219e-01      
      1884      5.197e-01      
      1953      4.202e-01      
      1954      4.197e-01      
      1981      4.743e-01      
      1982      5.516e-01      
      1983      6.800e-01      
      1984      8.478e-01      
      1985      1.016e+00      
      1986      1.137e+00      
      1989      1.094e+00      
      1990      1.022e+00      
      1991      9.597e-01      
      1992      9.123e-01      
      1995      8.157e-01      
      1996      7.883e-01      
      2001      7.011e-01      
      2002      6.795e-01      
      2005      5.964e-01      
      2006      5.770e-01      
      2040      4.792e-01      
      2041      4.769e-01      
      2092      4.639e-01      
      2093      5.916e-01      
      2094      8.903e-01      
      2095      1.425e+00      
      2096      2.147e+00      
      2097      2.860e+00      
      2098      3.319e+00      
      2099      3.399e+00      
      2100      3.157e+00      
      2101      2.750e+00      
      2102      2.322e+00      
      2103      1.950e+00      
      2104      1.656e+00      
      2105      1.435e+00      
      2106      1.273e+00      
      2107      1.156e+00      
      2108      1.071e+00      
      2109      1.008e+00      
      2111      9.217e-01      
      2112      8.920e-01      
      2127      7.929e-01      
      2128      7.848e-01      
      2148      6.897e-01      
      2149      6.673e-01      
      2178      5.700e-01      
      2179      5.653e-01      
      2192      6.382e-01      
      2193      7.579e-01      
      2194      1.096e+00      
      2195      1.975e+00      
      2196      3.955e+00      
      2197      7.745e+00      
      2198      1.387e+01      
      2199      2.213e+01      
      2200      3.108e+01      
      2201      3.824e+01      
      2202      4.125e+01      
      2203      3.937e+01      
      2204      3.392e+01      
      2205      2.725e+01      
      2206      2.120e+01      
      2207      1.657e+01      
      2208      1.329e+01      
      2209      1.103e+01      
      2210      9.432e+00      
      2211      8.272e+00      
      2212      7.410e+00      
      2213      6.756e+00      
      2214      6.247e+00      
      2215      5.836e+00      
      2216      5.494e+00      
      2217      5.205e+00      
      2218      4.958e+00      
      2219      4.747e+00      
      2220      4.562e+00      
      2221      4.393e+00      
      2222      4.234e+00      
      2223      4.078e+00      
      2224      3.928e+00      
      2225      3.791e+00      
      2226      3.674e+00      
      2227      3.580e+00      
      2228      3.503e+00      
      2229      3.434e+00      
      2230      3.369e+00      
      2231      3.307e+00      
      2232      3.252e+00      
      2234      3.169e+00      
      2235      3.136e+00      
      2237      3.069e+00      
      2238      3.028e+00      
      2240      2.936e+00      
      2241      2.894e+00      
      2244      2.806e+00      
      2245      2.785e+00      
      2249      2.698e+00      
      2250      2.677e+00      
      2253      2.598e+00      
      2254      2.563e+00      
      2257      2.474e+00      
      2258      2.454e+00      
      2264      2.367e+00      
      2265      2.326e+00      
      2266      2.275e+00      
      2267      2.221e+00      
      2269      2.139e+00      
      2270      2.116e+00      
      2274      2.036e+00      
      2275      2.016e+00      
      2280      1.917e+00      
      2281      1.897e+00      
      2286      1.812e+00      
      2287      1.793e+00      
      2296      1.700e+00      
      2297      1.692e+00      
      2303      1.596e+00      
      2304      1.576e+00      
      2311      1.485e+00      
      2312      1.475e+00      
      2325      1.375e+00      
      2326      1.370e+00      
      2350      1.279e+00      
      2351      1.263e+00      
      2369      1.167e+00      
      2370      1.161e+00      
      2396      1.205e+00      
      2397      1.295e+00      
      2398      1.394e+00      
      2399      1.472e+00      
      2404      1.558e+00      
      2405      1.643e+00      
      2406      1.761e+00      
      2407      1.885e+00      
      2408      1.991e+00      
      2409      2.063e+00      
      2410      2.091e+00      
      2412      2.009e+00      
      2413      1.922e+00      
      2414      1.832e+00      
      2415      1.755e+00      
      2416      1.695e+00      
      2417      1.647e+00      
      2419      1.564e+00      
      2420      1.526e+00      
      2423      1.429e+00      
      2424      1.400e+00      
      2432      1.302e+00      
      2433      1.296e+00      
      2442      1.208e+00      
      2443      1.195e+00      
      2469      1.097e+00      
      2470      1.093e+00      
      2489      9.957e-01      
      2490      9.898e-01      
      2507      8.997e-01      
      2508      8.768e-01      
      2542      7.784e-01      
      2543      7.764e-01      
      2559      7.886e-01      
      2560      9.298e-01      
      2561      1.401e+00      
      2562      2.629e+00      
      2563      5.146e+00      
      2564      9.184e+00      
      2565      1.417e+01      
      2566      1.870e+01      
      2567      2.128e+01      
      2568      2.129e+01      
      2569      1.921e+01      
      2570      1.616e+01      
      2571      1.310e+01      
      2572      1.053e+01      
      2573      8.544e+00      
      2574      7.064e+00      
      2575      5.961e+00      
      2576      5.131e+00      
      2577      4.498e+00      
      2578      4.015e+00      
      2579      3.648e+00      
      2580      3.371e+00      
      2581      3.161e+00      
      2582      2.999e+00      
      2583      2.868e+00      
      2584      2.758e+00      
      2585      2.667e+00      
      2586      2.594e+00      
      2587      2.536e+00      
      2588      2.492e+00      
      2592      2.400e+00      
      2593      2.388e+00      
      2596      2.313e+00      
      2597      2.269e+00      
      2599      2.177e+00      
      2600      2.140e+00      
      2605      2.058e+00      
      2606      2.039e+00      
      2610      1.946e+00      
      2611      1.933e+00      
      2618      1.837e+00      
      2619      1.826e+00      
      2623      1.756e+00      
      2624      1.726e+00      
      2626      1.654e+00      
      2627      1.615e+00      
      2632      1.515e+00      
      2633      1.505e+00      
      2641      1.407e+00      
      2642      1.403e+00      
      2658      1.303e+00      
      2659      1.298e+00      
      2671      1.375e+00      
      2672      1.410e+00      
      2681      1.330e+00      
      2682      1.301e+00      
      2687      1.205e+00      
      2688      1.195e+00      
      2717      1.100e+00      
      2718      1.089e+00      
      2733      9.929e-01      
      2734      9.845e-01      
      2763      8.947e-01      
      2764      8.829e-01      
      2768      8.897e-01      
      2769      1.013e+00      
      2770      1.312e+00      
      2771      1.857e+00      
      2772      2.623e+00      
      2773      3.443e+00      
      2774      4.073e+00      
      2775      4.341e+00      
      2776      4.242e+00      
      2777      3.904e+00      
      2778      3.474e+00      
      2779      3.052e+00      
      2780      2.687e+00      
      2781      2.394e+00      
      2782      2.172e+00      
      2783      2.008e+00      
      2784      1.884e+00      
      2785      1.783e+00      
      2786      1.697e+00      
      2787      1.622e+00      
      2788      1.560e+00      
      2789      1.512e+00      
      2792      1.428e+00      
      2793      1.410e+00      
      2802      1.310e+00      
      2803      1.297e+00      
      2812      1.208e+00      
      2813      1.195e+00      
      2826      1.098e+00      
      2827      1.093e+00      
      2875      9.961e-01      
      2876      9.867e-01      
      2887      8.915e-01      
      2888      8.866e-01      
      2900      8.003e-01      
      2901      7.797e-01      
      2936      6.798e-01      
      2937      6.787e-01      
      2943      7.634e-01      
      2944      8.627e-01      
      2945      1.015e+00      
      2946      1.198e+00      
      2947      1.362e+00      
      2948      1.461e+00      
      2949      1.476e+00      
      2950      1.427e+00      
      2951      1.348e+00      
      2952      1.265e+00      
      2953      1.192e+00      
      2954      1.130e+00      
      2955      1.078e+00      
      2957      9.994e-01      
      2958      9.718e-01      
      2973      8.750e-01      
      2974      8.593e-01      
      2977      7.794e-01      
      2978      7.571e-01      
      2993      6.669e-01      
      2994      6.570e-01      
      3039      5.581e-01      
      3040      5.565e-01      
      3099      4.570e-01      
      3100      4.546e-01      
      3194      3.560e-01      
      3195      3.540e-01      
      3272      4.052e-01      
      3273      5.793e-01      
      3274      8.791e-01      
      3275      1.265e+00      
      3276      1.617e+00      
      3277      1.807e+00      
      3278      1.788e+00      
      3279      1.617e+00      
      3280      1.393e+00      
      3281      1.186e+00      
      3282      1.025e+00      
      3283      9.101e-01      
      3284      8.302e-01      
      3285      7.723e-01      
      3287      6.891e-01      
      3288      6.557e-01      
      3291      5.571e-01      
      3292      5.235e-01      
      3310      4.240e-01      
      3311      4.232e-01      
      3338      4.605e-01      
      3339      6.221e-01      
      3340      9.885e-01      
      3341      1.636e+00      
      3342      2.514e+00      
      3343      3.399e+00      
      3344      4.004e+00      
      3345      4.170e+00      
      3346      3.944e+00      
      3347      3.497e+00      
      3348      2.999e+00      
      3349      2.550e+00      
      3350      2.184e+00      
      3351      1.900e+00      
      3352      1.681e+00      
      3353      1.514e+00      
      3354      1.386e+00      
      3355      1.293e+00      
      3356      1.227e+00      
      3359      1.134e+00      
      3360      1.114e+00      
      3372      1.165e+00      
      3373      1.287e+00      
      3374      1.423e+00      
      3375      1.540e+00      
      3376      1.615e+00      
      3377      1.641e+00      
      3379      1.577e+00      
      3380      1.512e+00      
      3381      1.442e+00      
      3382      1.379e+00      
      3384      1.295e+00      
      3385      1.272e+00      
      3388      1.302e+00      
      3389      1.382e+00      
      3390      1.515e+00      
      3391      1.687e+00      
      3392      1.869e+00      
      3393      2.028e+00      
      3394      2.136e+00      
      3397      2.070e+00      
      3398      1.961e+00      
      3399      1.851e+00      
      3400      1.758e+00      
      3401      1.681e+00      
      3402      1.614e+00      
      3403      1.551e+00      
      3404      1.494e+00      
      3405      1.446e+00      
      3409      1.356e+00      
      3410      1.341e+00      
      3420      1.418e+00      
      3421      1.464e+00      
      3422      1.536e+00      
      3423      1.642e+00      
      3424      1.762e+00      
      3425      1.856e+00      
      3426      1.893e+00      
      3428      1.816e+00      
      3429      1.748e+00      
      3430      1.687e+00      
      3431      1.636e+00      
      3433      1.561e+00      
      3434      1.532e+00      
      3437      1.447e+00      
      3438      1.416e+00      
      3441      1.329e+00      
      3442      1.306e+00      
      3468      1.211e+00      
      3469      1.187e+00      
      3487      1.089e+00      
      3488      1.085e+00      
      3502      9.876e-01      
      3503      9.814e-01      
      3514      8.967e-01      
      3515      8.809e-01      
      3531      7.820e-01      
      3532      7.767e-01      
      3542      8.525e-01      
      3543      8.993e-01      
      3544      9.564e-01      
      3545      1.022e+00      
      3546      1.093e+00      
      3547      1.162e+00      
      3549      1.255e+00      
      3550      1.263e+00      
      3553      1.182e+00      
      3554      1.147e+00      
      3557      1.063e+00      
      3558      1.041e+00      
      3563      9.441e-01      
      3564      9.222e-01      
      3571      8.312e-01      
      3572      8.162e-01      
      3594      7.184e-01      
      3595      7.154e-01      


3624   7.154e-01