0.0      1.000e-01      
      1      1.000e-01      
      411      1.323e-01      
      412      2.310e-01      
      413      3.292e-01      
      414      3.796e-01      
      415      3.551e-01      
      416      2.727e-01      
      417      1.771e-01      
      418      1.043e-01      
      422      1.371e-01      
      423      2.362e-01      
      424      3.499e-01      
      427      3.543e-01      
      428      2.462e-01      
      429      1.505e-01      
      430      1.000e-01      
      442      1.646e-01      
      443      2.373e-01      
      444      3.147e-01      
      445      3.852e-01      
      447      4.729e-01      
      448      4.870e-01      
      475      3.922e-01      
      476      3.781e-01      
      492      2.896e-01      
      493      2.666e-01      
      497      1.684e-01      
      498      1.514e-01      
      1068      1.849e-01      
      1069      3.100e-01      
      1070      4.451e-01      
      1071      5.393e-01      
      1072      5.466e-01      
      1073      4.634e-01      
      1074      3.326e-01      
      1075      2.085e-01      
      1076      1.212e-01      
      1077      1.000e-01      
      1207      1.422e-01      
      1208      2.662e-01      
      1209      4.313e-01      
      1210      5.996e-01      
      1211      7.238e-01      
      1214      6.276e-01      
      1215      4.803e-01      
      1216      3.321e-01      
      1217      2.143e-01      
      1218      1.383e-01      
      1219      1.000e-01      
      1227      1.938e-01      
      1228      2.019e-01      
      1316      1.034e-01      
      1317      1.015e-01      
      1988      1.619e-01      
      1989      2.177e-01      
      1990      2.847e-01      
      1991      3.475e-01      
      1994      2.527e-01      
      1995      1.625e-01      
      2098      2.315e-01      
      2099      3.133e-01      
      2102      2.774e-01      
      2103      1.965e-01      
      2196      1.764e-01      
      2197      3.751e-01      
      2198      6.850e-01      
      2199      1.064e+00      
      2200      1.414e+00      
      2201      1.618e+00      
      2202      1.591e+00      
      2203      1.334e+00      
      2204      9.484e-01      
      2205      5.744e-01      
      2206      3.049e-01      
      2207      1.521e-01      
      2405      1.519e-01      
      2406      3.363e-01      
      2407      6.256e-01      
      2408      9.555e-01      
      2409      1.212e+00      
      2410      1.337e+00      
      2411      1.397e+00      
      2412      1.514e+00      
      2413      1.714e+00      
      2414      1.888e+00      
      2415      1.898e+00      
      2416      1.703e+00      
      2417      1.367e+00      
      2418      9.907e-01      
      2419      6.540e-01      
      2420      4.015e-01      
      2421      2.431e-01      
      2422      1.628e-01      
      2423      1.342e-01      
      2428      2.151e-01      
      2429      2.375e-01      
      2451      3.336e-01      
      2452      3.693e-01      
      2455      4.574e-01      
      2456      4.712e-01      
      2464      3.972e-01      
      2465      3.705e-01      
      2478      2.853e-01      
      2479      2.609e-01      
      2484      1.643e-01      
      2485      1.568e-01      
      2567      1.737e-01      
      2568      2.962e-01      
      2569      4.795e-01      
      2570      6.799e-01      
      2571      8.227e-01      
      2573      7.486e-01      
      2574      5.750e-01      
      2575      3.932e-01      
      2576      2.502e-01      
      2577      1.602e-01      
      2578      1.143e-01      
      2947      1.485e-01      
      2948      2.987e-01      
      2949      5.004e-01      
      2950      6.785e-01      
      2952      6.502e-01      
      2953      4.666e-01      
      2954      2.816e-01      
      2955      1.524e-01      
      3140      1.619e-01      
      3141      3.379e-01      
      3142      6.101e-01      
      3143      9.086e-01      
      3144      1.099e+00      
      3145      1.088e+00      
      3146      9.151e-01      
      3147      7.112e-01      
      3148      5.692e-01      
      3149      4.824e-01      
      3150      3.986e-01      
      3151      2.958e-01      
      3152      1.934e-01      
      3344      2.620e-01      
      3345      4.722e-01      
      3346      7.123e-01      
      3347      8.902e-01      
      3348      9.189e-01      
      3349      7.844e-01      
      3350      5.580e-01      
      3351      3.380e-01      
      3352      1.830e-01      
      3553      1.702e-01      
      3554      3.205e-01      
      3555      5.604e-01      
      3556      8.313e-01      
      3557      1.011e+00      
      3558      1.002e+00      
      3559      8.148e-01      
      3560      5.535e-01      
      3561      3.267e-01      
      3562      1.799e-01      


3624   1.799e-01