0.0      1.000e-01      
      1      1.000e-01      
      361      1.591e-01      
      362      2.663e-01      
      363      3.888e-01      
      364      4.909e-01      
      367      4.354e-01      
      368      3.505e-01      
      369      2.808e-01      
      370      2.336e-01      
      376      1.399e-01      
      377      1.320e-01      
      2190      1.874e-01      
      2191      2.834e-01      
      2197      3.112e-01      
      2198      4.542e-01      
      2199      6.429e-01      
      2200      8.377e-01      
      2201      9.862e-01      
      2203      9.583e-01      
      2204      7.915e-01      
      2205      6.039e-01      
      2206      4.540e-01      
      2207      3.603e-01      
      2208      3.114e-01      
      2213      2.180e-01      
      2214      2.023e-01      
      2225      1.068e-01      
      2226      1.003e-01      


3624   1.003e-01