0.0      1.000e-01      
      1      1.000e-01      
      414      1.260e-01      
      415      2.336e-01      
      416      3.417e-01      
      419      2.963e-01      
      420      2.194e-01      
      425      2.748e-01      
      426      3.439e-01      
      427      4.221e-01      
      428      4.807e-01      
      431      4.143e-01      
      432      3.775e-01      
      438      4.767e-01      
      439      4.903e-01      
      446      5.842e-01      
      447      6.016e-01      
      456      5.092e-01      
      457      5.001e-01      
      494      4.008e-01      
      495      3.989e-01      
      500      3.000e-01      
      501      2.624e-01      
      521      1.776e-01      
      522      1.600e-01      
      1212      2.120e-01      
      1213      3.062e-01      
      1217      2.177e-01      
      1218      1.338e-01      
      1236      2.213e-01      
      1237      2.398e-01      
      1249      3.224e-01      
      1250      3.400e-01      
      1265      2.496e-01      
      1266      2.176e-01      
      1269      1.263e-01      
      1270      1.115e-01      
      2196      1.078e-01      
      2197      2.424e-01      
      2198      4.314e-01      
      2199      6.079e-01      
      2201      6.149e-01      
      2202      4.549e-01      
      2203      2.847e-01      
      2204      1.562e-01      
      2435      2.398e-01      
      2436      2.599e-01      
      2464      1.638e-01      
      2465      1.412e-01      
      3398      1.907e-01      
      3399      3.291e-01      
      3400      4.502e-01      
      3402      4.188e-01      
      3403      2.846e-01      
      3404      1.531e-01      
      3553      1.760e-01      
      3554      3.412e-01      
      3555      5.195e-01      
      3556      6.222e-01      
      3557      5.870e-01      
      3558      4.369e-01      
      3559      2.569e-01      
      3560      1.194e-01      


3624   1.194e-01