0.0      1.000e-01      
      1      1.000e-01      
      408      1.937e-01      
      409      2.104e-01      
      410      2.524e-01      
      411      3.402e-01      
      412      4.817e-01      
      413      6.499e-01      
      414      7.817e-01      
      416      7.444e-01      
      417      6.096e-01      
      418      4.740e-01      
      419      3.776e-01      
      420      3.337e-01      
      422      4.304e-01      
      423      5.865e-01      
      424      7.879e-01      
      425      9.634e-01      
      427      9.774e-01      
      428      8.291e-01      
      429      6.626e-01      
      430      5.310e-01      
      431      4.501e-01      
      432      4.102e-01      
      445      3.111e-01      
      446      3.056e-01      
      457      2.099e-01      
      458      2.011e-01      
      505      1.029e-01      
      506      1.000e-01      
      1065      1.000e-01      
      1066      2.164e-01      
      1067      4.544e-01      
      1068      8.004e-01      
      1069      1.185e+00      
      1070      1.486e+00      
      1071      1.587e+00      
      1072      1.451e+00      
      1073      1.141e+00      
      1074      7.818e-01      
      1075      4.779e-01      
      1076      2.720e-01      
      1077      1.532e-01      
      1207      2.237e-01      
      1208      4.565e-01      
      1209      7.918e-01      
      1210      1.172e+00      
      1211      1.499e+00      
      1212      1.683e+00      
      1213      1.680e+00      
      1214      1.508e+00      
      1215      1.227e+00      
      1216      9.146e-01      
      1217      6.381e-01      
      1218      4.346e-01      
      1219      3.077e-01      
      1231      4.071e-01      
      1232      4.102e-01      
      1243      3.173e-01      
      1244      3.052e-01      
      1250      2.138e-01      
      1251      2.017e-01      
      1269      1.020e-01      
      1270      1.000e-01      
      1682      1.873e-01      
      1683      2.742e-01      
      1684      3.471e-01      
      1685      3.767e-01      
      1687      2.864e-01      
      1688      2.086e-01      
      1689      1.409e-01      
      1690      1.000e-01      
      1988      1.645e-01      
      1989      2.008e-01      
      1995      1.009e-01      
      1996      1.000e-01      
      2098      1.897e-01      
      2099      2.847e-01      
      2100      3.620e-01      
      2101      3.906e-01      
      2102      3.610e-01      
      2103      2.904e-01      
      2104      2.089e-01      
      2105      1.396e-01      
      2196      1.304e-01      
      2197      3.111e-01      
      2198      6.474e-01      
      2199      1.168e+00      
      2200      1.824e+00      
      2201      2.455e+00      
      2202      2.826e+00      
      2203      2.762e+00      
      2204      2.289e+00      
      2205      1.620e+00      
      2206      9.983e-01      
      2207      5.570e-01      
      2208      3.028e-01      
      2209      1.793e-01      
      2408      2.225e-01      
      2409      3.133e-01      
      2410      3.917e-01      
      2411      4.703e-01      
      2412      5.814e-01      
      2413      7.334e-01      
      2414      8.821e-01      
      2417      8.060e-01      
      2418      6.434e-01      
      2419      4.876e-01      
      2420      3.691e-01      
      2452      2.949e-01      
      2453      2.683e-01      
      2458      1.729e-01      
      2459      1.632e-01      
      2568      2.283e-01      
      2569      4.227e-01      
      2570      7.378e-01      
      2571      1.129e+00      
      2572      1.474e+00      
      2573      1.635e+00      
      2574      1.549e+00      
      2575      1.273e+00      
      2576      9.331e-01      
      2577      6.414e-01      
      2578      4.476e-01      
      2579      3.484e-01      
      2580      3.181e-01      
      2632      2.304e-01      
      2633      2.173e-01      
      2701      1.188e-01      
      2702      1.172e-01      
      2947      1.824e-01      
      2948      4.213e-01      
      2949      7.978e-01      
      2950      1.226e+00      
      2951      1.532e+00      
      2952      1.566e+00      
      2953      1.326e+00      
      2954      9.469e-01      
      2955      5.879e-01      
      2956      3.320e-01      
      2957      1.817e-01      
      3140      1.542e-01      
      3141      4.033e-01      
      3142      8.733e-01      
      3143      1.546e+00      
      3144      2.245e+00      
      3145      2.709e+00      
      3146      2.767e+00      
      3147      2.466e+00      
      3148      1.995e+00      
      3149      1.523e+00      
      3150      1.114e+00      
      3151      7.728e-01      
      3152      5.008e-01      
      3153      3.043e-01      
      3154      1.790e-01      
      3344      1.973e-01      
      3345      4.756e-01      
      3346      9.372e-01      
      3347      1.495e+00      
      3348      1.933e+00      
      3349      2.042e+00      
      3350      1.782e+00      
      3351      1.307e+00      
      3352      8.255e-01      
      3353      4.666e-01      
      3354      2.497e-01      
      3355      1.358e-01      
      3395      2.333e-01      
      3396      2.678e-01      
      3401      1.897e-01      
      3402      1.600e-01      
      3554      1.920e-01      
      3555      3.631e-01      
      3556      5.579e-01      
      3557      6.948e-01      
      3559      5.972e-01      
      3560      4.303e-01      
      3561      2.755e-01      
      3562      1.657e-01      


3624   1.657e-01