0.0      1.000e-01      
      1      1.000e-01      
      2198      1.174e-01      
      2199      2.038e-01      
      2200      2.912e-01      
      2201      3.452e-01      
      2203      2.808e-01      
      2204      1.925e-01      
      2410      2.285e-01      
      2411      4.192e-01      
      2412      6.771e-01      
      2413      9.231e-01      
      2414      1.045e+00      
      2415      9.807e-01      
      2416      7.728e-01      
      2417      5.220e-01      
      2418      3.096e-01      
      2419      1.643e-01      
      2567      1.823e-01      
      2568      3.034e-01      
      2569      4.344e-01      
      2570      5.295e-01      
      2571      5.525e-01      
      2572      5.006e-01      
      2573      4.024e-01      
      2574      2.942e-01      
      2575      2.016e-01      
      2576      1.346e-01      
      2948      1.885e-01      
      2949      2.771e-01      
      2952      2.037e-01      
      2953      1.147e-01      


3624   1.147e-01