0.0      1.000e-01      
      1      1.000e-01      
      359      1.640e-01      
      360      2.968e-01      
      361      4.754e-01      
      362      6.746e-01      
      363      8.353e-01      
      365      7.648e-01      
      366      5.427e-01      
      367      3.126e-01      
      368      1.481e-01      
      1065      2.447e-01      
      1066      3.250e-01      
      1067      3.980e-01      
      1068      4.390e-01      
      1069      4.183e-01      
      1070      3.324e-01      
      1071      2.164e-01      
      1072      1.158e-01      
      1205      1.629e-01      
      1206      2.221e-01      
      1211      1.771e-01      
      1212      1.143e-01      
      2095      1.489e-01      
      2096      2.149e-01      
      2099      1.629e-01      
      2100      1.000e-01      
      2560      1.641e-01      
      2561      2.788e-01      
      2562      3.802e-01      
      2564      3.548e-01      
      2565      2.433e-01      
      2566      1.349e-01      


3624   1.349e-01