0.0      1.000e-01      
      1      1.000e-01      
      359      1.176e-01      
      360      2.199e-01      
      361      3.562e-01      
      362      4.951e-01      
      365      4.614e-01      
      366      3.075e-01      
      367      1.686e-01      
      1064      2.390e-01      
      1065      2.953e-01      
      1069      1.980e-01      
      1070      1.420e-01      
      2095      1.949e-01      
      2096      2.708e-01      
      2099      2.040e-01      
      2100      1.226e-01      
      2560      1.167e-01      
      2561      2.438e-01      
      2562      4.054e-01      
      2563      5.382e-01      
      2565      4.925e-01      
      2566      3.447e-01      
      2567      1.989e-01      


3624   1.989e-01