0.0      1.000e-01      
      1      1.000e-01      
      361      1.932e-01      
      362      2.948e-01      
      363      4.077e-01      
      367      3.267e-01      
      368      2.355e-01      
      369      1.700e-01      
      370      1.298e-01      
      1064      1.885e-01      
      1065      3.287e-01      
      1066      5.695e-01      
      1067      8.702e-01      
      1068      1.117e+00      
      1070      1.062e+00      
      1071      8.118e-01      
      1072      5.544e-01      
      1073      3.610e-01      
      1074      2.427e-01      
      1076      1.460e-01      
      1077      1.286e-01      
      2094      2.050e-01      
      2095      2.999e-01      
      2096      3.988e-01      
      2097      4.587e-01      
      2099      3.855e-01      
      2100      2.968e-01      
      2101      2.185e-01      
      2102      1.640e-01      
      3269      1.484e-01      
      3270      2.833e-01      
      3271      5.064e-01      
      3272      7.698e-01      
      3273      9.645e-01      
      3274      9.936e-01      
      3275      8.532e-01      
      3276      6.287e-01      
      3277      4.175e-01      
      3278      2.681e-01      
      3279      1.798e-01      
      3280      1.319e-01      


3624   1.319e-01