0.0      1.000e-01      
      1      1.000e-01      
      499      1.995e-01      
      500      2.146e-01      
      504      3.113e-01      
      505      3.409e-01      
      567      4.341e-01      
      568      4.430e-01      
      595      3.540e-01      
      596      3.284e-01      
      609      2.339e-01      
      610      2.221e-01      
      618      1.252e-01      
      619      1.183e-01      
      1070      2.101e-01      
      1071      3.194e-01      
      1074      2.894e-01      
      1075      1.888e-01      
      2196      2.717e-01      
      2197      5.447e-01      
      2198      8.954e-01      
      2199      1.209e+00      
      2200      1.349e+00      
      2201      1.260e+00      
      2202      1.010e+00      
      2203      7.177e-01      
      2204      4.673e-01      
      2205      2.844e-01      
      2206      1.641e-01      
      2272      2.526e-01      
      2273      2.947e-01      
      2276      3.903e-01      
      2277      4.070e-01      
      2284      4.997e-01      
      2285      5.088e-01      
      2297      4.157e-01      
      2298      4.030e-01      
      2337      3.037e-01      
      2338      2.993e-01      
      2349      2.032e-01      
      2350      1.935e-01      
      2408      2.154e-01      
      2409      3.422e-01      
      2410      4.829e-01      
      2411      5.776e-01      
      2412      5.877e-01      
      2413      5.324e-01      
      2414      4.663e-01      
      2419      3.925e-01      
      2420      3.524e-01      
      2421      2.947e-01      
      2422      2.324e-01      
      2424      1.432e-01      
      2425      1.225e-01      
      2567      1.875e-01      
      2568      2.280e-01      
      2585      1.287e-01      
      2586      1.222e-01      
      3398      1.355e-01      
      3399      2.402e-01      
      3400      3.402e-01      
      3403      2.664e-01      
      3404      1.686e-01      
      3552      1.943e-01      
      3553      4.784e-01      
      3554      9.371e-01      
      3555      1.465e+00      
      3556      1.835e+00      
      3557      1.854e+00      
      3558      1.526e+00      
      3559      1.039e+00      
      3560      6.007e-01      
      3561      3.078e-01      
      3562      1.502e-01      
      3609      2.421e-01      
      3610      2.946e-01      
      3611      3.514e-01      
      3612      4.055e-01      
      3614      4.858e-01      
      3615      5.077e-01      


3624   5.077e-01