0.0      1.000e-01      
      1      1.000e-01      
      35      1.600e-01      
      36      2.186e-01      
      40      1.467e-01      
      41      1.054e-01      
      359      1.134e-01      
      360      2.907e-01      
      361      6.025e-01      
      362      1.027e+00      
      363      1.474e+00      
      364      1.828e+00      
      365      2.001e+00      
      366      1.952e+00      
      367      1.695e+00      
      368      1.305e+00      
      369      8.930e-01      
      370      5.541e-01      
      371      3.248e-01      
      372      1.904e-01      
      414      2.140e-01      
      415      3.268e-01      
      416      4.231e-01      
      417      4.590e-01      
      418      4.228e-01      
      419      3.421e-01      
      420      2.592e-01      
      421      2.007e-01      
      424      1.248e-01      
      425      1.000e-01      
      449      1.355e-01      
      450      2.611e-01      
      451      3.968e-01      
      454      3.707e-01      
      455      2.521e-01      
      456      1.557e-01      
      457      1.000e-01      
      1059      1.872e-01      
      1060      4.097e-01      
      1061      7.704e-01      
      1062      1.294e+00      
      1063      1.997e+00      
      1064      2.866e+00      
      1065      3.815e+00      
      1066      4.698e+00      
      1067      5.344e+00      
      1068      5.591e+00      
      1069      5.324e+00      
      1070      4.563e+00      
      1071      3.497e+00      
      1072      2.402e+00      
      1073      1.499e+00      
      1074      8.750e-01      
      1075      5.008e-01      
      1076      2.962e-01      
      1077      1.876e-01      
      1203      2.315e-01      
      1204      6.380e-01      
      1205      1.586e+00      
      1206      3.287e+00      
      1207      5.585e+00      
      1208      7.796e+00      
      1209      9.023e+00      
      1210      8.763e+00      
      1211      7.239e+00      
      1212      5.175e+00      
      1213      3.277e+00      
      1214      1.904e+00      
      1215      1.071e+00      
      1216      6.236e-01      
      1217      3.970e-01      
      1218      2.805e-01      
      1219      2.152e-01      
      1220      1.745e-01      
      1525      1.615e-01      
      1526      3.085e-01      
      1527      6.100e-01      
      1528      1.086e+00      
      1529      1.645e+00      
      1530      2.085e+00      
      1531      2.206e+00      
      1532      1.959e+00      
      1533      1.487e+00      
      1534      9.963e-01      
      1535      6.218e-01      
      1536      3.878e-01      
      1537      2.576e-01      
      1538      1.877e-01      
      1539      1.494e-01      
      1568      1.584e-01      
      1569      2.782e-01      
      1570      5.319e-01      
      1571      9.344e-01      
      1572      1.384e+00      
      1573      1.681e+00      
      1574      1.673e+00      
      1575      1.388e+00      
      1576      9.939e-01      
      1577      6.475e-01      
      1578      4.109e-01      
      1579      2.699e-01      
      1580      1.891e-01      
      1581      1.417e-01      
      1714      1.498e-01      
      1715      2.475e-01      
      1716      3.633e-01      
      1717      4.520e-01      
      1718      4.738e-01      
      1719      4.257e-01      
      1720      3.391e-01      
      1721      2.509e-01      
      1722      1.811e-01      
      1983      1.794e-01      
      1984      2.868e-01      
      1985      3.691e-01      
      1986      3.883e-01      
      1987      3.416e-01      
      1988      2.600e-01      
      1989      1.798e-01      
      1990      1.199e-01      
      2093      1.337e-01      
      2094      3.441e-01      
      2095      7.054e-01      
      2096      1.160e+00      
      2097      1.545e+00      
      2098      1.687e+00      
      2099      1.533e+00      
      2100      1.184e+00      
      2101      8.000e-01      
      2102      4.914e-01      
      2103      2.886e-01      
      2104      1.714e-01      
      2192      1.052e-01      
      2193      3.161e-01      
      2194      7.802e-01      
      2195      1.587e+00      
      2196      2.681e+00      
      2197      3.803e+00      
      2198      4.616e+00      
      2199      4.918e+00      
      2200      4.727e+00      
      2201      4.181e+00      
      2202      3.412e+00      
      2203      2.543e+00      
      2204      1.713e+00      
      2205      1.047e+00      
      2206      5.936e-01      
      2207      3.267e-01      
      2208      1.847e-01      
      2394      1.943e-01      
      2395      6.740e-01      
      2396      1.875e+00      
      2397      4.199e+00      
      2398      7.618e+00      
      2399      1.132e+01      
      2400      1.401e+01      
      2401      1.487e+01      
      2402      1.399e+01      
      2403      1.200e+01      
      2404      9.522e+00      
      2405      6.963e+00      
      2406      4.698e+00      
      2407      3.018e+00      
      2408      2.038e+00      
      2409      1.726e+00      
      2410      2.003e+00      
      2411      2.761e+00      
      2412      3.779e+00      
      2413      4.676e+00      
      2414      5.050e+00      
      2415      4.716e+00      
      2416      3.824e+00      
      2417      2.727e+00      
      2418      1.749e+00      
      2419      1.042e+00      
      2420      6.039e-01      
      2421      3.586e-01      
      2422      2.294e-01      
      2424      1.356e-01      
      2425      1.286e-01      
      2429      2.263e-01      
      2430      2.765e-01      
      2431      3.372e-01      
      2432      4.065e-01      
      2433      4.794e-01      
      2434      5.498e-01      
      2435      6.133e-01      
      2436      6.679e-01      
      2438      7.471e-01      
      2439      7.693e-01      
      2448      8.563e-01      
      2449      9.029e-01      
      2451      9.979e-01      
      2452      1.041e+00      
      2454      1.115e+00      
      2455      1.147e+00      
      2458      1.231e+00      
      2459      1.255e+00      
      2466      1.169e+00      
      2467      1.110e+00      
      2468      1.053e+00      
      2469      1.007e+00      
      2476      1.085e+00      
      2477      1.118e+00      
      2480      1.208e+00      
      2481      1.233e+00      
      2489      1.133e+00      
      2490      1.064e+00      
      2491      9.900e-01      
      2492      9.213e-01      
      2494      8.262e-01      
      2495      8.072e-01      
      2500      9.035e-01      
      2501      9.258e-01      
      2513      8.740e-01      
      2514      8.088e-01      
      2515      7.442e-01      
      2516      6.886e-01      
      2526      7.823e-01      
      2527      7.972e-01      
      2536      7.372e-01      
      2537      6.781e-01      
      2538      6.151e-01      
      2539      5.561e-01      
      2541      4.706e-01      
      2542      4.482e-01      
      2547      5.151e-01      
      2548      5.504e-01      
      2550      6.234e-01      
      2551      6.529e-01      
      2561      6.368e-01      
      2562      8.994e-01      
      2563      1.773e+00      
      2564      3.881e+00      
      2565      7.765e+00      
      2566      1.325e+01      
      2567      1.904e+01      
      2568      2.315e+01      
      2569      2.412e+01      
      2570      2.185e+01      
      2571      1.748e+01      
      2572      1.259e+01      
      2573      8.384e+00      
      2574      5.330e+00      
      2575      3.373e+00      
      2576      2.225e+00      
      2577      1.593e+00      
      2578      1.257e+00      
      2579      1.080e+00      
      2580      9.832e-01      
      2581      9.231e-01      
      2583      8.315e-01      
      2584      7.847e-01      
      2586      6.959e-01      
      2587      6.627e-01      
      2592      7.330e-01      
      2593      7.751e-01      
      2595      8.513e-01      
      2596      8.842e-01      
      2600      9.808e-01      
      2601      9.978e-01      
      2609      9.254e-01      
      2610      8.625e-01      
      2611      7.974e-01      
      2612      7.427e-01      
      2619      8.358e-01      
      2620      8.681e-01      
      2624      9.626e-01      
      2625      9.747e-01      
      2632      8.998e-01      
      2633      8.492e-01      
      2634      7.884e-01      
      2635      7.253e-01      
      2637      6.272e-01      
      2638      6.033e-01      
      2642      6.740e-01      
      2643      7.089e-01      
      2650      8.076e-01      
      2651      8.100e-01      
      2655      7.141e-01      
      2656      6.522e-01      
      2657      5.841e-01      
      2658      5.175e-01      
      2659      4.579e-01      
      2660      4.079e-01      
      2669      4.769e-01      
      2670      5.114e-01      
      2681      4.345e-01      
      2682      4.103e-01      
      2704      3.257e-01      
      2705      3.011e-01      
      2709      2.028e-01      
      2710      1.903e-01      
      3339      1.997e-01      
      3340      5.087e-01      
      3341      1.026e+00      
      3342      1.646e+00      
      3343      2.115e+00      
      3344      2.195e+00      
      3345      1.866e+00      
      3346      1.327e+00      
      3347      8.172e-01      
      3348      4.601e-01      
      3349      2.549e-01      
      3350      1.494e-01      
      3418      2.217e-01      
      3419      2.573e-01      
      3421      2.060e-01      
      3422      1.515e-01      


3624   1.515e-01