0.0      1.000e-01      
      1      1.000e-01      
      35      1.773e-01      
      36      2.723e-01      
      39      2.472e-01      
      40      1.553e-01      
      366      2.284e-01      
      367      3.028e-01      
      372      2.746e-01      
      373      1.874e-01      
      411      2.400e-01      
      412      4.249e-01      
      413      6.374e-01      
      414      8.026e-01      
      416      7.549e-01      
      417      5.691e-01      
      418      3.739e-01      
      419      2.330e-01      
      423      2.792e-01      
      424      3.891e-01      
      425      4.785e-01      
      426      4.949e-01      
      427      4.239e-01      
      428      3.027e-01      
      429      1.858e-01      
      1068      1.838e-01      
      1069      3.936e-01      
      1070      6.757e-01      
      1071      9.261e-01      
      1073      8.805e-01      
      1074      6.129e-01      
      1075      3.439e-01      
      1076      1.585e-01      
      1209      2.384e-01      
      1210      3.545e-01      
      1211      4.456e-01      
      1212      4.809e-01      
      1213      4.511e-01      
      1214      3.698e-01      
      1215      2.653e-01      
      1216      1.669e-01      
      1217      1.000e-01      
      1988      1.567e-01      
      1989      2.032e-01      
      1995      1.134e-01      
      1996      1.000e-01      
      2096      1.740e-01      
      2097      3.556e-01      
      2098      5.824e-01      
      2099      7.697e-01      
      2101      7.283e-01      
      2102      5.288e-01      
      2103      3.195e-01      
      2104      1.633e-01      
      2196      1.303e-01      
      2197      3.047e-01      
      2198      5.851e-01      
      2199      9.335e-01      
      2200      1.254e+00      
      2201      1.436e+00      
      2202      1.414e+00      
      2203      1.197e+00      
      2204      8.663e-01      
      2205      5.315e-01      
      2206      2.762e-01      
      2207      1.238e-01      
      2410      1.886e-01      
      2411      2.328e-01      
      2416      1.916e-01      
      2417      1.237e-01      
      3342      1.821e-01      
      3343      4.876e-01      
      3344      1.043e+00      
      3345      1.792e+00      
      3346      2.483e+00      
      3347      2.791e+00      
      3348      2.562e+00      
      3349      1.934e+00      
      3350      1.211e+00      
      3351      6.361e-01      
      3352      2.858e-01      
      3353      1.138e-01      
      3550      2.135e-01      
      3551      3.035e-01      
      3554      4.005e-01      
      3555      5.446e-01      
      3556      8.077e-01      
      3557      1.077e+00      
      3558      1.183e+00      
      3559      1.041e+00      
      3560      7.329e-01      
      3561      4.155e-01      
      3562      1.940e-01      


3624   1.940e-01