0.0      1.000e-01      
      1      1.000e-01      
      36      1.806e-01      
      37      2.598e-01      
      40      2.139e-01      
      41      1.359e-01      
      368      2.264e-01      
      369      4.282e-01      
      370      6.690e-01      
      371      8.741e-01      
      372      1.002e+00      
      373      1.086e+00      
      374      1.187e+00      
      375      1.319e+00      
      376      1.457e+00      
      377      1.589e+00      
      378      1.732e+00      
      379      1.905e+00      
      380      2.115e+00      
      381      2.350e+00      
      382      2.581e+00      
      383      2.760e+00      
      385      2.788e+00      
      386      2.612e+00      
      387      2.350e+00      
      388      2.055e+00      
      389      1.774e+00      
      390      1.538e+00      
      391      1.358e+00      
      392      1.229e+00      
      393      1.132e+00      
      394      1.057e+00      
      399      1.156e+00      
      400      1.194e+00      
      405      1.267e+00      
      406      1.389e+00      
      407      1.545e+00      
      408      1.713e+00      
      409      1.866e+00      
      410      1.981e+00      
      411      2.070e+00      
      412      2.186e+00      
      413      2.389e+00      
      414      2.679e+00      
      415      2.977e+00      
      416      3.186e+00      
      417      3.272e+00      
      418      3.299e+00      
      419      3.356e+00      
      420      3.482e+00      
      421      3.662e+00      
      422      3.896e+00      
      423      4.248e+00      
      424      4.780e+00      
      425      5.435e+00      
      426      6.010e+00      
      427      6.300e+00      
      428      6.257e+00      
      429      5.993e+00      
      430      5.654e+00      
      431      5.325e+00      
      432      5.019e+00      
      433      4.718e+00      
      434      4.400e+00      
      435      4.061e+00      
      436      3.715e+00      
      437      3.384e+00      
      438      3.084e+00      
      439      2.811e+00      
      440      2.557e+00      
      441      2.323e+00      
      442      2.122e+00      
      443      1.964e+00      
      444      1.848e+00      
      445      1.764e+00      
      446      1.694e+00      
      447      1.624e+00      
      448      1.543e+00      
      449      1.450e+00      
      450      1.347e+00      
      451      1.238e+00      
      452      1.132e+00      
      453      1.036e+00      
      454      9.557e-01      
      456      8.570e-01      
      457      8.309e-01      
      462      7.460e-01      
      463      7.304e-01      
      467      6.390e-01      
      468      6.195e-01      
      474      5.208e-01      
      475      4.929e-01      
      478      4.109e-01      
      479      3.916e-01      
      492      2.935e-01      
      493      2.860e-01      
      498      2.063e-01      
      499      1.857e-01      
      1068      2.253e-01      
      1069      5.147e-01      
      1070      9.530e-01      
      1071      1.399e+00      
      1072      1.619e+00      
      1073      1.478e+00      
      1074      1.069e+00      
      1075      6.190e-01      
      1076      2.936e-01      
      1077      1.213e-01      
      1206      1.000e-01      
      1207      2.300e-01      
      1208      4.846e-01      
      1209      8.585e-01      
      1210      1.274e+00      
      1211      1.604e+00      
      1212      1.760e+00      
      1216      1.852e+00      
      1217      2.288e+00      
      1218      2.934e+00      
      1219      3.649e+00      
      1220      4.236e+00      
      1221      4.527e+00      
      1222      4.460e+00      
      1223      4.101e+00      
      1224      3.593e+00      
      1225      3.076e+00      
      1226      2.632e+00      
      1227      2.284e+00      
      1228      2.019e+00      
      1229      1.819e+00      
      1230      1.666e+00      
      1231      1.541e+00      
      1232      1.422e+00      
      1233      1.293e+00      
      1234      1.151e+00      
      1235      1.004e+00      
      1236      8.686e-01      
      1237      7.586e-01      
      1238      6.808e-01      
      1239      6.303e-01      
      1241      5.612e-01      
      1242      5.258e-01      
      1254      6.238e-01      
      1255      6.367e-01      
      1264      5.711e-01      
      1265      5.244e-01      
      1266      4.699e-01      
      1267      4.129e-01      
      1268      3.588e-01      
      1269      3.123e-01      
      1289      2.262e-01      
      1290      1.925e-01      
      1987      1.502e-01      
      1988      3.046e-01      
      1989      5.201e-01      
      1990      7.232e-01      
      1992      7.257e-01      
      1993      5.246e-01      
      1994      3.106e-01      
      1995      1.572e-01      
      2096      1.715e-01      
      2097      3.165e-01      
      2098      4.902e-01      
      2099      6.192e-01      
      2101      5.317e-01      
      2102      3.707e-01      
      2103      2.228e-01      
      2104      1.230e-01      
      2105      1.000e-01      
      2113      1.810e-01      
      2114      2.057e-01      
      2118      1.148e-01      
      2119      1.000e-01      
      2198      1.206e-01      
      2199      2.401e-01      
      2200      4.521e-01      
      2201      7.335e-01      
      2202      9.798e-01      
      2204      9.260e-01      
      2205      6.752e-01      
      2206      4.564e-01      
      2209      5.016e-01      
      2210      6.236e-01      
      2211      7.147e-01      
      2212      7.494e-01      
      2213      7.233e-01      
      2214      6.478e-01      
      2215      5.447e-01      
      2216      4.389e-01      
      2217      3.495e-01      
      2218      2.823e-01      
      2220      1.857e-01      
      2221      1.422e-01      
      2408      2.014e-01      
      2409      2.798e-01      
      2416      2.161e-01      
      2417      1.728e-01      
      2419      2.077e-01      
      2420      3.307e-01      
      2421      5.255e-01      
      2422      7.648e-01      
      2423      1.000e+00      
      2424      1.178e+00      
      2427      1.124e+00      
      2428      9.670e-01      
      2429      8.007e-01      
      2430      6.523e-01      
      2431      5.351e-01      
      2432      4.498e-01      
      2433      3.882e-01      
      2435      2.925e-01      
      2436      2.439e-01      
      2438      1.498e-01      
      2439      1.143e-01      
      2780      1.928e-01      
      2781      2.200e-01      
      2783      1.583e-01      
      2784      1.062e-01      
      3142      1.429e-01      
      3143      2.065e-01      
      3152      1.407e-01      
      3153      1.000e-01      
      3343      1.593e-01      
      3344      4.405e-01      
      3345      1.054e+00      
      3346      2.039e+00      
      3347      3.141e+00      
      3348      3.844e+00      
      3349      3.749e+00      
      3350      2.938e+00      
      3351      1.893e+00      
      3352      1.085e+00      
      3353      7.050e-01      
      3354      6.969e-01      
      3355      9.193e-01      
      3356      1.238e+00      
      3357      1.545e+00      
      3358      1.758e+00      
      3360      1.742e+00      
      3361      1.544e+00      
      3362      1.297e+00      
      3363      1.059e+00      
      3364      8.629e-01      
      3365      7.169e-01      
      3366      6.146e-01      
      3369      5.863e-01      
      3370      7.365e-01      
      3371      9.743e-01      
      3372      1.227e+00      
      3373      1.390e+00      
      3375      1.318e+00      
      3376      1.200e+00      
      3377      1.106e+00      
      3378      1.039e+00      
      3379      9.749e-01      
      3380      8.929e-01      
      3381      7.875e-01      
      3382      6.680e-01      
      3383      5.494e-01      
      3384      4.441e-01      
      3385      3.578e-01      
      3386      2.920e-01      
      3392      3.122e-01      
      3393      4.869e-01      
      3394      8.049e-01      
      3395      1.265e+00      
      3396      1.779e+00      
      3397      2.197e+00      
      3398      2.422e+00      
      3400      2.517e+00      
      3401      2.626e+00      
      3402      2.834e+00      
      3403      3.085e+00      
      3404      3.291e+00      
      3406      3.338e+00      
      3407      3.171e+00      
      3408      2.914e+00      
      3409      2.605e+00      
      3410      2.276e+00      
      3411      1.953e+00      
      3412      1.650e+00      
      3413      1.380e+00      
      3414      1.152e+00      
      3415      9.747e-01      
      3416      8.526e-01      
      3419      8.841e-01      
      3420      1.007e+00      
      3421      1.117e+00      
      3424      1.042e+00      
      3425      9.213e-01      
      3426      8.036e-01      
      3429      8.536e-01      
      3430      1.068e+00      
      3431      1.316e+00      
      3432      1.529e+00      
      3433      1.681e+00      
      3434      1.790e+00      
      3435      1.881e+00      
      3436      1.965e+00      
      3437      2.033e+00      
      3438      2.065e+00      
      3440      1.968e+00      
      3441      1.835e+00      
      3442      1.667e+00      
      3443      1.486e+00      
      3444      1.314e+00      
      3445      1.159e+00      
      3446      1.022e+00      
      3447      8.972e-01      
      3448      7.837e-01      
      3449      6.818e-01      
      3450      5.930e-01      
      3451      5.191e-01      
      3453      4.193e-01      
      3454      3.917e-01      
      3468      3.100e-01      
      3469      2.859e-01      
      3472      1.978e-01      
      3473      1.638e-01      
      3548      1.527e-01      
      3549      3.140e-01      
      3550      5.908e-01      
      3551      9.445e-01      
      3552      1.280e+00      
      3553      1.541e+00      
      3554      1.799e+00      
      3555      2.202e+00      
      3556      2.826e+00      
      3557      3.606e+00      
      3558      4.421e+00      
      3559      5.218e+00      
      3560      6.036e+00      
      3561      6.875e+00      
      3562      7.583e+00      
      3563      7.922e+00      
      3564      7.743e+00      
      3565      7.095e+00      
      3566      6.165e+00      
      3567      5.156e+00      
      3568      4.204e+00      
      3569      3.370e+00      
      3570      2.677e+00      
      3571      2.141e+00      
      3572      1.776e+00      
      3573      1.568e+00      
      3574      1.465e+00      
      3575      1.391e+00      
      3576      1.292e+00      
      3577      1.158e+00      
      3578      1.019e+00      
      3579      9.105e-01      
      3585      1.002e+00      
      3586      1.045e+00      
      3590      9.775e-01      
      3591      8.780e-01      
      3592      7.628e-01      
      3593      6.528e-01      
      3594      5.647e-01      
      3595      5.045e-01      
      3603      4.203e-01      
      3604      3.949e-01      
      3615      2.960e-01      
      3616      2.712e-01      
      3618      1.909e-01      
      3619      1.495e-01      


3624   1.495e-01