0.0      1.000e-01      
      1      1.000e-01      
      35      1.399e-01      
      36      2.311e-01      
      37      3.093e-01      
      38      3.400e-01      
      40      2.470e-01      
      41      1.736e-01      
      367      1.463e-01      
      368      2.968e-01      
      369      5.060e-01      
      370      7.205e-01      
      371      8.603e-01      
      373      7.882e-01      
      374      6.638e-01      
      375      5.646e-01      
      376      5.164e-01      
      379      5.991e-01      
      380      6.592e-01      
      381      7.180e-01      
      382      7.660e-01      
      393      8.613e-01      
      394      9.015e-01      
      395      9.526e-01      
      396      1.011e+00      
      397      1.072e+00      
      398      1.136e+00      
      399      1.209e+00      
      400      1.294e+00      
      401      1.388e+00      
      402      1.477e+00      
      403      1.548e+00      
      404      1.596e+00      
      411      1.627e+00      
      412      1.766e+00      
      413      1.955e+00      
      414      2.148e+00      
      415      2.292e+00      
      419      2.215e+00      
      420      2.188e+00      
      422      2.287e+00      
      423      2.464e+00      
      424      2.772e+00      
      425      3.191e+00      
      426      3.610e+00      
      427      3.869e+00      
      428      3.869e+00      
      429      3.646e+00      
      430      3.328e+00      
      431      3.035e+00      
      432      2.821e+00      
      433      2.680e+00      
      434      2.588e+00      
      435      2.528e+00      
      439      2.433e+00      
      440      2.413e+00      
      443      2.332e+00      
      444      2.300e+00      
      448      2.200e+00      
      449      2.161e+00      
      450      2.107e+00      
      451      2.042e+00      
      452      1.971e+00      
      453      1.903e+00      
      454      1.843e+00      
      455      1.793e+00      
      457      1.716e+00      
      458      1.681e+00      
      460      1.603e+00      
      461      1.557e+00      
      462      1.506e+00      
      463      1.449e+00      
      464      1.394e+00      
      465      1.345e+00      
      468      1.246e+00      
      469      1.220e+00      
      472      1.135e+00      
      473      1.098e+00      
      475      1.013e+00      
      476      9.698e-01      
      478      8.939e-01      
      479      8.658e-01      
      486      7.700e-01      
      487      7.637e-01      
      498      6.853e-01      
      499      6.613e-01      
      501      5.854e-01      
      502      5.397e-01      
      504      4.591e-01      
      505      4.289e-01      
      510      3.379e-01      
      511      3.273e-01      
      572      2.403e-01      
      573      2.176e-01      
      596      1.268e-01      
      597      1.002e-01      
      1068      1.944e-01      
      1069      3.917e-01      
      1070      6.344e-01      
      1071      8.307e-01      
      1073      7.828e-01      
      1074      5.828e-01      
      1075      3.786e-01      
      1076      2.261e-01      
      1077      1.332e-01      
      1078      1.000e-01      
      1206      1.728e-01      
      1207      4.281e-01      
      1208      8.844e-01      
      1209      1.519e+00      
      1210      2.195e+00      
      1211      2.720e+00      
      1212      2.955e+00      
      1213      2.882e+00      
      1214      2.582e+00      
      1215      2.177e+00      
      1216      1.779e+00      
      1217      1.465e+00      
      1218      1.273e+00      
      1221      1.365e+00      
      1222      1.530e+00      
      1223      1.722e+00      
      1224      1.930e+00      
      1225      2.148e+00      
      1226      2.366e+00      
      1227      2.574e+00      
      1228      2.762e+00      
      1229      2.925e+00      
      1230      3.063e+00      
      1231      3.177e+00      
      1232      3.270e+00      
      1233      3.344e+00      
      1242      3.265e+00      
      1243      3.203e+00      
      1244      3.138e+00      
      1245      3.075e+00      
      1246      3.018e+00      
      1247      2.970e+00      
      1249      2.883e+00      
      1250      2.831e+00      
      1251      2.768e+00      
      1252      2.697e+00      
      1253      2.622e+00      
      1254      2.547e+00      
      1255      2.474e+00      
      1256      2.406e+00      
      1257      2.340e+00      
      1258      2.275e+00      
      1259      2.209e+00      
      1260      2.145e+00      
      1261      2.085e+00      
      1262      2.026e+00      
      1263      1.962e+00      
      1264      1.889e+00      
      1265      1.801e+00      
      1266      1.701e+00      
      1267      1.595e+00      
      1268      1.492e+00      
      1269      1.404e+00      
      1270      1.337e+00      
      1273      1.239e+00      
      1274      1.222e+00      
      1285      1.137e+00      
      1286      1.115e+00      
      1288      1.042e+00      
      1289      9.892e-01      
      1290      9.250e-01      
      1291      8.523e-01      
      1292      7.783e-01      
      1293      7.123e-01      
      1302      6.172e-01      
      1303      6.116e-01      
      1315      5.412e-01      
      1316      5.094e-01      
      1320      4.114e-01      
      1321      4.060e-01      
      1366      3.087e-01      
      1367      3.051e-01      
      1390      2.110e-01      
      1391      1.990e-01      
      2098      2.859e-01      
      2099      3.736e-01      
      2101      3.472e-01      
      2102      2.576e-01      
      2103      1.693e-01      
      2104      1.053e-01      
      2195      1.331e-01      
      2196      2.897e-01      
      2197      5.434e-01      
      2198      8.828e-01      
      2199      1.256e+00      
      2200      1.571e+00      
      2201      1.714e+00      
      2202      1.619e+00      
      2203      1.317e+00      
      2204      9.308e-01      
      2205      5.888e-01      
      2206      3.552e-01      
      2207      2.279e-01      
      2216      3.041e-01      
      2217      3.434e-01      
      2219      4.278e-01      
      2220      4.654e-01      
      2239      5.455e-01      
      2240      5.715e-01      
      2248      5.024e-01      
      2249      4.544e-01      
      2250      4.041e-01      
      2251      3.522e-01      
      2253      2.547e-01      
      2254      2.162e-01      
      2274      1.220e-01      
      2275      1.000e-01      
      2407      1.248e-01      
      2408      2.400e-01      
      2409      3.856e-01      
      2410      5.314e-01      
      2411      6.719e-01      
      2412      8.418e-01      
      2413      1.065e+00      
      2414      1.293e+00      
      2415      1.416e+00      
      2416      1.363e+00      
      2417      1.162e+00      
      2418      9.129e-01      
      2419      7.055e-01      
      2420      5.803e-01      
      2423      6.090e-01      
      2424      6.861e-01      
      2425      7.672e-01      
      2426      8.418e-01      
      2427      9.067e-01      
      2428      9.639e-01      
      2429      1.016e+00      
      2430      1.065e+00      
      2432      1.149e+00      
      2433      1.183e+00      
      2436      1.275e+00      
      2437      1.306e+00      
      2460      1.228e+00      
      2461      1.201e+00      
      2463      1.119e+00      
      2464      1.055e+00      
      2465      9.752e-01      
      2466      8.859e-01      
      2467      7.950e-01      
      2468      7.107e-01      
      2469      6.388e-01      
      2470      5.813e-01      
      2472      5.012e-01      
      2473      4.739e-01      
      2487      3.807e-01      
      2488      3.663e-01      
      2493      2.715e-01      
      2494      2.601e-01      
      2515      1.723e-01      
      2516      1.362e-01      
      2567      2.098e-01      
      2568      3.830e-01      
      2569      5.931e-01      
      2570      7.728e-01      
      2573      7.122e-01      
      2574      5.906e-01      
      2575      5.019e-01      
      2576      4.564e-01      
      2586      3.681e-01      
      2587      3.535e-01      
      2595      4.265e-01      
      2596      4.561e-01      
      2601      5.548e-01      
      2602      5.669e-01      
      2620      4.689e-01      
      2621      4.559e-01      
      2632      3.917e-01      
      2633      3.547e-01      
      2635      2.573e-01      
      2636      2.079e-01      
      2658      1.252e-01      
      2659      1.000e-01      
      2948      1.861e-01      
      2949      3.831e-01      
      2950      6.295e-01      
      2951      8.299e-01      
      2953      7.749e-01      
      2954      5.690e-01      
      2955      3.641e-01      
      2956      2.155e-01      
      2957      1.273e-01      
      2958      1.000e-01      
      3141      1.960e-01      
      3142      3.250e-01      
      3143      4.642e-01      
      3144      5.862e-01      
      3147      5.780e-01      
      3148      4.416e-01      
      3149      3.017e-01      
      3150      1.939e-01      
      3346      1.976e-01      
      3347      3.649e-01      
      3348      5.383e-01      
      3351      4.889e-01      
      3352      3.329e-01      
      3353      2.050e-01      
      3354      1.234e-01      
      3355      1.000e-01      
      3394      1.325e-01      
      3395      2.468e-01      
      3396      4.033e-01      
      3397      5.639e-01      
      3398      6.711e-01      
      3400      5.936e-01      
      3401      4.513e-01      
      3402      3.071e-01      
      3403      1.944e-01      
      3418      2.710e-01      
      3419      3.157e-01      
      3421      4.049e-01      
      3422      4.349e-01      
      3430      5.179e-01      
      3431      5.906e-01      
      3432      6.561e-01      
      3433      6.982e-01      
      3444      6.050e-01      
      3445      5.902e-01      
      3448      4.905e-01      
      3449      4.327e-01      
      3450      3.704e-01      
      3451      3.127e-01      
      3469      2.209e-01      
      3470      2.096e-01      
      3473      1.360e-01      
      3474      1.088e-01      
      3550      1.000e-01      
      3551      2.462e-01      
      3552      5.232e-01      
      3553      9.089e-01      
      3554      1.289e+00      
      3555      1.503e+00      
      3556      1.462e+00      
      3557      1.208e+00      
      3558      8.698e-01      
      3559      5.635e-01      
      3560      3.407e-01      
      3561      2.004e-01      
      3562      1.204e-01      
      3563      1.000e-01      
      3575      1.966e-01      
      3576      2.212e-01      
      3581      3.154e-01      
      3582      3.289e-01      
      3594      2.416e-01      
      3595      2.150e-01      
      3617      1.270e-01      
      3618      1.006e-01      


3624   1.006e-01