0.0      1.000e-01      
      1      1.000e-01      
      37      1.495e-01      
      38      3.125e-01      
      39      6.167e-01      
      40      1.057e+00      
      41      1.533e+00      
      42      1.880e+00      
      44      1.790e+00      
      45      1.440e+00      
      46      1.052e+00      
      47      7.228e-01      
      48      4.890e-01      
      49      3.424e-01      
      50      2.577e-01      
      51      2.103e-01      
      68      1.119e-01      
      69      1.100e-01      
      417      1.338e-01      
      418      2.701e-01      
      419      5.304e-01      
      420      9.292e-01      
      421      1.414e+00      
      422      1.862e+00      
      423      2.139e+00      
      424      2.166e+00      
      425      1.964e+00      
      426      1.638e+00      
      427      1.333e+00      
      428      1.186e+00      
      429      1.266e+00      
      430      1.529e+00      
      431      1.826e+00      
      432      1.985e+00      
      433      1.918e+00      
      434      1.657e+00      
      435      1.304e+00      
      436      9.633e-01      
      437      6.944e-01      
      438      5.113e-01      
      439      3.992e-01      
      441      2.999e-01      
      442      2.826e-01      
      445      3.382e-01      
      446      4.111e-01      
      447      5.035e-01      
      448      5.871e-01      
      452      5.023e-01      
      453      4.349e-01      
      455      3.403e-01      
      456      3.128e-01      
      479      3.543e-01      
      480      4.278e-01      
      481      5.587e-01      
      482      7.458e-01      
      483      9.681e-01      
      484      1.207e+00      
      485      1.474e+00      
      486      1.796e+00      
      487      2.165e+00      
      488      2.496e+00      
      489      2.667e+00      
      490      2.601e+00      
      491      2.326e+00      
      492      1.940e+00      
      493      1.550e+00      
      494      1.224e+00      
      495      9.879e-01      
      496      8.345e-01      
      497      7.439e-01      
      498      6.931e-01      
      564      5.932e-01      
      565      5.896e-01      
      594      4.948e-01      
      595      4.874e-01      
      624      3.874e-01      
      625      3.867e-01      
      767      2.888e-01      
      768      2.864e-01      
      1002      1.870e-01      
      1003      1.860e-01      
      1069      2.126e-01      
      1070      3.198e-01      
      1071      5.535e-01      
      1072      9.500e-01      
      1073      1.466e+00      
      1074      1.957e+00      
      1075      2.251e+00      
      1076      2.249e+00      
      1077      1.986e+00      
      1078      1.578e+00      
      1079      1.155e+00      
      1080      8.038e-01      
      1081      5.539e-01      
      1082      3.971e-01      
      1083      3.072e-01      
      1084      2.584e-01      
      1159      1.590e-01      
      1160      1.564e-01      
      1217      2.514e-01      
      1218      3.044e-01      
      1226      2.108e-01      
      1227      1.951e-01      
      1678      2.659e-01      
      1679      3.341e-01      
      1684      2.509e-01      
      1685      2.222e-01      
      1694      1.252e-01      
      1695      1.174e-01      
      1994      1.676e-01      
      1995      3.410e-01      
      1996      6.783e-01      
      1997      1.183e+00      
      1998      1.750e+00      
      1999      2.189e+00      
      2000      2.343e+00      
      2001      2.196e+00      
      2002      1.877e+00      
      2003      1.561e+00      
      2004      1.367e+00      
      2006      1.288e+00      
      2007      1.231e+00      
      2008      1.094e+00      
      2009      9.033e-01      
      2010      7.096e-01      
      2011      5.517e-01      
      2012      4.405e-01      
      2013      3.683e-01      
      2014      3.222e-01      
      2020      2.233e-01      
      2021      2.144e-01      
      2051      1.160e-01      
      2052      1.139e-01      
      2101      1.213e-01      
      2102      2.250e-01      
      2103      4.898e-01      
      2104      1.020e+00      
      2105      1.849e+00      
      2106      2.847e+00      
      2107      3.741e+00      
      2108      4.267e+00      
      2109      4.323e+00      
      2110      3.980e+00      
      2111      3.386e+00      
      2112      2.688e+00      
      2113      1.999e+00      
      2114      1.404e+00      
      2115      9.467e-01      
      2116      6.333e-01      
      2117      4.393e-01      
      2118      3.286e-01      
      2120      2.364e-01      
      2121      2.188e-01      
      2391      1.190e-01      
      2392      1.178e-01      
      2415      1.979e-01      
      2416      3.605e-01      
      2417      6.902e-01      
      2418      1.214e+00      
      2419      1.856e+00      
      2420      2.442e+00      
      2421      2.787e+00      
      2422      2.805e+00      
      2423      2.540e+00      
      2424      2.111e+00      
      2425      1.636e+00      
      2426      1.201e+00      
      2427      8.497e-01      
      2428      5.963e-01      
      2429      4.312e-01      
      2430      3.318e-01      
      2431      2.746e-01      
      2443      1.761e-01      
      2444      1.740e-01      
      2573      2.014e-01      
      2574      2.872e-01      
      2575      4.115e-01      
      2576      5.546e-01      
      2577      6.780e-01      
      2580      6.420e-01      
      2581      5.305e-01      
      2582      4.311e-01      
      2583      3.695e-01      
      2588      3.085e-01      
      2589      2.662e-01      
      2591      1.909e-01      
      2592      1.661e-01      
      2952      1.674e-01      
      2953      2.909e-01      
      2954      4.787e-01      
      2955      6.930e-01      
      2956      8.609e-01      
      2958      8.459e-01      
      2959      6.900e-01      
      2960      5.124e-01      
      2961      3.605e-01      
      2962      2.521e-01      
      2963      1.829e-01      
      2964      1.411e-01      


3624   1.411e-01