0.0      1.000e-01      
      1      1.000e-01      
      404      1.971e-01      
      405      2.025e-01      
      422      2.862e-01      
      423      3.108e-01      
      452      2.284e-01      
      453      2.001e-01      
      464      1.025e-01      
      465      1.000e-01      
      1209      1.517e-01      
      1210      2.144e-01      
      1215      1.526e-01      
      1216      1.033e-01      
      1224      1.579e-01      
      1225      2.039e-01      
      1227      2.958e-01      
      1228      3.359e-01      
      1262      2.514e-01      
      1263      2.243e-01      
      1266      1.249e-01      
      1267      1.000e-01      
      2442      1.943e-01      
      2443      2.085e-01      
      2464      1.115e-01      
      2465      1.000e-01      
      3429      1.919e-01      
      3430      2.021e-01      
      3442      1.167e-01      
      3443      1.000e-01      


3624   1.000e-01