0.0      1.000e-01      
      1      1.000e-01      
      37      1.618e-01      
      38      2.242e-01      
      42      1.310e-01      
      43      1.000e-01      
      413      1.738e-01      
      414      4.188e-01      
      415      8.069e-01      
      416      1.238e+00      
      417      1.518e+00      
      418      1.501e+00      
      419      1.212e+00      
      420      8.159e-01      
      421      4.726e-01      
      422      2.519e-01      
      425      3.110e-01      
      426      5.947e-01      
      427      9.633e-01      
      428      1.272e+00      
      430      1.205e+00      
      431      8.842e-01      
      432      5.519e-01      
      433      3.033e-01      
      434      1.544e-01      
      1067      1.044e-01      
      1068      3.295e-01      
      1069      8.183e-01      
      1070      1.604e+00      
      1071      2.492e+00      
      1072      3.086e+00      
      1073      3.072e+00      
      1074      2.489e+00      
      1075      1.669e+00      
      1076      9.518e-01      
      1077      4.790e-01      
      1078      2.245e-01      
      1079      1.048e-01      
      1206      1.118e-01      
      1207      3.599e-01      
      1208      9.178e-01      
      1209      1.872e+00      
      1210      3.100e+00      
      1211      4.279e+00      
      1212      5.105e+00      
      1213      5.497e+00      
      1214      5.530e+00      
      1215      5.260e+00      
      1216      4.700e+00      
      1217      3.910e+00      
      1218      3.022e+00      
      1219      2.176e+00      
      1220      1.464e+00      
      1221      9.228e-01      
      1222      5.495e-01      
      1223      3.145e-01      
      1224      1.778e-01      
      1991      2.162e-01      
      1992      4.763e-01      
      1993      8.404e-01      
      1994      1.193e+00      
      1995      1.368e+00      
      1996      1.279e+00      
      1997      9.866e-01      
      1998      6.398e-01      
      1999      3.595e-01      
      2000      1.832e-01      
      2099      2.386e-01      
      2100      2.939e-01      
      2102      2.363e-01      
      2103      1.613e-01      
      2195      2.421e-01      
      2196      6.358e-01      
      2197      1.365e+00      
      2198      2.401e+00      
      2199      3.483e+00      
      2200      4.222e+00      
      2201      4.365e+00      
      2202      3.958e+00      
      2203      3.231e+00      
      2204      2.404e+00      
      2205      1.627e+00      
      2206      9.946e-01      
      2207      5.515e-01      
      2208      2.838e-01      
      2209      1.413e-01      
      2412      1.646e-01      
      2413      2.781e-01      
      2414      4.923e-01      
      2415      8.115e-01      
      2416      1.176e+00      
      2417      1.489e+00      
      2418      1.677e+00      
      2419      1.702e+00      
      2420      1.560e+00      
      2421      1.276e+00      
      2422      9.214e-01      
      2423      5.865e-01      
      2424      3.342e-01      
      2425      1.765e-01      
      2950      1.462e-01      
      2951      2.871e-01      
      2952      4.466e-01      
      2953      5.535e-01      
      2954      5.516e-01      
      2955      4.486e-01      
      2956      3.047e-01      
      2957      1.795e-01      
      3349      2.407e-01      
      3350      2.873e-01      
      3352      2.226e-01      
      3353      1.509e-01      
      3395      2.147e-01      
      3396      6.094e-01      
      3397      1.563e+00      
      3398      3.409e+00      
      3399      6.151e+00      
      3400      9.087e+00      
      3401      1.098e+01      
      3402      1.090e+01      
      3403      8.973e+00      
      3404      6.211e+00      
      3405      3.692e+00      
      3406      1.938e+00      
      3407      9.328e-01      
      3408      4.295e-01      
      3409      1.981e-01      
      3551      1.147e-01      
      3552      3.877e-01      
      3553      1.043e+00      
      3554      2.242e+00      
      3555      3.875e+00      
      3556      5.418e+00      
      3557      6.175e+00      
      3558      5.793e+00      
      3559      4.529e+00      
      3560      3.001e+00      
      3561      1.722e+00      
      3562      8.809e-01      
      3563      4.176e-01      
      3564      1.932e-01      


3624   1.932e-01