0.0      1.000e-01      
      1      1.000e-01      
      413      1.225e-01      
      414      2.197e-01      
      415      3.681e-01      
      416      5.299e-01      
      417      6.410e-01      
      419      5.782e-01      
      420      4.593e-01      
      421      3.556e-01      
      423      3.848e-01      
      424      6.095e-01      
      425      1.002e+00      
      426      1.496e+00      
      427      1.942e+00      
      428      2.168e+00      
      429      2.092e+00      
      430      1.761e+00      
      431      1.318e+00      
      432      9.033e-01      
      433      5.887e-01      
      434      3.806e-01      
      435      2.529e-01      
      436      1.759e-01      
      437      1.282e-01      
      1068      1.866e-01      
      1069      4.663e-01      
      1070      9.333e-01      
      1071      1.505e+00      
      1072      1.973e+00      
      1073      2.128e+00      
      1074      1.926e+00      
      1075      1.500e+00      
      1076      1.043e+00      
      1077      6.774e-01      
      1078      4.319e-01      
      1079      2.816e-01      
      1080      1.919e-01      
      1081      1.374e-01      
      1206      1.000e-01      
      1207      2.861e-01      
      1208      6.799e-01      
      1209      1.323e+00      
      1210      2.130e+00      
      1211      2.882e+00      
      1212      3.332e+00      
      1213      3.361e+00      
      1214      3.023e+00      
      1215      2.474e+00      
      1216      1.879e+00      
      1217      1.351e+00      
      1218      9.400e-01      
      1219      6.501e-01      
      1220      4.565e-01      
      1221      3.285e-01      
      1222      2.414e-01      
      1223      1.800e-01      
      1989      1.906e-01      
      1990      3.215e-01      
      1991      4.686e-01      
      1992      6.111e-01      
      1993      7.351e-01      
      1994      8.256e-01      
      1995      8.601e-01      
      1996      8.224e-01      
      1997      7.198e-01      
      1998      5.811e-01      
      1999      4.398e-01      
      2000      3.191e-01      
      2001      2.279e-01      
      2002      1.642e-01      
      2097      2.090e-01      
      2098      4.102e-01      
      2099      6.625e-01      
      2100      8.897e-01      
      2101      1.007e+00      
      2102      9.777e-01      
      2103      8.328e-01      
      2104      6.407e-01      
      2105      4.607e-01      
      2106      3.212e-01      
      2107      2.244e-01      
      2108      1.608e-01      
      2196      1.851e-01      
      2197      5.185e-01      
      2198      1.275e+00      
      2199      2.730e+00      
      2200      5.010e+00      
      2201      7.779e+00      
      2202      1.014e+01      
      2203      1.112e+01      
      2204      1.033e+01      
      2205      8.290e+00      
      2206      5.886e+00      
      2207      3.818e+00      
      2208      2.339e+00      
      2209      1.396e+00      
      2210      8.330e-01      
      2211      5.086e-01      
      2212      3.240e-01      
      2213      2.177e-01      
      2214      1.541e-01      
      2215      1.143e-01      
      2406      1.459e-01      
      2407      3.577e-01      
      2408      7.703e-01      
      2409      1.413e+00      
      2410      2.227e+00      
      2411      3.093e+00      
      2412      3.900e+00      
      2413      4.566e+00      
      2414      4.981e+00      
      2415      5.021e+00      
      2416      4.641e+00      
      2417      3.943e+00      
      2418      3.112e+00      
      2419      2.309e+00      
      2420      1.625e+00      
      2421      1.093e+00      
      2422      7.114e-01      
      2423      4.583e-01      
      2424      3.005e-01      
      2425      2.049e-01      
      2426      1.463e-01      
      2567      2.019e-01      
      2568      4.352e-01      
      2569      7.977e-01      
      2570      1.210e+00      
      2571      1.518e+00      
      2572      1.590e+00      
      2573      1.418e+00      
      2574      1.106e+00      
      2575      7.853e-01      
      2576      5.334e-01      
      2577      3.648e-01      
      2578      2.610e-01      
      2579      1.979e-01      
      2580      1.577e-01      
      2948      1.186e-01      
      2949      2.802e-01      
      2950      5.315e-01      
      2951      8.147e-01      
      2952      1.018e+00      
      2954      9.215e-01      
      2955      7.055e-01      
      2956      4.942e-01      
      2957      3.333e-01      
      2958      2.261e-01      
      2959      1.580e-01      
      2960      1.147e-01      
      3140      1.132e-01      
      3141      2.738e-01      
      3142      5.689e-01      
      3143      1.030e+00      
      3144      1.628e+00      
      3145      2.235e+00      
      3146      2.639e+00      
      3147      2.675e+00      
      3148      2.353e+00      
      3149      1.843e+00      
      3150      1.335e+00      
      3151      9.331e-01      
      3152      6.480e-01      
      3153      4.530e-01      
      3154      3.200e-01      
      3155      2.288e-01      
      3156      1.661e-01      
      3345      2.560e-01      
      3346      6.356e-01      
      3347      1.261e+00      
      3348      2.011e+00      
      3349      2.598e+00      
      3350      2.756e+00      
      3351      2.443e+00      
      3352      1.859e+00      
      3353      1.259e+00      
      3354      7.954e-01      
      3355      4.933e-01      
      3356      3.138e-01      
      3357      2.098e-01      
      3358      1.480e-01      
      3359      1.095e-01      
      3393      1.541e-01      
      3394      3.273e-01      
      3395      5.945e-01      
      3396      9.106e-01      
      3397      1.182e+00      
      3398      1.326e+00      
      3400      1.244e+00      
      3401      1.102e+00      
      3402      9.266e-01      
      3403      7.312e-01      
      3404      5.416e-01      
      3405      3.830e-01      
      3406      2.660e-01      
      3407      1.863e-01      
      3408      1.341e-01      
      3549      1.102e-01      
      3550      4.096e-01      
      3551      1.222e+00      
      3552      2.936e+00      
      3553      5.711e+00      
      3554      9.056e+00      
      3555      1.182e+01      
      3556      1.289e+01      
      3557      1.198e+01      
      3558      9.721e+00      
      3559      7.097e+00      
      3560      4.797e+00      
      3561      3.076e+00      
      3562      1.906e+00      
      3563      1.160e+00      
      3564      7.069e-01      
      3565      4.403e-01      
      3566      2.856e-01      
      3567      1.946e-01      
      3568      1.389e-01      


3624   1.389e-01