0.0      1.000e-01      
      1      1.000e-01      
      370      1.472e-01      
      371      2.058e-01      
      373      2.784e-01      
      374      3.109e-01      
      375      3.603e-01      
      376      4.283e-01      
      377      5.096e-01      
      378      6.000e-01      
      379      7.024e-01      
      380      8.268e-01      
      381      9.850e-01      
      382      1.180e+00      
      383      1.396e+00      
      384      1.601e+00      
      385      1.756e+00      
      388      1.750e+00      
      389      1.632e+00      
      390      1.507e+00      
      391      1.396e+00      
      392      1.303e+00      
      393      1.223e+00      
      394      1.144e+00      
      395      1.066e+00      
      396      9.937e-01      
      397      9.321e-01      
      398      8.799e-01      
      399      8.299e-01      
      400      7.755e-01      
      401      7.170e-01      
      403      6.214e-01      
      404      5.960e-01      
      410      5.005e-01      
      411      4.920e-01      
      413      5.410e-01      
      414      5.986e-01      
      415      6.576e-01      
      416      6.991e-01      
      419      7.677e-01      
      420      8.342e-01      
      421      9.343e-01      
      422      1.069e+00      
      423      1.251e+00      
      424      1.489e+00      
      425      1.757e+00      
      426      1.994e+00      
      427      2.152e+00      
      428      2.233e+00      
      429      2.278e+00      
      431      2.362e+00      
      432      2.382e+00      
      434      2.298e+00      
      435      2.217e+00      
      436      2.139e+00      
      437      2.071e+00      
      438      2.005e+00      
      439      1.933e+00      
      440      1.851e+00      
      441      1.767e+00      
      442      1.690e+00      
      443      1.626e+00      
      445      1.527e+00      
      446      1.476e+00      
      447      1.412e+00      
      448      1.336e+00      
      449      1.255e+00      
      450      1.176e+00      
      451      1.106e+00      
      452      1.050e+00      
      455      9.512e-01      
      456      9.255e-01      
      462      8.344e-01      
      463      8.210e-01      
      467      7.380e-01      
      468      7.003e-01      
      470      6.173e-01      
      471      5.798e-01      
      474      4.939e-01      
      475      4.739e-01      
      481      3.787e-01      
      482      3.486e-01      
      486      2.580e-01      
      487      2.447e-01      
      509      1.455e-01      
      510      1.407e-01      
      1069      1.833e-01      
      1070      3.530e-01      
      1071      5.355e-01      
      1072      6.425e-01      
      1073      6.137e-01      
      1074      4.715e-01      
      1075      2.968e-01      
      1076      1.584e-01      
      1208      2.154e-01      
      1209      4.044e-01      
      1210      6.261e-01      
      1211      8.143e-01      
      1212      9.143e-01      
      1216      8.866e-01      
      1217      1.021e+00      
      1218      1.261e+00      
      1219      1.587e+00      
      1220      1.951e+00      
      1221      2.298e+00      
      1222      2.575e+00      
      1223      2.746e+00      
      1225      2.741e+00      
      1226      2.604e+00      
      1227      2.420e+00      
      1228      2.213e+00      
      1229      1.989e+00      
      1230      1.750e+00      
      1231      1.500e+00      
      1232      1.256e+00      
      1233      1.041e+00      
      1234      8.681e-01      
      1235      7.371e-01      
      1236      6.375e-01      
      1237      5.592e-01      
      1238      4.970e-01      
      1239      4.486e-01      
      1241      3.765e-01      
      1242      3.427e-01      
      1245      2.517e-01      
      1246      2.382e-01      
      1251      3.252e-01      
      1252      3.496e-01      
      1256      4.455e-01      
      1257      4.575e-01      
      1261      3.755e-01      
      1262      3.516e-01      
      1272      2.528e-01      
      1273      2.471e-01      
      1283      1.628e-01      
      1284      1.454e-01      
      1990      2.345e-01      
      1991      2.816e-01      
      1993      2.149e-01      
      1994      1.421e-01      
      2098      1.601e-01      
      2099      2.455e-01      
      2103      1.719e-01      
      2104      1.115e-01      
      2108      1.839e-01      
      2109      2.440e-01      
      2111      3.315e-01      
      2112      3.508e-01      
      2122      2.518e-01      
      2123      2.118e-01      
      2125      1.198e-01      
      2126      1.000e-01      
      2198      1.686e-01      
      2199      2.854e-01      
      2200      4.562e-01      
      2201      6.738e-01      
      2202      8.785e-01      
      2203      9.805e-01      
      2204      9.395e-01      
      2205      8.107e-01      
      2206      6.959e-01      
      2208      7.232e-01      
      2209      8.422e-01      
      2210      9.814e-01      
      2211      1.108e+00      
      2212      1.198e+00      
      2213      1.240e+00      
      2215      1.168e+00      
      2216      1.071e+00      
      2217      9.568e-01      
      2218      8.416e-01      
      2219      7.380e-01      
      2220      6.537e-01      
      2221      5.884e-01      
      2222      5.322e-01      
      2223      4.696e-01      
      2224      3.900e-01      
      2225      2.967e-01      
      2226      2.055e-01      
      2227      1.333e-01      
      2413      2.317e-01      
      2414      2.475e-01      
      2416      3.306e-01      
      2417      3.918e-01      
      2418      4.589e-01      
      2419      5.305e-01      
      2420      6.128e-01      
      2421      7.128e-01      
      2422      8.296e-01      
      2423      9.502e-01      
      2424      1.055e+00      
      2428      1.035e+00      
      2429      9.415e-01      
      2430      8.415e-01      
      2431      7.435e-01      
      2432      6.553e-01      
      2433      5.860e-01      
      2435      5.068e-01      
      2436      4.749e-01      
      2437      4.318e-01      
      2438      3.745e-01      
      2439      3.073e-01      
      2440      2.385e-01      
      2441      1.767e-01      
      2442      1.288e-01      
      2612      2.204e-01      
      2613      2.297e-01      
      2632      1.379e-01      
      2633      1.214e-01      
      3344      1.510e-01      
      3345      3.894e-01      
      3346      7.960e-01      
      3347      1.294e+00      
      3348      1.679e+00      
      3349      1.749e+00      
      3350      1.477e+00      
      3351      1.033e+00      
      3352      6.384e-01      
      3353      4.176e-01      
      3355      4.733e-01      
      3356      6.600e-01      
      3357      8.982e-01      
      3358      1.144e+00      
      3359      1.352e+00      
      3360      1.493e+00      
      3363      1.458e+00      
      3364      1.325e+00      
      3365      1.157e+00      
      3366      9.757e-01      
      3367      8.029e-01      
      3368      6.620e-01      
      3369      5.743e-01      
      3370      5.548e-01      
      3371      6.009e-01      
      3372      6.825e-01      
      3383      6.009e-01      
      3384      5.266e-01      
      3385      4.591e-01      
      3386      4.046e-01      
      3394      5.014e-01      
      3395      7.023e-01      
      3396      9.399e-01      
      3397      1.131e+00      
      3401      1.165e+00      
      3402      1.258e+00      
      3403      1.415e+00      
      3404      1.598e+00      
      3405      1.770e+00      
      3406      1.907e+00      
      3410      1.819e+00      
      3411      1.650e+00      
      3412      1.469e+00      
      3413      1.304e+00      
      3414      1.177e+00      
      3415      1.094e+00      
      3416      1.044e+00      
      3422      9.813e-01      
      3423      9.326e-01      
      3424      8.666e-01      
      3425      7.968e-01      
      3430      8.731e-01      
      3431      9.853e-01      
      3432      1.073e+00      
      3433      1.136e+00      
      3434      1.199e+00      
      3435      1.282e+00      
      3436      1.391e+00      
      3437      1.516e+00      
      3438      1.633e+00      
      3439      1.715e+00      
      3440      1.741e+00      
      3441      1.709e+00      
      3442      1.634e+00      
      3443      1.542e+00      
      3444      1.445e+00      
      3445      1.346e+00      
      3446      1.240e+00      
      3447      1.126e+00      
      3448      1.005e+00      
      3449      8.841e-01      
      3450      7.697e-01      
      3451      6.681e-01      
      3452      5.837e-01      
      3453      5.188e-01      
      3460      4.206e-01      
      3461      4.168e-01      
      3473      3.277e-01      
      3474      3.085e-01      
      3483      2.154e-01      
      3484      2.035e-01      
      3495      1.096e-01      
      3496      1.000e-01      
      3549      1.860e-01      
      3550      4.157e-01      
      3551      7.563e-01      
      3552      1.134e+00      
      3553      1.438e+00      
      3554      1.614e+00      
      3555      1.716e+00      
      3556      1.835e+00      
      3557      2.004e+00      
      3558      2.197e+00      
      3559      2.411e+00      
      3560      2.732e+00      
      3561      3.269e+00      
      3562      4.029e+00      
      3563      4.858e+00      
      3564      5.525e+00      
      3565      5.856e+00      
      3566      5.833e+00      
      3567      5.562e+00      
      3568      5.182e+00      
      3569      4.771e+00      
      3570      4.349e+00      
      3571      3.923e+00      
      3572      3.522e+00      
      3573      3.187e+00      
      3574      2.940e+00      
      3575      2.776e+00      
      3576      2.674e+00      
      3577      2.610e+00      
      3578      2.562e+00      
      3579      2.517e+00      
      3580      2.462e+00      
      3581      2.394e+00      
      3582      2.312e+00      
      3583      2.222e+00      
      3584      2.134e+00      
      3585      2.060e+00      
      3586      2.016e+00      
      3588      2.053e+00      
      3589      2.123e+00      
      3592      2.098e+00      
      3593      1.928e+00      
      3594      1.710e+00      
      3595      1.487e+00      
      3596      1.297e+00      
      3597      1.157e+00      
      3598      1.067e+00      
      3599      1.016e+00      
      3603      9.326e-01      
      3604      9.087e-01      
      3607      8.169e-01      
      3608      7.771e-01      
      3610      6.891e-01      
      3611      6.483e-01      
      3613      5.789e-01      
      3614      5.444e-01      
      3616      4.599e-01      
      3617      4.124e-01      
      3619      3.293e-01      
      3620      2.996e-01      


3624   2.996e-01