0.0      1.000e-01      
      1      1.000e-01      
      359      1.984e-01      
      360      3.286e-01      
      361      4.871e-01      
      362      6.458e-01      
      363      7.532e-01      
      364      7.561e-01      
      365      6.423e-01      
      366      4.591e-01      
      367      2.781e-01      
      368      1.463e-01      
      2196      1.596e-01      
      2197      2.476e-01      
      2198      3.272e-01      
      2199      3.758e-01      
      2202      2.860e-01      
      2203      2.099e-01      
      2204      1.374e-01      
      2205      1.000e-01      
      2561      1.327e-01      
      2562      2.653e-01      
      2563      4.228e-01      
      2564      5.415e-01      
      2566      4.839e-01      
      2567      3.490e-01      
      2568      2.169e-01      
      2569      1.203e-01      
      2570      1.000e-01      


3624   1.000e-01