0.0      1.000e-01      
      1      1.000e-01      
      412      1.301e-01      
      413      2.182e-01      
      414      2.990e-01      
      415      3.350e-01      
      417      2.357e-01      
      418      1.569e-01      
      423      1.804e-01      
      424      2.933e-01      
      425      4.213e-01      
      428      4.051e-01      
      429      2.694e-01      
      430      1.496e-01      
      1068      1.492e-01      
      1069      3.476e-01      
      1070      6.414e-01      
      1071      9.385e-01      
      1072      1.091e+00      
      1073      1.010e+00      
      1074      7.497e-01      
      1075      4.508e-01      
      1076      2.243e-01      
      1077      1.000e-01      
      1209      1.546e-01      
      1210      2.922e-01      
      1211      4.589e-01      
      1212      6.057e-01      
      1215      5.462e-01      
      1216      4.006e-01      
      1217      2.603e-01      
      1218      1.514e-01      
      1988      1.943e-01      
      1989      2.746e-01      
      1993      2.056e-01      
      1994      1.246e-01      
      3343      1.346e-01      
      3344      4.132e-01      
      3345      1.015e+00      
      3346      2.001e+00      
      3347      3.172e+00      
      3348      4.051e+00      
      3349      4.185e+00      
      3350      3.511e+00      
      3351      2.405e+00      
      3352      1.355e+00      
      3353      6.364e-01      
      3354      2.559e-01      
      3355      1.000e-01      
      3553      1.000e-01      
      3554      2.514e-01      
      3555      5.904e-01      
      3556      1.112e+00      
      3557      1.675e+00      
      3558      2.017e+00      
      3559      1.946e+00      
      3560      1.512e+00      
      3561      9.532e-01      
      3562      4.949e-01      
      3563      2.176e-01      
      3564      1.000e-01      


3624   1.000e-01