0.0      1.000e-01      
      1      1.000e-01      
      359      1.350e-01      
      360      2.047e-01      
      361      2.835e-01      
      362      3.492e-01      
      365      2.770e-01      
      366      1.928e-01      
      428      2.900e-01      
      429      2.938e-01      
      466      2.024e-01      
      467      1.903e-01      
      495      2.812e-01      
      496      2.965e-01      
      510      2.010e-01      
      511      1.950e-01      
      1066      2.883e-01      
      1067      3.821e-01      
      1069      3.774e-01      
      1070      2.804e-01      
      1071      1.771e-01      
      1205      2.262e-01      
      1206      2.829e-01      
      1211      2.185e-01      
      1212      1.817e-01      
      2094      2.249e-01      
      2095      3.429e-01      
      2099      2.481e-01      
      2100      1.469e-01      
      2561      1.769e-01      
      2562      3.232e-01      
      2563      4.926e-01      
      2564      6.087e-01      
      2565      6.063e-01      
      2566      4.890e-01      
      2567      3.250e-01      
      2568      1.852e-01      


3624   1.852e-01