0.0      1.000e-01      
      1      1.000e-01      
      400      1.707e-01      
      401      2.363e-01      
      406      1.826e-01      
      407      1.208e-01      
      413      1.449e-01      
      414      3.351e-01      
      415      6.312e-01      
      416      9.563e-01      
      417      1.168e+00      
      418      1.159e+00      
      419      9.486e-01      
      420      6.539e-01      
      421      3.928e-01      
      422      2.207e-01      
      425      3.071e-01      
      426      5.585e-01      
      427      8.651e-01      
      428      1.104e+00      
      430      1.016e+00      
      431      7.516e-01      
      432      4.819e-01      
      433      2.767e-01      
      434      1.480e-01      
      1068      1.433e-01      
      1069      3.343e-01      
      1070      6.217e-01      
      1071      9.250e-01      
      1072      1.107e+00      
      1073      1.075e+00      
      1074      8.591e-01      
      1075      5.777e-01      
      1076      3.377e-01      
      1077      1.794e-01      
      1207      1.525e-01      
      1208      3.798e-01      
      1209      7.667e-01      
      1210      1.273e+00      
      1211      1.777e+00      
      1212      2.152e+00      
      1213      2.341e+00      
      1214      2.352e+00      
      1215      2.215e+00      
      1216      1.960e+00      
      1217      1.630e+00      
      1218      1.279e+00      
      1219      9.547e-01      
      1220      6.834e-01      
      1221      4.711e-01      
      1222      3.129e-01      
      1223      1.996e-01      
      1992      2.154e-01      
      1993      3.816e-01      
      1994      5.490e-01      
      1997      4.971e-01      
      1998      3.400e-01      
      1999      2.041e-01      
      2000      1.118e-01      
      2001      1.000e-01      
      2097      1.357e-01      
      2098      2.665e-01      
      2099      4.173e-01      
      2100      5.251e-01      
      2102      4.540e-01      
      2103      3.245e-01      
      2104      2.022e-01      
      2105      1.139e-01      
      2106      1.000e-01      
      2195      1.107e-01      
      2196      2.772e-01      
      2197      5.748e-01      
      2198      9.933e-01      
      2199      1.444e+00      
      2200      1.797e+00      
      2201      1.961e+00      
      2202      1.927e+00      
      2203      1.732e+00      
      2204      1.424e+00      
      2205      1.062e+00      
      2206      7.180e-01      
      2207      4.449e-01      
      2208      2.581e-01      
      2209      1.434e-01      
      2413      2.408e-01      
      2414      5.129e-01      
      2415      8.851e-01      
      2416      1.257e+00      
      2417      1.499e+00      
      2419      1.414e+00      
      2420      1.175e+00      
      2421      8.931e-01      
      2422      6.189e-01      
      2423      3.905e-01      
      2424      2.262e-01      
      2425      1.228e-01      
      2950      1.216e-01      
      2951      2.231e-01      
      2952      3.299e-01      
      2955      3.166e-01      
      2956      2.190e-01      
      2957      1.326e-01      
      2958      1.000e-01      
      3150      1.566e-01      
      3151      2.056e-01      
      3154      1.426e-01      
      3155      1.000e-01      
      3395      1.070e-01      
      3396      3.282e-01      
      3397      8.313e-01      
      3398      1.733e+00      
      3399      2.969e+00      
      3400      4.175e+00      
      3401      4.832e+00      
      3402      4.633e+00      
      3403      3.724e+00      
      3404      2.561e+00      
      3405      1.554e+00      
      3406      8.684e-01      
      3407      4.671e-01      
      3408      2.500e-01      
      3409      1.346e-01      
      3552      1.112e-01      
      3553      2.932e-01      
      3554      6.159e-01      
      3555      1.036e+00      
      3556      1.406e+00      
      3557      1.554e+00      
      3558      1.418e+00      
      3559      1.091e+00      
      3560      7.283e-01      
      3561      4.390e-01      
      3562      2.495e-01      
      3563      1.386e-01      


3624   1.386e-01