0.0      1.000e-01      
      1      1.000e-01      
      422      1.194e-01      
      423      2.856e-01      
      424      6.118e-01      
      425      1.076e+00      
      426      1.529e+00      
      427      1.757e+00      
      428      1.637e+00      
      429      1.246e+00      
      430      7.837e-01      
      431      4.154e-01      
      432      1.928e-01      
      1068      2.568e-01      
      1069      5.063e-01      
      1070      7.958e-01      
      1071      1.001e+00      
      1072      1.012e+00      
      1073      8.299e-01      
      1074      5.583e-01      
      1075      3.152e-01      
      1076      1.555e-01      
      1206      1.358e-01      
      1207      3.519e-01      
      1208      7.333e-01      
      1209      1.244e+00      
      1210      1.747e+00      
      1211      2.072e+00      
      1212      2.129e+00      
      1213      1.940e+00      
      1214      1.602e+00      
      1215      1.216e+00      
      1216      8.561e-01      
      1217      5.616e-01      
      1218      3.442e-01      
      1219      1.984e-01      
      2096      1.484e-01      
      2097      3.055e-01      
      2098      5.012e-01      
      2099      6.585e-01      
      2101      6.003e-01      
      2102      4.260e-01      
      2103      2.549e-01      
      2104      1.339e-01      
      2195      1.191e-01      
      2196      2.785e-01      
      2197      5.547e-01      
      2198      9.581e-01      
      2199      1.443e+00      
      2200      1.879e+00      
      2201      2.086e+00      
      2202      1.949e+00      
      2203      1.521e+00      
      2204      9.943e-01      
      2205      5.516e-01      
      2206      2.676e-01      
      2207      1.198e-01      
      2410      1.995e-01      
      2411      2.761e-01      
      2412      4.443e-01      
      2413      7.937e-01      
      2414      1.330e+00      
      2415      1.888e+00      
      2416      2.192e+00      
      2417      2.078e+00      
      2418      1.627e+00      
      2419      1.078e+00      
      2420      6.248e-01      
      2421      3.296e-01      
      2422      1.644e-01      
      2949      2.141e-01      
      2950      4.082e-01      
      2951      6.153e-01      
      2952      7.361e-01      
      2953      7.032e-01      
      2954      5.420e-01      
      2955      3.430e-01      
      2956      1.839e-01      
      3149      2.228e-01      
      3150      3.191e-01      
      3153      2.806e-01      
      3154      1.823e-01      
      3395      1.954e-01      
      3396      3.831e-01      
      3397      6.237e-01      
      3398      8.497e-01      
      3399      9.771e-01      
      3400      9.556e-01      
      3401      7.994e-01      
      3402      5.748e-01      
      3403      3.584e-01      
      3404      1.977e-01      


3624   1.977e-01