0.0      1.000e-01      
      1      1.000e-01      
      415      1.726e-01      
      416      2.971e-01      
      417      4.361e-01      
      418      5.615e-01      
      419      6.548e-01      
      420      7.130e-01      
      426      7.937e-01      
      427      8.535e-01      
      440      8.088e-01      
      441      7.521e-01      
      442      6.835e-01      
      443      6.163e-01      
      445      5.188e-01      
      446      4.862e-01      
      450      3.988e-01      
      451      3.821e-01      
      459      4.694e-01      
      460      5.679e-01      
      461      6.418e-01      
      462      6.684e-01      
      464      5.924e-01      
      465      5.237e-01      
      466      4.561e-01      
      467      3.986e-01      
      469      3.186e-01      
      470      2.897e-01      
      498      1.897e-01      
      499      1.778e-01      
      1221      1.958e-01      
      1222      4.190e-01      
      1223      7.735e-01      
      1224      1.245e+00      
      1225      1.761e+00      
      1226      2.208e+00      
      1227      2.483e+00      
      1229      2.449e+00      
      1230      2.278e+00      
      1231      2.130e+00      
      1235      2.097e+00      
      1236      1.986e+00      
      1237      1.768e+00      
      1238      1.484e+00      
      1239      1.189e+00      
      1240      9.228e-01      
      1241      7.043e-01      
      1242      5.373e-01      
      1243      4.186e-01      
      1244      3.413e-01      
      1245      2.977e-01      
      1284      1.989e-01      
      1285      1.962e-01      
      3420      2.068e-01      
      3421      3.088e-01      
      3422      3.873e-01      
      3423      4.136e-01      
      3424      3.805e-01      
      3425      3.043e-01      
      3426      2.124e-01      
      3427      1.297e-01      


3624   1.297e-01