0.0      1.000e-01      
      1      1.000e-01      
      33      1.614e-01      
      34      3.298e-01      
      35      5.528e-01      
      36      7.567e-01      
      38      8.049e-01      
      39      6.544e-01      
      40      4.775e-01      
      41      3.296e-01      
      42      2.268e-01      
      43      1.614e-01      
      44      1.204e-01      
      358      1.931e-01      
      359      4.760e-01      
      360      1.022e+00      
      361      1.893e+00      
      362      2.998e+00      
      363      4.023e+00      
      364      4.546e+00      
      365      4.322e+00      
      366      3.485e+00      
      367      2.432e+00      
      368      1.520e+00      
      369      8.948e-01      
      370      5.271e-01      
      371      3.266e-01      
      372      2.176e-01      
      373      1.553e-01      
      374      1.174e-01      
      1058      1.079e-01      
      1059      2.244e-01      
      1060      4.195e-01      
      1061      6.657e-01      
      1062      9.008e-01      
      1063      1.101e+00      
      1064      1.361e+00      
      1065      1.871e+00      
      1066      2.748e+00      
      1067      3.837e+00      
      1068      4.703e+00      
      1069      4.906e+00      
      1070      4.345e+00      
      1071      3.308e+00      
      1072      2.222e+00      
      1073      1.368e+00      
      1074      8.129e-01      
      1075      4.915e-01      
      1076      3.143e-01      
      1077      2.154e-01      
      1078      1.575e-01      
      1205      2.282e-01      
      1206      3.564e-01      
      1207      4.820e-01      
      1208      5.658e-01      
      1209      5.871e-01      
      1210      5.493e-01      
      1211      4.720e-01      
      1212      3.795e-01      
      1213      2.927e-01      
      1214      2.232e-01      
      1215      1.729e-01      
      2092      1.166e-01      
      2093      2.930e-01      
      2094      6.358e-01      
      2095      1.133e+00      
      2096      1.641e+00      
      2097      1.935e+00      
      2098      1.877e+00      
      2099      1.530e+00      
      2100      1.084e+00      
      2101      7.018e-01      
      2102      4.425e-01      
      2103      2.878e-01      
      2104      1.990e-01      
      2105      1.466e-01      
      2190      2.388e-01      
      2191      4.686e-01      
      2192      7.778e-01      
      2193      1.102e+00      
      2194      1.384e+00      
      2195      1.619e+00      
      2196      1.830e+00      
      2197      1.988e+00      
      2198      2.014e+00      
      2199      1.861e+00      
      2200      1.571e+00      
      2201      1.233e+00      
      2202      9.218e-01      
      2203      6.686e-01      
      2204      4.752e-01      
      2205      3.346e-01      
      2206      2.377e-01      
      2207      1.739e-01      
      2562      2.118e-01      
      2563      4.408e-01      
      2564      7.772e-01      
      2565      1.126e+00      
      2566      1.338e+00      
      2567      1.315e+00      
      2568      1.094e+00      
      2569      7.988e-01      
      2570      5.393e-01      
      2571      3.580e-01      
      2572      2.455e-01      
      2573      1.775e-01      
      2574      1.349e-01      
      3271      2.305e-01      
      3272      4.254e-01      
      3273      6.430e-01      
      3274      7.977e-01      
      3276      7.217e-01      
      3277      5.573e-01      
      3278      3.968e-01      
      3279      2.743e-01      
      3280      1.922e-01      
      3281      1.401e-01      


3624   1.401e-01