0.0      1.000e-01      
      1      1.000e-01      
      38      1.887e-01      
      39      2.270e-01      
      42      1.593e-01      
      43      1.169e-01      
      414      1.304e-01      
      415      2.453e-01      
      416      3.747e-01      
      420      2.864e-01      
      421      1.924e-01      
      425      2.165e-01      
      426      3.848e-01      
      427      5.987e-01      
      428      7.732e-01      
      430      7.338e-01      
      431      5.655e-01      
      432      4.016e-01      
      433      2.903e-01      
      442      3.783e-01      
      443      4.082e-01      
      446      4.905e-01      
      447      5.122e-01      
      453      5.917e-01      
      454      6.137e-01      
      457      6.976e-01      
      458      7.336e-01      
      461      8.291e-01      
      462      8.519e-01      
      466      9.403e-01      
      467      9.631e-01      
      470      1.037e+00      
      471      1.064e+00      
      473      1.132e+00      
      474      1.182e+00      
      475      1.246e+00      
      476      1.324e+00      
      477      1.409e+00      
      478      1.493e+00      
      479      1.570e+00      
      480      1.636e+00      
      497      1.549e+00      
      498      1.527e+00      
      500      1.465e+00      
      501      1.427e+00      
      513      1.335e+00      
      514      1.315e+00      
      517      1.232e+00      
      518      1.195e+00      
      519      1.150e+00      
      520      1.094e+00      
      521      1.028e+00      
      522      9.615e-01      
      524      8.657e-01      
      525      8.395e-01      
      536      9.363e-01      
      537      9.454e-01      
      545      8.534e-01      
      546      8.252e-01      
      566      7.351e-01      
      567      7.066e-01      
      569      6.311e-01      
      570      5.911e-01      
      593      4.981e-01      
      594      4.489e-01      
      596      3.496e-01      
      597      3.161e-01      
      640      2.300e-01      
      641      2.073e-01      
      665      1.243e-01      
      666      1.000e-01      
      1068      1.965e-01      
      1069      4.724e-01      
      1070      9.134e-01      
      1071      1.406e+00      
      1072      1.729e+00      
      1073      1.713e+00      
      1074      1.389e+00      
      1075      9.474e-01      
      1076      5.669e-01      
      1077      3.184e-01      
      1078      1.858e-01      
      1208      1.513e-01      
      1209      3.113e-01      
      1210      5.459e-01      
      1211      8.311e-01      
      1212      1.128e+00      
      1213      1.384e+00      
      1214      1.529e+00      
      1215      1.506e+00      
      1216      1.316e+00      
      1217      1.033e+00      
      1218      7.508e-01      
      1219      5.274e-01      
      1220      3.754e-01      
      1221      2.819e-01      
      1222      2.289e-01      
      1233      3.245e-01      
      1234      3.344e-01      
      1239      4.198e-01      
      1240      4.393e-01      
      1249      5.362e-01      
      1250      5.636e-01      
      1276      6.510e-01      
      1277      6.648e-01      
      1302      7.642e-01      
      1303      7.696e-01      
      1311      6.698e-01      
      1312      6.391e-01      
      1314      5.500e-01      
      1315      5.031e-01      
      1318      4.125e-01      
      1319      4.003e-01      
      1336      3.073e-01      
      1337      2.835e-01      
      1362      1.889e-01      
      1363      1.510e-01      
      1606      2.016e-01      
      1607      2.804e-01      
      1611      2.088e-01      
      1612      1.747e-01      
      1991      1.425e-01      
      1992      3.068e-01      
      1993      5.404e-01      
      1994      7.686e-01      
      1995      8.834e-01      
      1996      8.278e-01      
      1997      6.443e-01      
      1998      4.308e-01      
      1999      2.612e-01      
      2000      1.547e-01      
      2098      1.975e-01      
      2099      3.027e-01      
      2103      2.670e-01      
      2104      1.963e-01      
      2195      2.436e-01      
      2196      6.273e-01      
      2197      1.341e+00      
      2198      2.358e+00      
      2199      3.416e+00      
      2200      4.118e+00      
      2201      4.213e+00      
      2202      3.754e+00      
      2203      2.991e+00      
      2204      2.163e+00      
      2205      1.425e+00      
      2206      8.580e-01      
      2207      4.858e-01      
      2208      2.791e-01      
      2209      1.832e-01      
      2210      1.475e-01      
      2218      2.365e-01      
      2219      2.555e-01      
      2222      3.531e-01      
      2223      3.905e-01      
      2231      4.816e-01      
      2232      5.266e-01      
      2234      6.095e-01      
      2235      6.441e-01      
      2244      7.420e-01      
      2245      7.472e-01      
      2250      6.512e-01      
      2251      6.185e-01      
      2260      7.130e-01      
      2261      7.482e-01      
      2264      8.355e-01      
      2265      8.627e-01      
      2268      9.589e-01      
      2269      1.001e+00      
      2277      9.054e-01      
      2278      8.784e-01      
      2295      7.786e-01      
      2296      7.372e-01      
      2298      6.446e-01      
      2299      6.078e-01      
      2320      5.462e-01      
      2321      5.059e-01      
      2324      4.121e-01      
      2325      3.978e-01      
      2331      4.814e-01      
      2332      5.038e-01      
      2345      4.113e-01      
      2346      3.605e-01      
      2348      2.693e-01      
      2349      2.377e-01      
      2369      1.564e-01      
      2370      1.306e-01      
      2407      1.668e-01      
      2408      3.803e-01      
      2409      7.196e-01      
      2410      1.103e+00      
      2411      1.380e+00      
      2419      1.309e+00      
      2420      1.178e+00      
      2421      9.914e-01      
      2422      7.951e-01      
      2423      6.391e-01      
      2424      5.475e-01      
      2425      5.151e-01      
      2428      5.978e-01      
      2429      6.527e-01      
      2430      7.199e-01      
      2431      7.990e-01      
      2432      8.872e-01      
      2433      9.802e-01      
      2434      1.072e+00      
      2435      1.158e+00      
      2436      1.231e+00      
      2437      1.290e+00      
      2463      1.246e+00      
      2464      1.168e+00      
      2465      1.078e+00      
      2466      9.844e-01      
      2467      8.938e-01      
      2468      8.099e-01      
      2469      7.358e-01      
      2470      6.764e-01      
      2487      5.853e-01      
      2488      5.413e-01      
      2489      4.906e-01      
      2490      4.388e-01      
      2492      3.532e-01      
      2493      3.256e-01      
      2513      2.414e-01      
      2514      2.001e-01      
      2517      1.025e-01      
      2518      1.000e-01      
      2525      1.965e-01      
      2526      2.163e-01      
      2568      3.079e-01      
      2569      3.979e-01      
      2578      4.739e-01      
      2579      5.219e-01      
      2602      4.235e-01      
      2603      4.204e-01      
      2609      3.244e-01      
      2610      3.074e-01      
      2632      2.234e-01      
      2633      1.814e-01      
      3148      2.038e-01      
      3149      3.656e-01      
      3150      5.444e-01      
      3151      6.566e-01      
      3152      6.421e-01      
      3153      5.175e-01      
      3154      3.548e-01      
      3155      2.183e-01      
      3156      1.297e-01      
      3157      1.000e-01      
      3349      1.717e-01      
      3350      2.020e-01      
      3353      1.244e-01      
      3354      1.000e-01      
      3395      1.040e-01      
      3396      2.365e-01      
      3397      5.226e-01      
      3398      1.033e+00      
      3399      1.728e+00      
      3400      2.385e+00      
      3401      2.691e+00      
      3402      2.489e+00      
      3403      1.904e+00      
      3404      1.229e+00      
      3405      6.944e-01      
      3406      3.631e-01      
      3407      1.899e-01      
      3551      1.458e-01      
      3552      4.485e-01      
      3553      1.135e+00      
      3554      2.309e+00      
      3555      3.778e+00      
      3556      4.997e+00      
      3557      5.394e+00      
      3558      4.817e+00      
      3559      3.627e+00      
      3560      2.361e+00      
      3561      1.372e+00      
      3562      7.403e-01      
      3563      3.883e-01      
      3564      2.099e-01      
      3565      1.253e-01      
      3566      1.000e-01      
      3573      1.850e-01      
      3574      2.413e-01      
      3575      3.058e-01      
      3576      3.710e-01      
      3577      4.306e-01      
      3578      4.809e-01      
      3581      5.772e-01      
      3582      5.961e-01      
      3600      6.756e-01      
      3601      7.153e-01      
      3602      7.664e-01      
      3603      8.230e-01      
      3604      8.776e-01      
      3605      9.255e-01      
      3607      1.006e+00      
      3608      1.045e+00      
      3610      1.126e+00      
      3611      1.167e+00      
      3613      1.261e+00      
      3614      1.305e+00      
      3621      1.212e+00      
      3622      1.199e+00      


3624   1.199e+00