0.0      1.000e-01      
      1      1.000e-01      
      413      1.891e-01      
      414      2.136e-01      
      419      1.196e-01      
      420      1.119e-01      
      422      1.459e-01      
      423      2.160e-01      
      424      3.413e-01      
      425      5.040e-01      
      426      6.431e-01      
      428      6.141e-01      
      429      4.650e-01      
      430      3.120e-01      
      431      2.029e-01      
      461      1.106e-01      
      462      1.011e-01      
      1070      1.721e-01      
      1071      2.146e-01      
      1074      1.151e-01      
      1075      1.000e-01      
      1207      1.000e-01      
      1208      2.090e-01      
      1209      3.677e-01      
      1210      5.426e-01      
      1211      6.831e-01      
      1214      6.087e-01      
      1215      4.602e-01      
      1216      3.093e-01      
      1217      1.851e-01      
      1228      2.189e-01      
      1229      2.949e-01      
      1230      3.962e-01      
      1231      5.170e-01      
      1232      6.476e-01      
      1233      7.781e-01      
      1234      8.984e-01      
      1235      9.963e-01      
      1236      1.061e+00      
      1240      1.011e+00      
      1241      9.475e-01      
      1242      8.664e-01      
      1243      7.695e-01      
      1244      6.645e-01      
      1245      5.637e-01      
      1246      4.794e-01      
      1247      4.170e-01      
      1249      3.401e-01      
      1250      3.118e-01      
      1255      2.182e-01      
      1256      2.039e-01      
      1260      1.212e-01      
      1261      1.000e-01      
      2197      1.225e-01      
      2198      2.280e-01      
      2199      3.697e-01      
      2200      5.088e-01      
      2202      5.394e-01      
      2203      4.071e-01      
      2204      2.505e-01      
      2205      1.277e-01      
      2413      2.012e-01      
      2414      2.431e-01      
      2417      1.568e-01      
      2418      1.000e-01      
      2949      1.670e-01      
      2950      2.575e-01      
      2953      2.410e-01      
      2954      1.550e-01      


3624   1.550e-01