0.0      1.000e-01      
      1      1.000e-01      
      414      1.435e-01      
      415      2.621e-01      
      416      3.795e-01      
      419      2.987e-01      
      420      1.836e-01      
      425      1.955e-01      
      426      3.375e-01      
      427      4.766e-01      
      430      3.792e-01      
      431      2.377e-01      
      432      1.283e-01      
      1069      2.171e-01      
      1070      3.800e-01      
      1071      5.305e-01      
      1073      5.319e-01      
      1074      3.879e-01      
      1075      2.346e-01      
      1076      1.226e-01      
      1207      1.662e-01      
      1208      3.882e-01      
      1209      7.258e-01      
      1210      1.094e+00      
      1211      1.343e+00      
      1212      1.372e+00      
      1213      1.200e+00      
      1214      9.364e-01      
      1215      6.775e-01      
      1216      4.668e-01      
      1217      3.080e-01      
      1218      1.938e-01      
      2099      2.725e-01      
      2100      3.180e-01      
      2102      2.187e-01      
      2103      1.322e-01      
      2196      1.413e-01      
      2197      2.944e-01      
      2198      5.105e-01      
      2199      7.429e-01      
      2200      9.175e-01      
      2202      9.063e-01      
      2203      7.387e-01      
      2204      5.258e-01      
      2205      3.238e-01      
      2206      1.722e-01      
      2412      1.650e-01      
      2413      3.920e-01      
      2414      7.543e-01      
      2415      1.158e+00      
      2416      1.419e+00      
      2417      1.402e+00      
      2418      1.137e+00      
      2419      7.790e-01      
      2420      4.698e-01      
      2421      2.609e-01      
      2422      1.387e-01      
      3395      1.398e-01      
      3396      2.996e-01      
      3397      5.817e-01      
      3398      1.010e+00      
      3399      1.530e+00      
      3400      1.975e+00      
      3401      2.135e+00      
      3402      1.915e+00      
      3403      1.422e+00      
      3404      8.806e-01      
      3405      4.630e-01      
      3406      2.141e-01      
      3407      1.000e-01      
      3555      1.743e-01      
      3556      2.220e-01      
      3559      1.274e-01      
      3560      1.000e-01      


3624   1.000e-01