0.0      1.000e-01      
      1      1.000e-01      
      366      1.476e-01      
      367      2.215e-01      
      371      1.643e-01      
      372      1.086e-01      
      1069      1.970e-01      
      1070      3.452e-01      
      1071      4.843e-01      
      1073      4.947e-01      
      1074      3.643e-01      
      1075      2.204e-01      
      1076      1.124e-01      
      1208      1.805e-01      
      1209      3.124e-01      
      1210      4.480e-01      
      1211      5.396e-01      
      1212      5.545e-01      
      1213      4.944e-01      
      1214      3.902e-01      
      1215      2.809e-01      
      1216      1.937e-01      
      1217      1.374e-01      
      1229      2.266e-01      
      1230      2.545e-01      
      1233      3.442e-01      
      1234      3.638e-01      
      1290      2.746e-01      
      1291      2.580e-01      
      1298      1.685e-01      
      1299      1.502e-01      
      1986      2.116e-01      
      1987      3.427e-01      
      1988      4.422e-01      
      1989      4.571e-01      
      1990      3.812e-01      
      1991      2.597e-01      
      1992      1.483e-01      
      2096      1.274e-01      
      2097      2.583e-01      
      2098      4.202e-01      
      2099      5.535e-01      
      2101      5.307e-01      
      2102      3.941e-01      
      2103      2.466e-01      
      2104      1.320e-01      
      2197      2.030e-01      
      2198      3.766e-01      
      2199      6.348e-01      
      2200      9.267e-01      
      2201      1.152e+00      
      2203      1.093e+00      
      2204      8.462e-01      
      2205      5.772e-01      
      2206      3.688e-01      
      2207      2.498e-01      
      2212      3.181e-01      
      2213      3.668e-01      
      2214      4.183e-01      
      2215      4.714e-01      
      2216      5.244e-01      
      2217      5.768e-01      
      2218      6.282e-01      
      2219      6.775e-01      
      2241      7.760e-01      
      2242      7.965e-01      
      2251      7.099e-01      
      2252      6.851e-01      
      2265      5.931e-01      
      2266      5.740e-01      
      2271      4.841e-01      
      2272      4.605e-01      
      2275      3.798e-01      
      2276      3.542e-01      
      2284      2.705e-01      
      2285      2.526e-01      
      2297      1.570e-01      
      2298      1.433e-01      


3624   1.433e-01