0.0      1.000e-01      
      1      1.000e-01      
      414      1.085e-01      
      415      2.050e-01      
      416      3.056e-01      
      419      2.519e-01      
      420      1.516e-01      
      425      2.184e-01      
      426      3.951e-01      
      427      5.755e-01      
      428      6.761e-01      
      429      6.431e-01      
      430      4.982e-01      
      431      3.164e-01      
      432      1.660e-01      
      1068      1.281e-01      
      1069      2.991e-01      
      1070      5.523e-01      
      1071      8.066e-01      
      1072      9.329e-01      
      1073      8.562e-01      
      1074      6.255e-01      
      1075      3.655e-01      
      1076      1.720e-01      
      1207      2.148e-01      
      1208      5.312e-01      
      1209      1.055e+00      
      1210      1.699e+00      
      1211      2.257e+00      
      1212      2.535e+00      
      1213      2.483e+00      
      1214      2.194e+00      
      1215      1.792e+00      
      1216      1.368e+00      
      1217      9.746e-01      
      1218      6.464e-01      
      1219      3.981e-01      
      1220      2.263e-01      
      1221      1.173e-01      
      1993      1.878e-01      
      1994      2.586e-01      
      1997      1.672e-01      
      1998      1.000e-01      
      2097      1.584e-01      
      2098      3.032e-01      
      2099      4.556e-01      
      2102      3.735e-01      
      2103      2.214e-01      
      2104      1.056e-01      
      2195      1.052e-01      
      2196      2.725e-01      
      2197      5.810e-01      
      2198      1.027e+00      
      2199      1.519e+00      
      2200      1.910e+00      
      2201      2.075e+00      
      2202      1.973e+00      
      2203      1.643e+00      
      2204      1.183e+00      
      2205      7.230e-01      
      2206      3.682e-01      
      2207      1.544e-01      
      2412      2.073e-01      
      2413      4.545e-01      
      2414      8.591e-01      
      2415      1.330e+00      
      2416      1.676e+00      
      2417      1.747e+00      
      2418      1.552e+00      
      2419      1.218e+00      
      2420      8.625e-01      
      2421      5.503e-01      
      2422      3.087e-01      
      2423      1.483e-01      
      2950      1.853e-01      
      2951      3.107e-01      
      2952      4.136e-01      
      2954      3.669e-01      
      2955      2.446e-01      
      2956      1.296e-01      
      3150      2.072e-01      
      3151      2.453e-01      
      3153      1.688e-01      
      3154      1.000e-01      
      3395      1.000e-01      
      3396      2.878e-01      
      3397      7.031e-01      
      3398      1.415e+00      
      3399      2.334e+00      
      3400      3.144e+00      
      3401      3.450e+00      
      3402      3.081e+00      
      3403      2.241e+00      
      3404      1.332e+00      
      3405      6.512e-01      
      3406      2.639e-01      
      3407      1.000e-01      
      3552      1.011e-01      
      3553      2.606e-01      
      3554      5.318e-01      
      3555      8.611e-01      
      3556      1.110e+00      
      3557      1.141e+00      
      3558      9.402e-01      
      3559      6.231e-01      
      3560      3.339e-01      
      3561      1.456e-01      


3624   1.456e-01