0.0      1.000e-01      
      1      1.000e-01      
      368      1.839e-01      
      369      3.236e-01      
      370      4.740e-01      
      373      4.879e-01      
      374      3.704e-01      
      375      2.650e-01      
      376      1.891e-01      
      377      1.396e-01      
      413      1.921e-01      
      414      3.058e-01      
      415      4.012e-01      
      416      4.396e-01      
      418      3.433e-01      
      419      2.651e-01      
      423      2.755e-01      
      424      5.084e-01      
      425      8.824e-01      
      426      1.304e+00      
      427      1.598e+00      
      428      1.628e+00      
      429      1.404e+00      
      430      1.059e+00      
      431      7.359e-01      
      432      5.013e-01      
      433      3.548e-01      
      434      2.692e-01      
      435      2.197e-01      
      458      2.931e-01      
      459      3.206e-01      
      461      3.912e-01      
      462      4.259e-01      
      466      5.206e-01      
      467      5.391e-01      
      472      6.282e-01      
      473      6.433e-01      
      478      7.311e-01      
      479      7.686e-01      
      481      8.676e-01      
      482      9.156e-01      
      485      1.007e+00      
      486      1.025e+00      
      495      1.117e+00      
      496      1.130e+00      
      504      1.195e+00      
      505      1.239e+00      
      507      1.327e+00      
      508      1.363e+00      
      512      1.451e+00      
      513      1.465e+00      
      533      1.558e+00      
      534      1.574e+00      
      549      1.476e+00      
      550      1.463e+00      
      568      1.373e+00      
      569      1.348e+00      
      573      1.251e+00      
      574      1.244e+00      
      580      1.339e+00      
      581      1.348e+00      
      592      1.262e+00      
      593      1.218e+00      
      594      1.162e+00      
      595      1.103e+00      
      597      1.012e+00      
      598      9.902e-01      
      603      1.079e+00      
      604      1.102e+00      
      618      1.016e+00      
      619      9.823e-01      
      643      8.880e-01      
      644      8.712e-01      
      668      7.811e-01      
      669      7.695e-01      
      694      6.765e-01      
      695      6.690e-01      
      717      5.758e-01      
      718      5.674e-01      
      739      4.756e-01      
      740      4.644e-01      
      766      3.690e-01      
      767      3.642e-01      
      784      2.654e-01      
      785      2.394e-01      
      814      1.427e-01      
      815      1.383e-01      
      1067      2.020e-01      
      1068      4.662e-01      
      1069      8.787e-01      
      1070      1.342e+00      
      1071      1.668e+00      
      1072      1.706e+00      
      1073      1.465e+00      
      1074      1.091e+00      
      1075      7.384e-01      
      1076      4.823e-01      
      1077      3.206e-01      
      1078      2.235e-01      
      1079      1.638e-01      
      1205      1.144e-01      
      1206      3.376e-01      
      1207      8.311e-01      
      1208      1.667e+00      
      1209      2.735e+00      
      1210      3.724e+00      
      1211      4.309e+00      
      1212      4.366e+00      
      1213      4.000e+00      
      1214      3.406e+00      
      1215      2.742e+00      
      1216      2.104e+00      
      1217      1.543e+00      
      1218      1.086e+00      
      1219      7.405e-01      
      1220      4.984e-01      
      1221      3.393e-01      
      1222      2.392e-01      
      1223      1.771e-01      
      1224      1.382e-01      
      1248      2.327e-01      
      1249      2.611e-01      
      1255      3.600e-01      
      1256      3.700e-01      
      1262      4.677e-01      
      1263      4.936e-01      
      1274      5.906e-01      
      1275      6.010e-01      
      1316      5.188e-01      
      1317      4.942e-01      
      1323      5.819e-01      
      1324      5.978e-01      
      1347      6.949e-01      
      1348      7.105e-01      
      1376      8.103e-01      
      1377      8.162e-01      
      1385      7.453e-01      
      1386      7.052e-01      
      1389      6.079e-01      
      1390      5.934e-01      
      1412      4.955e-01      
      1413      4.622e-01      
      1420      5.594e-01      
      1421      5.733e-01      
      1434      4.786e-01      
      1435      4.466e-01      
      1456      3.532e-01      
      1457      3.425e-01      
      1507      4.317e-01      
      1508      4.593e-01      
      1515      3.709e-01      
      1516      3.453e-01      
      1550      2.476e-01      
      1551      2.409e-01      
      1602      1.430e-01      
      1603      1.389e-01      
      2097      1.308e-01      
      2098      2.749e-01      
      2099      4.878e-01      
      2100      7.163e-01      
      2101      8.668e-01      
      2102      8.715e-01      
      2103      7.436e-01      
      2104      5.588e-01      
      2105      3.902e-01      
      2106      2.686e-01      
      2107      1.905e-01      
      2108      1.417e-01      
      2196      1.000e-01      
      2197      2.455e-01      
      2198      5.906e-01      
      2199      1.165e+00      
      2200      1.868e+00      
      2201      2.439e+00      
      2202      2.615e+00      
      2203      2.339e+00      
      2204      1.790e+00      
      2205      1.217e+00      
      2206      7.744e-01      
      2207      4.895e-01      
      2208      3.218e-01      
      2209      2.246e-01      
      2210      1.661e-01      
      2411      1.788e-01      
      2412      2.940e-01      
      2413      5.655e-01      
      2414      1.083e+00      
      2415      1.848e+00      
      2416      2.702e+00      
      2417      3.360e+00      
      2418      3.563e+00      
      2419      3.242e+00      
      2420      2.567e+00      
      2421      1.811e+00      
      2422      1.184e+00      
      2423      7.537e-01      
      2424      4.902e-01      
      2425      3.353e-01      
      2426      2.428e-01      
      2427      1.848e-01      
      2567      2.646e-01      
      2568      2.945e-01      
      2574      3.907e-01      
      2575      3.984e-01      
      2584      3.074e-01      
      2585      2.918e-01      
      2659      2.017e-01      
      2660      1.904e-01      
      2950      2.398e-01      
      2951      3.795e-01      
      2952      4.903e-01      
      2954      4.730e-01      
      2955      3.763e-01      
      2956      2.776e-01      
      2957      2.008e-01      
      2959      1.146e-01      
      2960      1.000e-01      
      3142      1.996e-01      
      3143      2.156e-01      
      3147      1.174e-01      
      3148      1.105e-01      
      3393      1.000e-01      
      3394      2.663e-01      
      3395      6.536e-01      
      3396      1.326e+00      
      3397      2.191e+00      
      3398      2.963e+00      
      3399      3.313e+00      
      3400      3.112e+00      
      3401      2.511e+00      
      3402      1.792e+00      
      3403      1.176e+00      
      3404      7.441e-01      
      3405      4.758e-01      
      3406      3.177e-01      
      3407      2.238e-01      
      3408      1.659e-01      


3624   1.659e-01