0.0      1.000e-01      
      1      1.000e-01      
      442      1.801e-01      
      443      2.087e-01      
      444      2.530e-01      
      445      3.210e-01      
      446      4.141e-01      
      447      5.219e-01      
      448      6.258e-01      
      449      7.099e-01      
      450      7.676e-01      
      456      6.998e-01      
      457      6.628e-01      
      460      5.740e-01      
      461      5.565e-01      
      465      4.697e-01      
      466      4.480e-01      
      498      3.574e-01      
      499      3.472e-01      
      510      2.498e-01      
      511      2.343e-01      
      518      1.498e-01      
      519      1.280e-01      
      1069      1.367e-01      
      1070      2.565e-01      
      1071      3.753e-01      
      1073      3.819e-01      
      1074      2.660e-01      
      1075      1.449e-01      
      1253      2.412e-01      
      1254      2.695e-01      
      1283      1.800e-01      
      1284      1.624e-01      
      2197      1.962e-01      
      2198      3.558e-01      
      2199      5.104e-01      
      2201      5.351e-01      
      2202      4.047e-01      
      2203      2.606e-01      
      2204      1.484e-01      
      3397      1.510e-01      
      3398      3.390e-01      
      3399      6.065e-01      
      3400      8.591e-01      
      3401      9.605e-01      
      3402      8.470e-01      
      3403      5.893e-01      
      3404      3.239e-01      
      3405      1.411e-01      
      3552      1.195e-01      
      3553      2.953e-01      
      3554      5.722e-01      
      3555      8.711e-01      
      3556      1.044e+00      
      3557      9.864e-01      
      3558      7.365e-01      
      3559      4.355e-01      
      3560      2.044e-01      
      3561      1.000e-01      


3624   1.000e-01