0.0      1.000e-01      
      1      1.000e-01      
      364      1.638e-01      
      365      3.831e-01      
      366      7.148e-01      
      367      1.066e+00      
      368      1.277e+00      
      369      1.237e+00      
      370      9.832e-01      
      371      6.602e-01      
      372      3.995e-01      
      373      2.513e-01      
      377      3.386e-01      
      378      4.249e-01      
      379      5.197e-01      
      380      6.138e-01      
      381      6.956e-01      
      382      7.544e-01      
      385      7.216e-01      
      386      6.385e-01      
      387      5.354e-01      
      388      4.273e-01      
      389      3.256e-01      
      390      2.372e-01      
      391      1.670e-01      
      414      2.310e-01      
      415      3.029e-01      
      416      3.641e-01      
      417      4.073e-01      
      420      4.901e-01      
      421      5.457e-01      
      422      6.243e-01      
      423      7.166e-01      
      424      8.053e-01      
      425      8.722e-01      
      428      9.556e-01      
      429      9.969e-01      
      430      1.051e+00      
      431      1.099e+00      
      434      1.018e+00      
      435      9.130e-01      
      436      7.989e-01      
      437      6.964e-01      
      438      6.161e-01      
      439      5.562e-01      
      441      4.650e-01      
      442      4.216e-01      
      444      3.397e-01      
      445      3.117e-01      
      453      2.454e-01      
      454      2.030e-01      
      458      1.035e-01      
      459      1.000e-01      
      465      1.838e-01      
      466      2.110e-01      
      484      1.151e-01      
      485      1.053e-01      
      1069      1.733e-01      
      1070      3.131e-01      
      1071      4.579e-01      
      1074      4.434e-01      
      1075      3.239e-01      
      1076      2.295e-01      
      1077      1.824e-01      
      1081      2.800e-01      
      1082      3.099e-01      
      1088      2.244e-01      
      1089      1.908e-01      
      1209      2.267e-01      
      1210      3.450e-01      
      1211      4.468e-01      
      1216      5.017e-01      
      1217      5.495e-01      
      1218      6.278e-01      
      1219      7.238e-01      
      1220      8.200e-01      
      1221      8.984e-01      
      1226      8.079e-01      
      1227      7.485e-01      
      1231      6.522e-01      
      1232      6.391e-01      
      1235      5.465e-01      
      1236      5.027e-01      
      1238      4.175e-01      
      1239      3.813e-01      
      1242      2.966e-01      
      1243      2.769e-01      
      1252      1.848e-01      
      1253      1.760e-01      
      1986      2.716e-01      
      1987      4.674e-01      
      1988      6.466e-01      
      1990      6.628e-01      
      1991      5.095e-01      
      1992      3.449e-01      
      1993      2.244e-01      
      2008      1.515e-01      
      2009      1.207e-01      
      2096      1.655e-01      
      2097      3.129e-01      
      2098      4.835e-01      
      2099      6.179e-01      
      2102      5.287e-01      
      2103      4.458e-01      
      2107      5.393e-01      
      2108      5.900e-01      
      2114      4.983e-01      
      2115      4.559e-01      
      2118      3.659e-01      
      2119      3.542e-01      
      2124      2.712e-01      
      2125      2.379e-01      
      2128      1.540e-01      
      2129      1.333e-01      
      2197      1.906e-01      
      2198      3.512e-01      
      2199      6.271e-01      
      2200      1.004e+00      
      2201      1.402e+00      
      2202      1.709e+00      
      2203      1.852e+00      
      2207      1.843e+00      
      2208      1.956e+00      
      2209      2.066e+00      
      2212      2.051e+00      
      2213      1.948e+00      
      2214      1.847e+00      
      2215      1.770e+00      
      2216      1.725e+00      
      2219      1.652e+00      
      2220      1.610e+00      
      2221      1.554e+00      
      2222      1.486e+00      
      2223      1.405e+00      
      2224      1.311e+00      
      2225      1.202e+00      
      2226      1.084e+00      
      2227      9.654e-01      
      2228      8.557e-01      
      2229      7.584e-01      
      2230      6.739e-01      
      2231      6.024e-01      
      2232      5.444e-01      
      2234      4.635e-01      
      2235      4.332e-01      
      2238      3.537e-01      
      2239      3.330e-01      
      2247      2.352e-01      
      2248      2.179e-01      
      2252      1.283e-01      
      2253      1.068e-01      
      2407      1.947e-01      
      2408      2.288e-01      
      2410      3.066e-01      
      2411      3.432e-01      
      2431      2.608e-01      
      2432      2.353e-01      
      2436      1.452e-01      
      2437      1.320e-01      
      3345      1.984e-01      
      3346      2.766e-01      
      3349      2.096e-01      
      3350      1.336e-01      


3624   1.336e-01