0.0      1.000e-01      
      1      1.000e-01      
      33      1.742e-01      
      34      3.675e-01      
      35      6.183e-01      
      36      8.330e-01      
      38      7.939e-01      
      39      5.730e-01      
      40      3.470e-01      
      41      1.831e-01      
      359      2.517e-01      
      360      5.886e-01      
      361      1.212e+00      
      362      2.128e+00      
      363      3.117e+00      
      364      3.782e+00      
      365      3.828e+00      
      366      3.301e+00      
      367      2.509e+00      
      368      1.753e+00      
      369      1.165e+00      
      370      7.462e-01      
      371      4.605e-01      
      372      2.746e-01      
      373      1.613e-01      
      1065      2.488e-01      
      1066      2.982e-01      
      1067      3.956e-01      
      1068      5.046e-01      
      1070      5.201e-01      
      1071      4.029e-01      
      1072      2.648e-01      
      1073      1.528e-01      
      2093      1.331e-01      
      2094      3.240e-01      
      2095      6.224e-01      
      2096      9.464e-01      
      2097      1.144e+00      
      2098      1.107e+00      
      2099      8.688e-01      
      2100      5.640e-01      
      2101      3.143e-01      
      2102      1.603e-01      
      2189      1.510e-01      
      2190      2.958e-01      
      2191      4.628e-01      
      2192      5.849e-01      
      2194      5.406e-01      
      2195      4.413e-01      
      2202      3.935e-01      
      2203      3.316e-01      
      2204      2.595e-01      
      2205      1.883e-01      
      2563      2.362e-01      
      2564      4.224e-01      
      2565      6.055e-01      
      2567      6.478e-01      
      2568      4.919e-01      
      2569      3.127e-01      
      2570      1.740e-01      
      3271      1.729e-01      
      3272      3.181e-01      
      3273      4.663e-01      
      3276      3.979e-01      
      3277      2.562e-01      
      3278      1.435e-01      


3624   1.435e-01