0.0      4.738e-01      
      1      4.738e-01      
      248      3.824e-01      
      249      3.703e-01      
      358      4.553e-01      
      359      6.962e-01      
      360      1.245e+00      
      361      2.238e+00      
      362      3.642e+00      
      363      5.127e+00      
      364      6.146e+00      
      365      6.269e+00      
      366      5.487e+00      
      367      4.193e+00      
      368      2.878e+00      
      369      1.856e+00      
      370      1.202e+00      
      371      8.408e-01      
      372      6.636e-01      
      373      5.826e-01      
      374      5.462e-01      
      380      6.337e-01      
      381      6.880e-01      
      382      7.543e-01      
      383      8.405e-01      
      384      9.554e-01      
      385      1.101e+00      
      386      1.267e+00      
      387      1.438e+00      
      388      1.598e+00      
      389      1.735e+00      
      390      1.847e+00      
      391      1.936e+00      
      392      2.006e+00      
      394      2.092e+00      
      395      2.113e+00      
      404      2.192e+00      
      405      2.220e+00      
      406      2.291e+00      
      407      2.413e+00      
      408      2.556e+00      
      409      2.660e+00      
      411      2.606e+00      
      412      2.510e+00      
      419      2.537e+00      
      420      2.688e+00      
      421      2.973e+00      
      422      3.335e+00      
      423      3.637e+00      
      424      3.748e+00      
      425      3.653e+00      
      426      3.456e+00      
      427      3.279e+00      
      428      3.177e+00      
      433      3.238e+00      
      434      3.281e+00      
      437      3.380e+00      
      438      3.396e+00      
      442      3.441e+00      
      443      3.503e+00      
      444      3.636e+00      
      445      3.850e+00      
      446      4.091e+00      
      447      4.254e+00      
      448      4.254e+00      
      449      4.109e+00      
      450      3.910e+00      
      451      3.745e+00      
      452      3.649e+00      
      453      3.608e+00      
      469      3.524e+00      
      470      3.506e+00      
      473      3.407e+00      
      474      3.362e+00      
      476      3.285e+00      
      477      3.258e+00      
      482      3.166e+00      
      483      3.136e+00      
      486      3.042e+00      
      487      3.014e+00      
      490      2.933e+00      
      491      2.903e+00      
      493      2.833e+00      
      494      2.798e+00      
      497      2.708e+00      
      498      2.677e+00      
      505      2.579e+00      
      506      2.542e+00      
      508      2.451e+00      
      509      2.418e+00      
      513      2.328e+00      
      514      2.308e+00      
      520      2.223e+00      
      521      2.196e+00      
      523      2.121e+00      
      524      2.083e+00      
      530      1.984e+00      
      531      1.978e+00      
      538      1.878e+00      
      539      1.866e+00      
      548      1.772e+00      
      549      1.758e+00      
      555      1.668e+00      
      556      1.646e+00      
      571      1.546e+00      
      572      1.535e+00      
      583      1.452e+00      
      584      1.432e+00      
      592      1.340e+00      
      593      1.330e+00      
      602      1.242e+00      
      603      1.225e+00      
      617      1.131e+00      
      618      1.124e+00      
      648      1.031e+00      
      649      1.010e+00      
      681      9.106e-01      
      682      9.089e-01      
      689      8.097e-01      
      690      8.017e-01      
      779      7.100e-01      
      780      6.900e-01      
      1016      5.997e-01      
      1017      5.876e-01      
      1062      6.747e-01      
      1063      6.980e-01      
      1067      7.512e-01      
      1068      8.136e-01      
      1072      7.437e-01      
      1073      6.700e-01      
      1075      5.730e-01      
      1076      5.489e-01      
      1113      6.468e-01      
      1114      6.510e-01      
      1205      7.380e-01      
      1206      8.290e-01      
      1207      9.573e-01      
      1208      1.089e+00      
      1212      1.039e+00      
      1213      9.835e-01      
      1216      9.206e-01      
      1217      8.704e-01      
      1218      8.114e-01      
      1219      7.601e-01      
      1251      8.600e-01      
      1252      8.619e-01      
      1384      7.697e-01      
      1385      7.576e-01      
      1528      8.554e-01      
      1529      1.048e+00      
      1530      1.271e+00      
      1531      1.432e+00      
      1532      1.452e+00      
      1533      1.331e+00      
      1534      1.144e+00      
      1535      9.678e-01      
      1536      8.407e-01      
      1537      7.620e-01      
      1538      7.166e-01      
      1925      6.176e-01      
      1926      6.000e-01      
      2095      6.610e-01      
      2096      7.516e-01      
      2101      6.625e-01      
      2102      6.087e-01      
      2195      6.501e-01      
      2196      8.292e-01      
      2197      1.158e+00      
      2198      1.658e+00      
      2199      2.285e+00      
      2200      2.896e+00      
      2201      3.275e+00      
      2202      3.244e+00      
      2203      2.808e+00      
      2204      2.162e+00      
      2205      1.551e+00      
      2206      1.115e+00      
      2207      8.670e-01      
      2208      7.525e-01      
      2213      8.389e-01      
      2214      9.140e-01      
      2215      1.004e+00      
      2216      1.106e+00      
      2217      1.218e+00      
      2218      1.336e+00      
      2219      1.452e+00      
      2220      1.561e+00      
      2221      1.657e+00      
      2222      1.740e+00      
      2223      1.810e+00      
      2224      1.870e+00      
      2226      1.962e+00      
      2227      1.994e+00      
      2242      1.907e+00      
      2243      1.891e+00      
      2246      1.814e+00      
      2247      1.786e+00      
      2256      1.687e+00      
      2257      1.684e+00      
      2275      1.589e+00      
      2276      1.579e+00      
      2296      1.483e+00      
      2297      1.476e+00      
      2303      1.389e+00      
      2304      1.363e+00      
      2324      1.265e+00      
      2325      1.263e+00      
      2338      1.172e+00      
      2339      1.160e+00      
      2362      1.061e+00      
      2363      1.041e+00      
      2394      1.068e+00      
      2395      1.150e+00      
      2396      1.254e+00      
      2397      1.340e+00      
      2398      1.366e+00      
      2399      1.326e+00      
      2400      1.247e+00      
      2401      1.172e+00      
      2402      1.126e+00      
      2407      1.218e+00      
      2408      1.247e+00      
      2415      1.149e+00      
      2416      1.144e+00      
      2441      1.046e+00      
      2442      1.043e+00      
      2482      9.604e-01      
      2483      9.401e-01      
      2540      8.576e-01      
      2541      8.400e-01      
      2561      8.979e-01      
      2562      1.120e+00      
      2563      1.562e+00      
      2564      2.217e+00      
      2565      2.904e+00      
      2566      3.318e+00      
      2567      3.264e+00      
      2568      2.812e+00      
      2569      2.218e+00      
      2570      1.712e+00      
      2571      1.381e+00      
      2572      1.204e+00      
      2573      1.125e+00      
      2574      1.098e+00      
      2581      1.184e+00      
      2582      1.207e+00      
      2589      1.296e+00      
      2590      1.318e+00      
      2597      1.413e+00      
      2598      1.418e+00      
      2613      1.327e+00      
      2614      1.315e+00      
      2635      1.220e+00      
      2636      1.213e+00      
      2674      1.116e+00      
      2675      1.100e+00      
      2699      1.002e+00      
      2700      9.822e-01      
      2761      8.851e-01      
      2762      8.774e-01      
      2771      9.699e-01      
      2772      1.077e+00      
      2773      1.165e+00      
      2774      1.197e+00      
      2776      1.098e+00      
      2777      1.026e+00      
      2779      9.367e-01      
      2780      9.176e-01      
      2814      8.214e-01      
      2815      8.081e-01      
      2927      7.200e-01      
      2928      7.000e-01      
      3226      6.051e-01      
      3227      5.974e-01      
      3264      4.978e-01      
      3265      4.960e-01      
      3340      5.498e-01      
      3341      6.101e-01      
      3342      6.745e-01      
      3343      7.157e-01      
      3346      6.240e-01      
      3347      5.766e-01      


3624   5.766e-01