0.0      1.000e-01      
      1      1.000e-01      
      359      1.975e-01      
      360      4.148e-01      
      361      7.202e-01      
      362      1.050e+00      
      363      1.305e+00      
      365      1.308e+00      
      366      1.058e+00      
      367      7.390e-01      
      368      4.447e-01      
      369      2.326e-01      
      370      1.084e-01      
      390      2.023e-01      
      391      2.508e-01      
      392      3.058e-01      
      393      3.630e-01      
      395      4.604e-01      
      396      4.960e-01      
      401      5.906e-01      
      402      6.008e-01      
      406      6.852e-01      
      407      7.319e-01      
      412      8.163e-01      
      413      8.670e-01      
      414      9.395e-01      
      415      1.009e+00      
      419      1.094e+00      
      420      1.186e+00      
      421      1.340e+00      
      422      1.502e+00      
      425      1.423e+00      
      426      1.286e+00      
      427      1.193e+00      
      428      1.153e+00      
      432      1.230e+00      
      433      1.260e+00      
      447      1.356e+00      
      448      1.390e+00      
      449      1.461e+00      
      450      1.578e+00      
      451      1.705e+00      
      454      1.612e+00      
      455      1.485e+00      
      456      1.402e+00      
      457      1.365e+00      
      467      1.286e+00      
      468      1.260e+00      
      470      1.181e+00      
      471      1.133e+00      
      472      1.081e+00      
      473      1.025e+00      
      474      9.644e-01      
      475      9.045e-01      
      477      8.127e-01      
      478      7.884e-01      
      496      7.041e-01      
      497      6.785e-01      
      499      5.919e-01      
      500      5.384e-01      
      511      4.636e-01      
      512      4.369e-01      
      526      3.436e-01      
      527      3.343e-01      
      547      2.373e-01      
      548      2.337e-01      
      598      1.343e-01      
      599      1.337e-01      
      1060      1.574e-01      
      1061      2.343e-01      
      1062      2.991e-01      
      1063      3.483e-01      
      1064      3.977e-01      
      1065      4.646e-01      
      1066      5.469e-01      
      1067      6.175e-01      
      1069      5.758e-01      
      1070      4.491e-01      
      1071      2.996e-01      
      1072      1.721e-01      
      1205      1.533e-01      
      1206      3.157e-01      
      1207      5.262e-01      
      1208      7.124e-01      
      1210      7.118e-01      
      1211      5.300e-01      
      1212      3.272e-01      
      1213      1.699e-01      
      1527      1.676e-01      
      1528      2.783e-01      
      1529      3.746e-01      
      1530      4.122e-01      
      1531      3.738e-01      
      1532      2.819e-01      
      1533      1.788e-01      
      1570      2.078e-01      
      1571      3.051e-01      
      1572      4.060e-01      
      1575      3.465e-01      
      1576      2.478e-01      
      1577      1.741e-01      
      1578      1.328e-01      
      2095      2.070e-01      
      2096      3.159e-01      
      2099      2.962e-01      
      2100      1.914e-01      
      2194      1.697e-01      
      2195      2.955e-01      
      2196      4.371e-01      
      2197      5.561e-01      
      2201      5.128e-01      
      2202      4.105e-01      
      2203      2.921e-01      
      2204      1.814e-01      
      2394      1.217e-01      
      2395      2.841e-01      
      2396      5.255e-01      
      2397      7.723e-01      
      2398      9.079e-01      
      2399      8.638e-01      
      2400      6.797e-01      
      2401      4.589e-01      
      2402      2.802e-01      
      2403      1.635e-01      
      2410      1.830e-01      
      2411      2.821e-01      
      2412      3.707e-01      
      2413      4.078e-01      
      2414      3.769e-01      
      2415      3.008e-01      
      2416      2.199e-01      
      2417      1.610e-01      
      2433      2.530e-01      
      2434      2.620e-01      
      2487      1.649e-01      
      2488      1.513e-01      
      2563      2.207e-01      
      2564      3.889e-01      
      2565      6.619e-01      
      2566      9.944e-01      
      2567      1.274e+00      
      2568      1.379e+00      
      2569      1.261e+00      
      2570      9.791e-01      
      2571      6.569e-01      
      2572      3.976e-01      
      2573      2.378e-01      
      2574      1.592e-01      
      2575      1.272e-01      
      2594      2.166e-01      
      2595      2.405e-01      
      2617      1.448e-01      
      2618      1.396e-01      
      3342      2.331e-01      
      3343      2.749e-01      
      3345      1.921e-01      
      3346      1.171e-01      


3624   1.171e-01