0.0      1.000e-01      
      1      1.000e-01      
      36      1.749e-01      
      37      2.311e-01      
      40      1.483e-01      
      41      1.000e-01      
      364      1.545e-01      
      365      2.458e-01      
      366      3.834e-01      
      367      5.632e-01      
      368      7.646e-01      
      369      9.526e-01      
      370      1.081e+00      
      372      1.035e+00      
      373      8.988e-01      
      374      7.677e-01      
      375      6.816e-01      
      376      6.461e-01      
      378      6.982e-01      
      379      7.754e-01      
      380      8.783e-01      
      381      9.998e-01      
      382      1.133e+00      
      383      1.273e+00      
      384      1.420e+00      
      385      1.581e+00      
      386      1.763e+00      
      387      1.959e+00      
      388      2.144e+00      
      389      2.292e+00      
      390      2.389e+00      
      391      2.450e+00      
      393      2.531e+00      
      394      2.563e+00      
      402      2.645e+00      
      403      2.674e+00      
      404      2.724e+00      
      405      2.792e+00      
      406      2.864e+00      
      407      2.922e+00      
      409      2.987e+00      
      410      3.042e+00      
      411      3.173e+00      
      412      3.421e+00      
      413      3.780e+00      
      414      4.165e+00      
      415      4.437e+00      
      416      4.482e+00      
      417      4.307e+00      
      418      4.033e+00      
      419      3.809e+00      
      422      3.907e+00      
      423      4.167e+00      
      424      4.537e+00      
      425      4.945e+00      
      426      5.239e+00      
      427      5.291e+00      
      428      5.096e+00      
      429      4.778e+00      
      430      4.484e+00      
      431      4.297e+00      
      439      4.224e+00      
      440      4.191e+00      
      441      4.142e+00      
      442      4.076e+00      
      443      3.997e+00      
      444      3.906e+00      
      445      3.807e+00      
      446      3.700e+00      
      447      3.582e+00      
      448      3.458e+00      
      449      3.333e+00      
      450      3.216e+00      
      451      3.110e+00      
      452      3.016e+00      
      453      2.932e+00      
      454      2.855e+00      
      455      2.777e+00      
      456      2.694e+00      
      457      2.604e+00      
      458      2.515e+00      
      459      2.432e+00      
      460      2.362e+00      
      461      2.301e+00      
      462      2.247e+00      
      463      2.196e+00      
      465      2.100e+00      
      466      2.048e+00      
      467      1.990e+00      
      468      1.923e+00      
      469      1.845e+00      
      470      1.757e+00      
      471      1.662e+00      
      472      1.564e+00      
      473      1.468e+00      
      474      1.378e+00      
      475      1.291e+00      
      476      1.207e+00      
      477      1.124e+00      
      478      1.046e+00      
      479      9.793e-01      
      480      9.261e-01      
      482      8.448e-01      
      483      8.047e-01      
      485      7.139e-01      
      486      6.641e-01      
      487      6.120e-01      
      488      5.590e-01      
      490      4.617e-01      
      491      4.232e-01      
      515      3.249e-01      
      516      3.203e-01      
      522      2.401e-01      
      523      2.094e-01      
      531      1.117e-01      
      532      1.089e-01      
      1068      1.085e-01      
      1069      2.619e-01      
      1070      5.035e-01      
      1071      7.731e-01      
      1072      9.512e-01      
      1073      9.429e-01      
      1074      7.595e-01      
      1075      5.036e-01      
      1076      2.811e-01      
      1077      1.374e-01      
      1207      1.597e-01      
      1208      3.642e-01      
      1209      6.814e-01      
      1210      1.057e+00      
      1211      1.375e+00      
      1212      1.519e+00      
      1213      1.450e+00      
      1214      1.222e+00      
      1215      9.405e-01      
      1216      6.978e-01      
      1217      5.417e-01      
      1220      5.555e-01      
      1221      6.461e-01      
      1222      7.492e-01      
      1223      8.580e-01      
      1224      9.713e-01      
      1225      1.089e+00      
      1226      1.210e+00      
      1227      1.329e+00      
      1228      1.439e+00      
      1229      1.534e+00      
      1230      1.611e+00      
      1231      1.677e+00      
      1232      1.745e+00      
      1233      1.823e+00      
      1234      1.916e+00      
      1235      2.020e+00      
      1236      2.122e+00      
      1237      2.207e+00      
      1238      2.262e+00      
      1246      2.186e+00      
      1247      2.160e+00      
      1249      2.101e+00      
      1250      2.059e+00      
      1251      2.006e+00      
      1252      1.943e+00      
      1253      1.875e+00      
      1254      1.808e+00      
      1255      1.746e+00      
      1256      1.688e+00      
      1257      1.631e+00      
      1258      1.571e+00      
      1259      1.505e+00      
      1260      1.434e+00      
      1261      1.360e+00      
      1262      1.286e+00      
      1263      1.214e+00      
      1264      1.142e+00      
      1265      1.066e+00      
      1266      9.860e-01      
      1267      9.023e-01      
      1268      8.198e-01      
      1269      7.432e-01      
      1270      6.733e-01      
      1271      6.077e-01      
      1272      5.452e-01      
      1273      4.888e-01      
      1274      4.434e-01      
      1282      3.439e-01      
      1283      3.432e-01      
      1301      2.473e-01      
      1302      2.417e-01      
      1314      1.586e-01      
      1315      1.353e-01      
      1987      2.351e-01      
      1988      3.793e-01      
      1989      5.057e-01      
      1993      4.712e-01      
      1994      3.661e-01      
      1995      2.510e-01      
      1996      1.513e-01      
      1997      1.000e-01      
      2095      1.000e-01      
      2096      2.131e-01      
      2097      4.259e-01      
      2098      6.770e-01      
      2099      8.617e-01      
      2100      8.864e-01      
      2101      7.458e-01      
      2102      5.221e-01      
      2103      3.118e-01      
      2104      1.652e-01      
      2198      1.424e-01      
      2199      2.752e-01      
      2200      4.656e-01      
      2201      6.805e-01      
      2202      8.481e-01      
      2204      7.974e-01      
      2205      6.165e-01      
      2206      4.390e-01      
      2207      3.241e-01      
      2212      4.105e-01      
      2213      4.447e-01      
      2227      3.606e-01      
      2228      3.405e-01      
      2236      4.219e-01      
      2237      4.488e-01      
      2246      3.626e-01      
      2247      3.326e-01      
      2250      2.493e-01      
      2251      2.151e-01      
      2254      1.208e-01      
      2255      1.063e-01      
      3344      1.607e-01      
      3345      3.551e-01      
      3346      6.334e-01      
      3347      9.158e-01      
      3348      1.078e+00      
      3349      1.039e+00      
      3350      8.245e-01      
      3351      5.439e-01      
      3352      3.036e-01      
      3353      1.484e-01      
      3415      2.446e-01      
      3416      2.975e-01      
      3417      3.612e-01      
      3418      4.355e-01      
      3419      5.169e-01      
      3420      5.957e-01      
      3421      6.585e-01      
      3422      6.967e-01      
      3427      7.441e-01      
      3428      8.072e-01      
      3429      9.064e-01      
      3430      1.022e+00      
      3431      1.117e+00      
      3432      1.160e+00      
      3435      1.062e+00      
      3436      1.029e+00      
      3446      9.295e-01      
      3447      8.645e-01      
      3448      7.795e-01      
      3449      6.906e-01      
      3450      6.121e-01      
      3451      5.507e-01      
      3453      4.682e-01      
      3454      4.397e-01      
      3460      3.465e-01      
      3461      3.190e-01      
      3472      2.534e-01      
      3473      2.181e-01      
      3477      1.190e-01      
      3478      1.080e-01      
      3548      1.722e-01      
      3549      3.570e-01      
      3550      5.900e-01      
      3551      7.819e-01      
      3553      7.642e-01      
      3554      6.426e-01      
      3556      6.731e-01      
      3557      8.078e-01      
      3559      8.182e-01      
      3560      6.392e-01      
      3561      4.364e-01      
      3562      2.908e-01      
      3566      3.644e-01      
      3567      4.484e-01      
      3568      5.298e-01      
      3569      5.979e-01      
      3572      6.933e-01      
      3573      7.106e-01      
      3576      7.851e-01      
      3577      8.158e-01      
      3580      9.100e-01      
      3581      9.316e-01      
      3593      8.624e-01      
      3594      8.103e-01      
      3595      7.527e-01      
      3596      6.915e-01      
      3597      6.307e-01      
      3598      5.759e-01      
      3601      4.823e-01      
      3602      4.702e-01      
      3612      3.733e-01      
      3613      3.669e-01      
      3616      2.961e-01      
      3617      2.564e-01      
      3619      1.832e-01      
      3620      1.562e-01      


3624   1.562e-01