0.0      1.000e-01      
      1      1.000e-01      
      33      1.958e-01      
      34      3.926e-01      
      35      6.239e-01      
      36      7.895e-01      
      37      8.007e-01      
      38      6.566e-01      
      39      4.422e-01      
      40      2.514e-01      
      41      1.271e-01      
      358      2.166e-01      
      359      5.090e-01      
      360      1.011e+00      
      361      1.716e+00      
      362      2.482e+00      
      363      3.035e+00      
      364      3.100e+00      
      365      2.621e+00      
      366      1.828e+00      
      367      1.056e+00      
      368      5.155e-01      
      369      2.225e-01      
      370      1.000e-01      
      1058      1.051e-01      
      1059      2.527e-01      
      1060      4.829e-01      
      1061      7.408e-01      
      1062      9.368e-01      
      1063      1.050e+00      
      1064      1.207e+00      
      1065      1.607e+00      
      1066      2.314e+00      
      1067      3.093e+00      
      1068      3.517e+00      
      1069      3.298e+00      
      1070      2.534e+00      
      1071      1.600e+00      
      1072      8.418e-01      
      1073      3.792e-01      
      1074      1.558e-01      
      1205      2.513e-01      
      1206      3.949e-01      
      1207      5.109e-01      
      1210      4.163e-01      
      1211      3.003e-01      
      1212      1.954e-01      
      2093      2.173e-01      
      2094      4.654e-01      
      2095      7.926e-01      
      2096      1.076e+00      
      2098      1.017e+00      
      2099      7.178e-01      
      2100      4.184e-01      
      2101      2.090e-01      
      2102      1.000e-01      
      2190      1.956e-01      
      2191      3.850e-01      
      2192      6.179e-01      
      2193      8.308e-01      
      2194      9.835e-01      
      2195      1.094e+00      
      2196      1.193e+00      
      2197      1.252e+00      
      2198      1.209e+00      
      2199      1.044e+00      
      2200      8.121e-01      
      2201      5.869e-01      
      2202      4.066e-01      
      2203      2.724e-01      
      2204      1.741e-01      
      2205      1.053e-01      
      2562      1.123e-01      
      2563      2.482e-01      
      2564      4.382e-01      
      2565      6.154e-01      
      2567      6.178e-01      
      2568      4.491e-01      
      2569      2.712e-01      
      2570      1.427e-01      
      3270      1.369e-01      
      3271      2.907e-01      
      3272      4.911e-01      
      3273      6.615e-01      
      3275      6.174e-01      
      3276      4.344e-01      
      3277      2.532e-01      
      3278      1.275e-01      


3624   1.275e-01