0.0      4.200e-01      
      1      4.200e-01      
      29      3.203e-01      
      30      3.138e-01      
      439      4.087e-01      
      440      4.159e-01      
      509      5.140e-01      
      510      5.160e-01      
      582      6.000e-01      
      583      6.200e-01      
      851      5.200e-01      
      852      5.200e-01      
      1065      5.475e-01      
      1066      6.476e-01      
      1067      7.610e-01      
      1070      7.538e-01      
      1071      6.494e-01      
      1072      5.609e-01      
      1073      5.043e-01      
      1269      5.904e-01      
      1270      6.086e-01      
      1738      5.090e-01      
      1739      5.078e-01      
      2035      4.102e-01      
      2036      4.019e-01      
      2083      3.022e-01      
      2084      3.010e-01      
      2248      3.986e-01      
      2249      4.058e-01      
      3067      3.124e-01      
      3068      3.003e-01      
      3269      3.373e-01      
      3270      4.519e-01      
      3271      6.355e-01      
      3272      8.426e-01      
      3273      9.822e-01      
      3274      9.847e-01      
      3275      8.607e-01      
      3276      6.842e-01      
      3277      5.266e-01      
      3278      4.171e-01      
      3279      3.511e-01      
      3280      3.132e-01      


3624   3.132e-01