0.0      1.000e-01      
      1      1.000e-01      
      35      1.673e-01      
      36      3.123e-01      
      37      5.079e-01      
      38      6.866e-01      
      40      6.940e-01      
      41      5.273e-01      
      42      3.447e-01      
      43      2.058e-01      
      44      1.232e-01      
      45      1.000e-01      
      367      1.342e-01      
      368      2.831e-01      
      369      5.420e-01      
      370      8.732e-01      
      371      1.161e+00      
      372      1.275e+00      
      373      1.170e+00      
      374      9.142e-01      
      375      6.260e-01      
      376      3.932e-01      
      377      2.408e-01      
      378      1.529e-01      
      379      1.048e-01      
      400      1.865e-01      
      401      2.288e-01      
      412      2.085e-01      
      413      3.440e-01      
      414      6.193e-01      
      415      1.033e+00      
      416      1.464e+00      
      417      1.712e+00      
      418      1.647e+00      
      419      1.328e+00      
      420      9.470e-01      
      421      6.794e-01      
      422      6.200e-01      
      423      8.252e-01      
      424      1.362e+00      
      425      2.275e+00      
      426      3.493e+00      
      427      4.752e+00      
      428      5.648e+00      
      429      5.830e+00      
      430      5.234e+00      
      431      4.122e+00      
      432      2.903e+00      
      433      1.888e+00      
      434      1.194e+00      
      435      7.887e-01      
      436      5.822e-01      
      437      4.900e-01      
      438      4.555e-01      
      443      5.271e-01      
      444      5.638e-01      
      446      6.375e-01      
      447      6.684e-01      
      456      7.475e-01      
      457      7.756e-01      
      495      6.950e-01      
      496      6.707e-01      
      499      5.928e-01      
      500      5.680e-01      
      517      4.681e-01      
      518      4.608e-01      
      524      3.735e-01      
      525      3.606e-01      
      593      2.630e-01      
      594      2.482e-01      
      643      1.526e-01      
      644      1.474e-01      
      852      2.347e-01      
      853      2.905e-01      
      858      2.448e-01      
      859      1.848e-01      
      1067      2.581e-01      
      1068      7.322e-01      
      1069      1.771e+00      
      1070      3.461e+00      
      1071      5.405e+00      
      1072      6.753e+00      
      1073      6.789e+00      
      1074      5.547e+00      
      1075      3.736e+00      
      1076      2.118e+00      
      1077      1.045e+00      
      1078      4.765e-01      
      1079      2.219e-01      
      1080      1.197e-01      
      1205      1.574e-01      
      1206      4.321e-01      
      1207      1.215e+00      
      1208      2.957e+00      
      1209      5.938e+00      
      1210      9.768e+00      
      1211      1.323e+01      
      1212      1.493e+01      
      1213      1.425e+01      
      1214      1.172e+01      
      1215      8.497e+00      
      1216      5.546e+00      
      1217      3.334e+00      
      1218      1.894e+00      
      1219      1.056e+00      
      1220      6.113e-01      
      1221      3.938e-01      
      1222      2.930e-01      
      1257      3.845e-01      
      1258      3.934e-01      
      1294      2.934e-01      
      1295      2.906e-01      
      1385      2.010e-01      
      1386      1.870e-01      
      1574      2.479e-01      
      1575      3.624e-01      
      1576      5.341e-01      
      1577      7.237e-01      
      1578      8.535e-01      
      1579      8.568e-01      
      1580      7.334e-01      
      1581      5.479e-01      
      1582      3.761e-01      
      1583      2.574e-01      
      1585      1.603e-01      
      1586      1.474e-01      
      1602      1.968e-01      
      1603      2.705e-01      
      1604      4.548e-01      
      1605      8.010e-01      
      1606      1.278e+00      
      1607      1.720e+00      
      1608      1.910e+00      
      1609      1.746e+00      
      1610      1.336e+00      
      1611      8.886e-01      
      1612      5.552e-01      
      1613      3.654e-01      
      1614      2.782e-01      
      1615      2.447e-01      
      1768      1.488e-01      
      1769      1.422e-01      
      1990      2.132e-01      
      1991      3.380e-01      
      1992      5.317e-01      
      1993      7.811e-01      
      1994      1.008e+00      
      1996      9.991e-01      
      1997      7.614e-01      
      1998      4.991e-01      
      1999      2.962e-01      
      2000      1.731e-01      
      2095      1.403e-01      
      2096      3.156e-01      
      2097      7.074e-01      
      2098      1.372e+00      
      2099      2.202e+00      
      2100      2.908e+00      
      2101      3.186e+00      
      2102      2.943e+00      
      2103      2.341e+00      
      2104      1.643e+00      
      2105      1.041e+00      
      2106      6.119e-01      
      2107      3.479e-01      
      2108      2.044e-01      
      2109      1.336e-01      
      2110      1.007e-01      
      2193      1.486e-01      
      2194      3.025e-01      
      2195      7.907e-01      
      2196      2.058e+00      
      2197      4.787e+00      
      2198      9.708e+00      
      2199      1.716e+01      
      2200      2.646e+01      
      2201      3.537e+01      
      2202      4.054e+01      
      2203      3.938e+01      
      2204      3.219e+01      
      2205      2.217e+01      
      2206      1.301e+01      
      2207      6.697e+00      
      2208      3.204e+00      
      2209      1.585e+00      
      2210      9.322e-01      
      2211      6.936e-01      
      2212      6.134e-01      
      2213      5.909e-01      
      2225      4.948e-01      
      2226      4.894e-01      
      2236      5.830e-01      
      2237      5.902e-01      
      2272      4.945e-01      
      2273      4.560e-01      
      2275      3.803e-01      
      2276      3.520e-01      
      2288      4.494e-01      
      2289      4.526e-01      
      2300      3.526e-01      
      2301      3.387e-01      
      2344      2.400e-01      
      2345      2.227e-01      
      2372      1.295e-01      
      2373      1.211e-01      
      2400      1.939e-01      
      2401      2.277e-01      
      2405      3.235e-01      
      2406      4.731e-01      
      2407      8.590e-01      
      2408      1.629e+00      
      2409      2.852e+00      
      2410      4.403e+00      
      2411      5.998e+00      
      2412      7.370e+00      
      2413      8.368e+00      
      2414      8.866e+00      
      2415      8.716e+00      
      2416      7.890e+00      
      2417      6.604e+00      
      2418      5.196e+00      
      2419      3.913e+00      
      2420      2.851e+00      
      2421      2.019e+00      
      2422      1.410e+00      
      2423      1.005e+00      
      2424      7.629e-01      
      2425      6.323e-01      
      2451      7.088e-01      
      2452      7.330e-01      
      2491      6.354e-01      
      2492      6.101e-01      
      2512      5.319e-01      
      2513      4.968e-01      
      2516      4.028e-01      
      2517      3.839e-01      
      2538      2.879e-01      
      2539      2.630e-01      
      2542      3.339e-01      
      2543      4.455e-01      
      2544      5.765e-01      
      2545      6.706e-01      
      2546      6.838e-01      
      2547      6.206e-01      
      2548      5.251e-01      
      2549      4.410e-01      
      2550      3.865e-01      
      2560      3.013e-01      
      2561      2.827e-01      
      2566      3.316e-01      
      2567      5.451e-01      
      2568      9.738e-01      
      2569      1.618e+00      
      2570      2.309e+00      
      2571      2.754e+00      
      2572      2.735e+00      
      2573      2.291e+00      
      2574      1.668e+00      
      2575      1.121e+00      
      2576      7.687e-01      
      2577      5.984e-01      
      2581      5.091e-01      
      2582      4.802e-01      
      2584      4.091e-01      
      2585      3.778e-01      
      2635      2.835e-01      
      2636      2.678e-01      
      2707      1.719e-01      
      2708      1.663e-01      
      2950      2.550e-01      
      2951      3.456e-01      
      2954      3.087e-01      
      2955      2.243e-01      
      2956      1.562e-01      
      2957      1.132e-01      
      3139      1.637e-01      
      3140      3.469e-01      
      3141      7.134e-01      
      3142      1.311e+00      
      3143      2.121e+00      
      3144      3.023e+00      
      3145      3.782e+00      
      3146      4.106e+00      
      3147      3.824e+00      
      3148      3.054e+00      
      3149      2.136e+00      
      3150      1.371e+00      
      3151      8.631e-01      
      3152      5.580e-01      
      3153      3.697e-01      
      3154      2.468e-01      
      3155      1.684e-01      
      3156      1.227e-01      
      3343      1.717e-01      
      3344      4.411e-01      
      3345      1.099e+00      
      3346      2.337e+00      
      3347      4.090e+00      
      3348      5.862e+00      
      3349      6.902e+00      
      3350      6.719e+00      
      3351      5.455e+00      
      3352      3.733e+00      
      3353      2.188e+00      
      3354      1.130e+00      
      3355      5.429e-01      
      3356      2.674e-01      
      3357      1.533e-01      
      3371      2.472e-01      
      3372      2.866e-01      
      3375      2.069e-01      
      3376      1.631e-01      
      3390      2.149e-01      
      3391      3.097e-01      
      3392      4.992e-01      
      3393      8.221e-01      
      3394      1.291e+00      
      3395      1.868e+00      
      3396      2.457e+00      
      3397      2.954e+00      
      3398      3.341e+00      
      3399      3.690e+00      
      3400      4.018e+00      
      3401      4.173e+00      
      3402      3.955e+00      
      3403      3.333e+00      
      3404      2.497e+00      
      3405      1.702e+00      
      3406      1.105e+00      
      3407      7.283e-01      
      3408      5.232e-01      
      3409      4.259e-01      
      3410      3.889e-01      
      3416      4.794e-01      
      3417      5.020e-01      
      3420      5.972e-01      
      3421      6.256e-01      
      3427      6.878e-01      
      3428      8.775e-01      
      3429      1.259e+00      
      3430      1.845e+00      
      3431      2.528e+00      
      3432      3.094e+00      
      3433      3.342e+00      
      3434      3.217e+00      
      3435      2.823e+00      
      3436      2.333e+00      
      3437      1.886e+00      
      3438      1.543e+00      
      3439      1.307e+00      
      3440      1.158e+00      
      3441      1.066e+00      
      3442      1.011e+00      
      3446      9.162e-01      
      3447      8.959e-01      
      3450      8.070e-01      
      3451      7.737e-01      
      3473      6.784e-01      
      3474      6.323e-01      
      3475      5.799e-01      
      3476      5.285e-01      
      3496      4.594e-01      
      3497      4.275e-01      
      3500      3.307e-01      
      3501      3.096e-01      
      3523      2.271e-01      
      3524      2.015e-01      
      3547      2.317e-01      
      3548      3.691e-01      
      3549      8.922e-01      
      3550      2.459e+00      
      3551      6.207e+00      
      3552      1.330e+01      
      3553      2.370e+01      
      3554      3.507e+01      
      3555      4.328e+01      
      3556      4.495e+01      
      3557      3.983e+01      
      3558      3.070e+01      
      3559      2.108e+01      
      3560      1.330e+01      
      3561      7.995e+00      
      3562      4.792e+00      
      3563      3.000e+00      
      3564      2.039e+00      
      3565      1.528e+00      
      3566      1.249e+00      
      3567      1.084e+00      
      3568      9.723e-01      
      3569      8.868e-01      
      3570      8.152e-01      
      3571      7.554e-01      
      3572      7.113e-01      
      3581      8.032e-01      
      3582      8.152e-01      
      3601      8.879e-01      
      3602      9.184e-01      
      3605      9.997e-01      
      3606      1.020e+00      
      3615      9.316e-01      
      3616      8.816e-01      
      3618      7.840e-01      
      3619      7.427e-01      


3624   7.427e-01