0.0      1.000e-01      
      1      1.000e-01      
      364      1.183e-01      
      365      2.362e-01      
      366      3.765e-01      
      367      4.847e-01      
      369      4.579e-01      
      370      3.591e-01      
      371      2.603e-01      
      372      1.842e-01      
      2196      1.641e-01      
      2197      5.226e-01      
      2198      1.345e+00      
      2199      2.814e+00      
      2200      4.821e+00      
      2201      6.826e+00      
      2202      8.074e+00      
      2203      8.080e+00      
      2204      6.948e+00      
      2205      5.236e+00      
      2206      3.547e+00      
      2207      2.229e+00      
      2208      1.345e+00      
      2209      8.050e-01      
      2210      4.915e-01      
      2211      3.126e-01      
      2212      2.092e-01      
      2213      1.475e-01      
      2214      1.086e-01      
      2399      1.451e-01      
      2400      2.392e-01      
      2401      3.306e-01      
      2402      4.018e-01      
      2404      4.916e-01      
      2405      5.030e-01      
      2406      4.712e-01      
      2407      4.008e-01      
      2408      3.202e-01      
      2409      2.576e-01      
      2412      1.701e-01      
      2413      1.388e-01      


3624   1.388e-01