0.0      1.000e-01      
      1      1.000e-01      
      443      1.790e-01      
      444      2.040e-01      
      453      3.023e-01      
      454      3.112e-01      
      458      3.956e-01      
      459      4.136e-01      
      537      3.155e-01      
      538      2.889e-01      
      541      1.979e-01      
      542      1.768e-01      
      1070      1.855e-01      
      1071      2.801e-01      
      1074      2.439e-01      
      1075      1.554e-01      
      1211      2.320e-01      
      1212      2.821e-01      
      1216      2.093e-01      
      1217      1.477e-01      
      1251      2.397e-01      
      1252      2.484e-01      
      1258      3.330e-01      
      1259      3.553e-01      
      1346      2.590e-01      
      1347      2.268e-01      
      1352      1.344e-01      
      1353      1.211e-01      
      1993      2.141e-01      
      1994      2.803e-01      
      1997      1.804e-01      
      1998      1.100e-01      
      2198      1.945e-01      
      2199      2.740e-01      
      2204      1.749e-01      
      2205      1.199e-01      
      3397      1.421e-01      
      3398      3.095e-01      
      3399      5.422e-01      
      3400      7.622e-01      
      3402      7.783e-01      
      3403      5.696e-01      
      3404      3.415e-01      
      3405      1.728e-01      
      3556      2.641e-01      
      3557      2.735e-01      
      3558      2.293e-01      
      3559      1.575e-01      


3624   1.575e-01