0.0      1.000e-01      
      1      1.000e-01      
      363      1.497e-01      
      364      2.001e-01      
      368      1.162e-01      
      369      1.000e-01      
      1064      1.286e-01      
      1065      2.815e-01      
      1066      5.070e-01      
      1067      7.400e-01      
      1068      8.750e-01      
      1069      8.441e-01      
      1070      6.740e-01      
      1071      4.569e-01      
      1072      2.739e-01      
      1073      1.542e-01      


3624   1.542e-01