0.0      1.000e-01      
      1      1.000e-01      
      35      1.418e-01      
      36      2.198e-01      
      40      1.616e-01      
      41      1.042e-01      
      368      1.407e-01      
      369      2.486e-01      
      370      3.548e-01      
      373      3.080e-01      
      374      2.102e-01      
      375      1.298e-01      
      376      1.000e-01      
      413      1.447e-01      
      414      2.230e-01      
      418      1.686e-01      
      419      1.113e-01      
      423      2.043e-01      
      424      4.103e-01      
      425      6.939e-01      
      426      9.581e-01      
      427      1.077e+00      
      428      9.931e-01      
      429      7.625e-01      
      430      5.002e-01      
      431      2.926e-01      
      432      1.626e-01      
      481      2.520e-01      
      482      2.634e-01      
      489      3.460e-01      
      490      3.705e-01      
      593      2.782e-01      
      594      2.624e-01      
      738      1.658e-01      
      739      1.605e-01      
      1068      2.391e-01      
      1069      4.482e-01      
      1070      6.743e-01      
      1071      8.189e-01      
      1072      8.097e-01      
      1073      6.614e-01      
      1074      4.573e-01      
      1075      2.784e-01      
      1076      1.582e-01      
      1206      2.062e-01      
      1207      5.079e-01      
      1208      1.002e+00      
      1209      1.601e+00      
      1210      2.099e+00      
      1211      2.309e+00      
      1212      2.197e+00      
      1213      1.872e+00      
      1214      1.481e+00      
      1215      1.115e+00      
      1216      8.083e-01      
      1217      5.636e-01      
      1218      3.754e-01      
      1219      2.385e-01      
      1220      1.460e-01      
      1221      1.000e-01      
      1300      1.824e-01      
      1301      2.051e-01      
      1388      1.057e-01      
      1389      1.000e-01      
      2097      1.425e-01      
      2098      2.459e-01      
      2099      3.520e-01      
      2103      2.850e-01      
      2104      1.917e-01      
      2197      2.131e-01      
      2198      4.243e-01      
      2199      7.299e-01      
      2200      1.069e+00      
      2201      1.316e+00      
      2202      1.352e+00      
      2203      1.162e+00      
      2204      8.452e-01      
      2205      5.347e-01      
      2206      3.071e-01      
      2207      1.701e-01      
      2411      2.203e-01      
      2412      3.037e-01      
      2413      4.540e-01      
      2414      6.635e-01      
      2415      8.598e-01      
      2417      8.893e-01      
      2418      7.218e-01      
      2419      5.247e-01      
      2420      3.573e-01      
      2421      2.401e-01      
      2422      1.677e-01      
      2423      1.256e-01      
      2568      1.849e-01      
      2569      2.320e-01      
      2573      1.565e-01      
      2574      1.236e-01      
      2948      1.060e-01      
      2949      2.478e-01      
      2950      4.603e-01      
      2951      6.817e-01      
      2952      8.089e-01      
      2953      7.759e-01      
      2954      6.113e-01      
      2955      4.066e-01      
      2956      2.389e-01      
      2957      1.326e-01      
      3141      1.874e-01      
      3142      2.467e-01      
      3145      1.727e-01      
      3146      1.202e-01      
      3149      1.752e-01      
      3150      2.467e-01      
      3154      1.649e-01      
      3155      1.053e-01      
      3395      1.781e-01      
      3396      3.485e-01      
      3397      5.523e-01      
      3398      7.137e-01      
      3400      6.730e-01      
      3401      5.075e-01      
      3402      3.354e-01      
      3403      2.027e-01      
      3404      1.183e-01      
      3405      1.000e-01      


3624   1.000e-01