0.0      1.000e-01      
      1      1.000e-01      
      423      1.777e-01      
      424      3.361e-01      
      425      5.529e-01      
      426      7.667e-01      
      427      8.839e-01      
      428      8.464e-01      
      429      6.826e-01      
      430      4.839e-01      
      431      3.315e-01      
      432      2.522e-01      
      433      2.290e-01      
      437      3.196e-01      
      438      3.566e-01      
      440      4.261e-01      
      441      4.582e-01      
      443      5.406e-01      
      444      6.024e-01      
      445      6.793e-01      
      446      7.661e-01      
      447      8.527e-01      
      448      9.251e-01      
      455      9.961e-01      
      456      1.040e+00      
      457      1.102e+00      
      458      1.169e+00      
      459      1.231e+00      
      460      1.284e+00      
      462      1.377e+00      
      463      1.424e+00      
      465      1.511e+00      
      466      1.551e+00      
      469      1.643e+00      
      470      1.653e+00      
      473      1.564e+00      
      474      1.490e+00      
      475      1.404e+00      
      476      1.315e+00      
      477      1.233e+00      
      478      1.165e+00      
      480      1.083e+00      
      481      1.062e+00      
      486      9.635e-01      
      487      9.429e-01      
      490      8.536e-01      
      491      8.235e-01      
      495      7.289e-01      
      496      6.959e-01      
      498      6.191e-01      
      499      5.793e-01      
      501      5.021e-01      
      502      4.709e-01      
      518      3.739e-01      
      519      3.551e-01      
      523      2.702e-01      
      524      2.458e-01      
      558      1.458e-01      
      559      1.396e-01      
      1068      1.767e-01      
      1069      3.506e-01      
      1070      5.506e-01      
      1071      6.855e-01      
      1072      6.780e-01      
      1073      5.344e-01      
      1074      3.370e-01      
      1075      1.713e-01      
      1207      2.630e-01      
      1208      5.640e-01      
      1209      9.794e-01      
      1210      1.393e+00      
      1211      1.645e+00      
      1212      1.645e+00      
      1213      1.423e+00      
      1214      1.093e+00      
      1215      7.712e-01      
      1216      5.231e-01      
      1217      3.704e-01      
      1223      4.592e-01      
      1224      4.749e-01      
      1227      5.705e-01      
      1228      6.315e-01      
      1229      7.011e-01      
      1230      7.753e-01      
      1231      8.537e-01      
      1232      9.393e-01      
      1233      1.035e+00      
      1234      1.138e+00      
      1235      1.239e+00      
      1236      1.322e+00      
      1237      1.371e+00      
      1239      1.335e+00      
      1240      1.261e+00      
      1241      1.172e+00      
      1242      1.088e+00      
      1243      1.024e+00      
      1244      9.852e-01      
      1265      8.951e-01      
      1266      8.358e-01      
      1267      7.774e-01      
      1268      7.290e-01      
      1288      6.453e-01      
      1289      6.183e-01      
      1291      5.461e-01      
      1292      5.075e-01      
      1314      4.095e-01      
      1315      3.818e-01      
      1359      2.897e-01      
      1360      2.776e-01      
      1380      3.773e-01      
      1381      3.885e-01      
      1386      3.176e-01      
      1387      2.824e-01      
      1394      1.854e-01      
      1395      1.689e-01      
      2097      2.015e-01      
      2098      3.449e-01      
      2099      4.675e-01      
      2101      4.269e-01      
      2102      2.884e-01      
      2103      1.557e-01      
      2197      2.484e-01      
      2198      5.192e-01      
      2199      8.817e-01      
      2200      1.212e+00      
      2201      1.345e+00      
      2202      1.205e+00      
      2203      8.726e-01      
      2204      5.135e-01      
      2205      2.486e-01      
      2206      1.016e-01      
      2410      1.541e-01      
      2411      2.153e-01      
      2412      3.732e-01      
      2413      7.159e-01      
      2414      1.238e+00      
      2415      1.757e+00      
      2416      1.993e+00      
      2417      1.805e+00      
      2418      1.320e+00      
      2419      7.982e-01      
      2420      4.188e-01      
      2421      2.093e-01      
      2422      1.189e-01      
      2423      1.000e-01      
      2428      1.742e-01      
      2429      2.060e-01      
      2432      2.889e-01      
      2433      3.074e-01      
      2438      4.065e-01      
      2439      4.210e-01      
      2446      5.023e-01      
      2447      5.384e-01      
      2449      6.123e-01      
      2450      6.439e-01      
      2463      5.792e-01      
      2464      5.400e-01      
      2466      4.593e-01      
      2467      4.307e-01      
      2477      3.336e-01      
      2478      3.305e-01      
      2488      2.471e-01      
      2489      2.107e-01      
      2514      1.240e-01      
      2515      1.001e-01      
      2949      1.347e-01      
      2950      2.536e-01      
      2951      3.730e-01      
      2954      2.739e-01      
      2955      1.538e-01      
      3396      1.304e-01      
      3397      2.630e-01      
      3398      4.332e-01      
      3399      5.826e-01      
      3401      5.753e-01      
      3402      4.223e-01      
      3403      2.536e-01      
      3404      1.252e-01      


3624   1.252e-01