0.0      1.000e-01      
      1      1.000e-01      
      37      1.827e-01      
      38      2.226e-01      
      42      1.463e-01      
      43      1.156e-01      
      368      1.284e-01      
      369      2.210e-01      
      370      3.367e-01      
      371      4.336e-01      
      372      4.696e-01      
      373      4.361e-01      
      374      3.609e-01      
      375      2.804e-01      
      376      2.153e-01      
      390      2.985e-01      
      391      3.192e-01      
      395      4.161e-01      
      396      4.451e-01      
      398      5.177e-01      
      399      5.565e-01      
      401      6.351e-01      
      402      6.755e-01      
      404      7.493e-01      
      405      7.775e-01      
      412      8.401e-01      
      413      8.984e-01      
      414      9.824e-01      
      415      1.068e+00      
      422      1.152e+00      
      423      1.285e+00      
      424      1.502e+00      
      425      1.776e+00      
      426      2.023e+00      
      427      2.148e+00      
      428      2.118e+00      
      429      1.977e+00      
      430      1.805e+00      
      431      1.667e+00      
      432      1.588e+00      
      433      1.562e+00      
      449      1.486e+00      
      450      1.445e+00      
      452      1.358e+00      
      453      1.319e+00      
      455      1.248e+00      
      456      1.202e+00      
      457      1.143e+00      
      458      1.075e+00      
      459      1.007e+00      
      460      9.512e-01      
      476      8.559e-01      
      477      8.402e-01      
      499      7.549e-01      
      500      7.325e-01      
      505      6.461e-01      
      506      6.303e-01      
      510      5.413e-01      
      511      5.165e-01      
      515      4.267e-01      
      516      4.088e-01      
      523      3.157e-01      
      524      3.029e-01      
      548      2.080e-01      
      549      2.028e-01      
      596      1.038e-01      
      597      1.000e-01      
      1068      1.047e-01      
      1069      2.028e-01      
      1070      3.652e-01      
      1071      5.580e-01      
      1072      7.024e-01      
      1074      6.246e-01      
      1075      4.588e-01      
      1076      3.018e-01      
      1077      1.908e-01      
      1207      2.050e-01      
      1208      4.064e-01      
      1209      7.310e-01      
      1210      1.123e+00      
      1211      1.453e+00      
      1212      1.592e+00      
      1213      1.500e+00      
      1214      1.248e+00      
      1215      9.511e-01      
      1216      7.063e-01      
      1217      5.565e-01      
      1220      5.895e-01      
      1221      6.893e-01      
      1222      8.033e-01      
      1223      9.180e-01      
      1224      1.024e+00      
      1225      1.116e+00      
      1226      1.197e+00      
      1227      1.270e+00      
      1228      1.339e+00      
      1229      1.403e+00      
      1230      1.464e+00      
      1231      1.527e+00      
      1232      1.595e+00      
      1233      1.665e+00      
      1234      1.729e+00      
      1241      1.640e+00      
      1242      1.578e+00      
      1243      1.512e+00      
      1244      1.446e+00      
      1245      1.381e+00      
      1246      1.320e+00      
      1247      1.264e+00      
      1248      1.211e+00      
      1249      1.157e+00      
      1250      1.100e+00      
      1251      1.038e+00      
      1252      9.742e-01      
      1253      9.147e-01      
      1254      8.651e-01      
      1259      7.656e-01      
      1260      7.535e-01      
      1265      6.598e-01      
      1266      6.311e-01      
      1270      5.381e-01      
      1271      5.310e-01      
      1289      4.540e-01      
      1290      4.215e-01      
      1293      3.247e-01      
      1294      3.005e-01      
      1315      2.039e-01      
      1316      1.890e-01      
      1606      2.290e-01      
      1607      3.090e-01      
      1612      2.151e-01      
      1613      1.786e-01      
      2097      1.705e-01      
      2098      2.787e-01      
      2099      4.182e-01      
      2100      5.406e-01      
      2103      4.474e-01      
      2104      3.284e-01      
      2105      2.298e-01      
      2106      1.628e-01      
      2196      1.801e-01      
      2197      3.332e-01      
      2198      6.516e-01      
      2199      1.234e+00      
      2200      2.121e+00      
      2201      3.152e+00      
      2202      3.933e+00      
      2203      4.072e+00      
      2204      3.512e+00      
      2205      2.592e+00      
      2206      1.757e+00      
      2207      1.258e+00      
      2208      1.093e+00      
      2209      1.143e+00      
      2210      1.283e+00      
      2211      1.436e+00      
      2212      1.567e+00      
      2213      1.670e+00      
      2214      1.755e+00      
      2215      1.835e+00      
      2216      1.918e+00      
      2217      2.009e+00      
      2218      2.104e+00      
      2219      2.188e+00      
      2225      2.089e+00      
      2226      2.024e+00      
      2227      1.963e+00      
      2228      1.901e+00      
      2229      1.831e+00      
      2230      1.750e+00      
      2231      1.659e+00      
      2232      1.565e+00      
      2233      1.472e+00      
      2234      1.382e+00      
      2235      1.294e+00      
      2236      1.211e+00      
      2237      1.135e+00      
      2238      1.068e+00      
      2239      1.012e+00      
      2240      9.672e-01      
      2244      8.707e-01      
      2245      8.584e-01      
      2250      7.725e-01      
      2251      7.496e-01      
      2266      6.655e-01      
      2267      6.464e-01      
      2274      5.489e-01      
      2275      5.303e-01      
      2285      4.332e-01      
      2286      4.301e-01      
      2296      3.334e-01      
      2297      3.128e-01      
      2302      2.148e-01      
      2303      2.030e-01      
      2328      1.034e-01      
      2329      1.013e-01      
      2406      1.562e-01      
      2407      2.314e-01      
      2408      3.640e-01      
      2409      5.436e-01      
      2410      7.292e-01      
      2411      8.701e-01      
      2419      7.715e-01      
      2420      7.400e-01      
      2424      8.269e-01      
      2425      8.947e-01      
      2426      9.695e-01      
      2427      1.044e+00      
      2428      1.112e+00      
      2429      1.171e+00      
      2431      1.252e+00      
      2432      1.273e+00      
      2439      1.188e+00      
      2440      1.160e+00      
      2442      1.087e+00      
      2443      1.042e+00      
      2445      9.571e-01      
      2446      9.303e-01      
      2458      8.388e-01      
      2459      8.168e-01      
      2463      7.386e-01      
      2464      7.150e-01      
      2467      6.286e-01      
      2468      5.987e-01      
      2483      4.987e-01      
      2484      4.936e-01      
      2490      4.055e-01      
      2491      3.817e-01      
      2497      2.844e-01      
      2498      2.780e-01      
      2515      1.902e-01      
      2516      1.754e-01      
      2569      2.378e-01      
      2570      3.393e-01      
      2571      4.351e-01      
      2572      4.845e-01      
      2574      4.049e-01      
      2575      3.297e-01      
      2577      2.377e-01      
      2578      2.240e-01      
      2633      1.262e-01      
      2634      1.173e-01      
      3143      1.627e-01      
      3144      2.405e-01      
      3145      3.134e-01      
      3146      3.534e-01      
      3149      2.621e-01      
      3150      2.209e-01      
      3153      1.252e-01      
      3154      1.006e-01      
      3344      1.118e-01      
      3345      2.316e-01      
      3346      4.745e-01      
      3347      8.401e-01      
      3348      1.224e+00      
      3349      1.449e+00      
      3350      1.399e+00      
      3351      1.116e+00      
      3352      7.577e-01      
      3353      4.612e-01      
      3354      2.737e-01      
      3355      1.743e-01      
      3356      1.264e-01      
      3366      2.203e-01      
      3367      2.404e-01      
      3369      3.306e-01      
      3370      4.223e-01      
      3371      5.371e-01      
      3372      6.412e-01      
      3388      7.145e-01      
      3389      7.506e-01      
      3391      8.136e-01      
      3392      8.625e-01      
      3393      9.628e-01      
      3394      1.148e+00      
      3395      1.419e+00      
      3396      1.715e+00      
      3397      1.926e+00      
      3399      1.836e+00      
      3400      1.619e+00      
      3401      1.415e+00      
      3402      1.276e+00      
      3403      1.201e+00      
      3404      1.164e+00      
      3411      1.241e+00      
      3412      1.296e+00      
      3414      1.380e+00      
      3415      1.397e+00      
      3418      1.456e+00      
      3419      1.532e+00      
      3420      1.629e+00      
      3421      1.711e+00      
      3424      1.673e+00      
      3425      1.601e+00      
      3426      1.532e+00      
      3427      1.490e+00      
      3428      1.505e+00      
      3429      1.604e+00      
      3430      1.775e+00      
      3431      1.955e+00      
      3432      2.068e+00      
      3434      2.013e+00      
      3435      1.922e+00      
      3436      1.846e+00      
      3437      1.797e+00      
      3441      1.711e+00      
      3442      1.688e+00      
      3448      1.635e+00      
      3449      1.573e+00      
      3450      1.486e+00      
      3451      1.379e+00      
      3452      1.264e+00      
      3453      1.155e+00      
      3454      1.067e+00      
      3455      1.007e+00      
      3458      9.236e-01      
      3459      9.003e-01      
      3462      8.123e-01      
      3463      7.833e-01      
      3468      6.903e-01      
      3469      6.793e-01      
      3472      6.194e-01      
      3473      5.769e-01      
      3474      5.223e-01      
      3475      4.629e-01      
      3477      3.672e-01      
      3478      3.420e-01      
      3523      2.564e-01      
      3524      2.318e-01      
      3543      1.359e-01      
      3544      1.298e-01      
      3548      1.840e-01      
      3549      3.557e-01      
      3550      7.737e-01      
      3551      1.560e+00      
      3552      2.683e+00      
      3553      3.834e+00      
      3554      4.555e+00      
      3555      4.581e+00      
      3556      4.070e+00      
      3557      3.427e+00      
      3558      2.963e+00      
      3559      2.746e+00      
      3562      2.839e+00      
      3563      2.966e+00      
      3564      3.106e+00      
      3565      3.248e+00      
      3566      3.381e+00      
      3567      3.498e+00      
      3568      3.594e+00      
      3569      3.662e+00      
      3573      3.574e+00      
      3574      3.501e+00      
      3575      3.426e+00      
      3576      3.352e+00      
      3577      3.277e+00      
      3578      3.202e+00      
      3579      3.128e+00      
      3580      3.057e+00      
      3581      2.984e+00      
      3582      2.908e+00      
      3583      2.827e+00      
      3584      2.743e+00      
      3585      2.657e+00      
      3586      2.568e+00      
      3587      2.470e+00      
      3588      2.356e+00      
      3589      2.224e+00      
      3590      2.073e+00      
      3591      1.911e+00      
      3592      1.746e+00      
      3593      1.588e+00      
      3594      1.444e+00      
      3595      1.316e+00      
      3596      1.202e+00      
      3597      1.103e+00      
      3598      1.020e+00      
      3599      9.565e-01      
      3600      9.129e-01      
      3608      8.189e-01      
      3609      8.039e-01      
      3614      7.462e-01      
      3615      6.985e-01      
      3616      6.308e-01      
      3617      5.525e-01      
      3618      4.787e-01      
      3619      4.224e-01      


3624   4.224e-01