0.0      1.000e-01      
      1      1.000e-01      
      416      1.967e-01      
      417      2.308e-01      
      419      1.713e-01      
      420      1.137e-01      
      425      1.738e-01      
      426      3.034e-01      
      427      4.357e-01      
      430      3.826e-01      
      431      2.529e-01      
      432      1.452e-01      
      1208      1.521e-01      
      1209      3.040e-01      
      1210      4.969e-01      
      1211      6.764e-01      
      1212      7.869e-01      
      1214      7.577e-01      
      1215      6.652e-01      
      1216      5.534e-01      
      1217      4.364e-01      
      1218      3.253e-01      
      1219      2.299e-01      
      1220      1.554e-01      
      2197      1.427e-01      
      2198      2.627e-01      
      2199      4.080e-01      
      2200      5.414e-01      
      2203      5.576e-01      
      2204      4.351e-01      
      2205      2.975e-01      
      2206      1.793e-01      
      3395      1.431e-01      
      3396      3.219e-01      
      3397      6.433e-01      
      3398      1.128e+00      
      3399      1.705e+00      
      3400      2.185e+00      
      3401      2.349e+00      
      3402      2.109e+00      
      3403      1.586e+00      
      3404      1.010e+00      
      3405      5.564e-01      
      3406      2.746e-01      
      3407      1.279e-01      
      3555      1.787e-01      
      3556      2.354e-01      
      3559      1.610e-01      
      3560      1.023e-01      


3624   1.023e-01