0.0      1.000e-01      
      1      1.000e-01      
      35      1.470e-01      
      36      2.149e-01      
      40      1.637e-01      
      41      1.134e-01      
      359      1.957e-01      
      360      3.899e-01      
      361      6.791e-01      
      362      1.030e+00      
      363      1.344e+00      
      364      1.488e+00      
      365      1.388e+00      
      366      1.097e+00      
      367      7.483e-01      
      368      4.581e-01      
      369      2.670e-01      
      370      1.583e-01      
      1065      2.311e-01      
      1066      4.608e-01      
      1067      7.534e-01      
      1068      1.009e+00      
      1069      1.111e+00      
      1070      1.016e+00      
      1071      7.846e-01      
      1072      5.276e-01      
      1073      3.241e-01      
      1074      1.937e-01      
      2197      2.925e-01      
      2198      3.889e-01      
      2202      3.654e-01      
      2203      2.879e-01      
      2204      2.119e-01      
      2205      1.486e-01      


3624   1.486e-01