0.0      1.400e-01      
      1      1.400e-01      
      33      2.002e-01      
      34      3.188e-01      
      35      5.670e-01      
      36      9.649e-01      
      37      1.442e+00      
      38      1.841e+00      
      39      2.002e+00      
      40      1.865e+00      
      41      1.504e+00      
      42      1.073e+00      
      43      7.099e-01      
      44      4.773e-01      
      45      3.620e-01      
      55      4.594e-01      
      56      4.717e-01      
      64      3.784e-01      
      65      3.628e-01      
      71      2.638e-01      
      72      2.614e-01      
      173      1.724e-01      
      174      1.603e-01      
      187      2.588e-01      
      188      2.632e-01      
      229      1.724e-01      
      230      1.603e-01      
      297      2.098e-01      
      298      2.856e-01      
      299      3.848e-01      
      300      4.751e-01      
      303      4.331e-01      
      304      3.512e-01      
      305      2.781e-01      
      306      2.236e-01      
      370      2.970e-01      
      371      4.098e-01      
      372      5.329e-01      
      373      6.212e-01      
      374      6.399e-01      
      375      5.925e-01      
      376      5.135e-01      
      377      4.361e-01      
      378      3.746e-01      
      381      2.750e-01      
      382      2.627e-01      
      390      3.577e-01      
      391      4.391e-01      
      392      5.755e-01      
      393      7.612e-01      
      394      9.520e-01      
      395      1.085e+00      
      398      1.013e+00      
      399      9.232e-01      
      400      8.370e-01      
      401      7.681e-01      
      412      7.975e-01      
      413      9.139e-01      
      414      1.147e+00      
      415      1.515e+00      
      416      1.990e+00      
      417      2.505e+00      
      418      2.971e+00      
      419      3.311e+00      
      420      3.495e+00      
      421      3.570e+00      
      422      3.649e+00      
      423      3.819e+00      
      424      4.050e+00      
      425      4.201e+00      
      426      4.140e+00      
      427      3.873e+00      
      428      3.539e+00      
      429      3.288e+00      
      430      3.176e+00      
      435      3.257e+00      
      436      3.311e+00      
      437      3.386e+00      
      438      3.477e+00      
      439      3.576e+00      
      440      3.672e+00      
      441      3.757e+00      
      442      3.831e+00      
      443      3.902e+00      
      444      3.993e+00      
      445      4.141e+00      
      446      4.371e+00      
      447      4.668e+00      
      448      4.960e+00      
      449      5.152e+00      
      451      5.081e+00      
      452      4.898e+00      
      453      4.707e+00      
      454      4.542e+00      
      455      4.405e+00      
      456      4.282e+00      
      457      4.156e+00      
      458      4.023e+00      
      459      3.889e+00      
      460      3.760e+00      
      461      3.641e+00      
      462      3.533e+00      
      463      3.436e+00      
      464      3.346e+00      
      465      3.261e+00      
      466      3.180e+00      
      467      3.102e+00      
      468      3.027e+00      
      469      2.949e+00      
      470      2.864e+00      
      471      2.766e+00      
      472      2.651e+00      
      473      2.521e+00      
      474      2.384e+00      
      475      2.258e+00      
      476      2.159e+00      
      477      2.105e+00      
      478      2.119e+00      
      479      2.227e+00      
      480      2.441e+00      
      481      2.726e+00      
      482      3.016e+00      
      483      3.295e+00      
      484      3.623e+00      
      485      4.048e+00      
      486      4.477e+00      
      487      4.705e+00      
      488      4.614e+00      
      489      4.293e+00      
      490      3.943e+00      
      491      3.703e+00      
      492      3.594e+00      
      498      3.496e+00      
      499      3.411e+00      
      500      3.305e+00      
      501      3.191e+00      
      502      3.085e+00      
      503      2.995e+00      
      504      2.917e+00      
      505      2.841e+00      
      506      2.764e+00      
      507      2.689e+00      
      508      2.623e+00      
      510      2.524e+00      
      511      2.477e+00      
      512      2.418e+00      
      513      2.342e+00      
      514      2.253e+00      
      515      2.159e+00      
      516      2.070e+00      
      517      1.990e+00      
      518      1.917e+00      
      519      1.845e+00      
      520      1.766e+00      
      521      1.680e+00      
      522      1.591e+00      
      523      1.511e+00      
      524      1.446e+00      
      525      1.397e+00      
      528      1.306e+00      
      529      1.294e+00      
      543      1.218e+00      
      544      1.193e+00      
      568      1.119e+00      
      569      1.085e+00      
      571      1.008e+00      
      572      9.745e-01      
      592      9.036e-01      
      593      8.656e-01      
      595      7.833e-01      
      596      7.425e-01      
      599      6.486e-01      
      600      6.339e-01      
      620      5.483e-01      
      621      5.312e-01      
      666      4.361e-01      
      667      4.147e-01      
      714      3.279e-01      
      715      3.055e-01      
      809      2.100e-01      
      810      1.900e-01      
      854      2.889e-01      
      855      2.901e-01      
      858      2.122e-01      
      859      1.838e-01      
      1067      1.879e-01      
      1068      3.176e-01      
      1069      6.635e-01      
      1070      1.369e+00      
      1071      2.438e+00      
      1072      3.574e+00      
      1073      4.254e+00      
      1074      4.112e+00      
      1075      3.256e+00      
      1076      2.153e+00      
      1077      1.236e+00      
      1078      6.617e-01      
      1079      3.717e-01      
      1080      2.450e-01      
      1120      1.460e-01      
      1121      1.440e-01      
      1209      2.264e-01      
      1210      2.981e-01      
      1211      3.883e-01      
      1212      4.892e-01      
      1213      6.008e-01      
      1214      7.307e-01      
      1215      8.860e-01      
      1216      1.064e+00      
      1217      1.241e+00      
      1218      1.375e+00      
      1220      1.366e+00      
      1221      1.258e+00      
      1222      1.157e+00      
      1224      1.061e+00      
      1225      1.020e+00      
      1226      9.548e-01      
      1227      8.798e-01      
      1233      9.733e-01      
      1234      1.013e+00      
      1243      9.147e-01      
      1244      8.788e-01      
      1256      7.899e-01      
      1257      7.686e-01      
      1260      6.866e-01      
      1261      6.666e-01      
      1267      5.688e-01      
      1268      5.491e-01      
      1288      4.715e-01      
      1289      4.463e-01      
      1294      3.468e-01      
      1295      3.461e-01      
      1407      2.474e-01      
      1408      2.336e-01      
      1538      2.378e-01      
      1539      3.703e-01      
      1540      6.005e-01      
      1541      8.932e-01      
      1542      1.136e+00      
      1544      1.060e+00      
      1545      7.935e-01      
      1546      5.309e-01      
      1547      3.475e-01      
      1548      2.473e-01      
      1553      3.173e-01      
      1554      4.953e-01      
      1555      7.492e-01      
      1556      1.019e+00      
      1557      1.216e+00      
      1559      1.177e+00      
      1560      9.732e-01      
      1561      7.424e-01      
      1562      5.578e-01      
      1563      4.512e-01      
      1569      5.219e-01      
      1570      5.637e-01      
      1571      6.152e-01      
      1572      6.679e-01      
      1575      7.451e-01      
      1576      7.772e-01      
      1577      8.396e-01      
      1578      9.264e-01      
      1579      1.015e+00      
      1580      1.074e+00      
      1582      1.016e+00      
      1583      9.222e-01      
      1584      8.304e-01      
      1585      7.614e-01      
      1587      6.785e-01      
      1588      6.481e-01      
      1596      5.529e-01      
      1597      5.421e-01      
      1601      4.475e-01      
      1602      4.321e-01      
      1604      4.945e-01      
      1605      6.728e-01      
      1606      1.057e+00      
      1607      1.654e+00      
      1608      2.286e+00      
      1609      2.647e+00      
      1610      2.545e+00      
      1611      2.080e+00      
      1612      1.539e+00      
      1613      1.142e+00      
      1614      9.401e-01      
      1624      8.787e-01      
      1625      8.353e-01      
      1627      7.547e-01      
      1628      7.253e-01      
      1646      6.272e-01      
      1647      6.138e-01      
      1652      6.181e-01      
      1653      7.186e-01      
      1654      8.637e-01      
      1655      1.023e+00      
      1656      1.147e+00      
      1658      1.122e+00      
      1659      9.993e-01      
      1660      8.753e-01      
      1661      7.891e-01      
      1662      7.448e-01      
      1673      8.444e-01      
      1674      8.590e-01      
      1679      7.856e-01      
      1680      7.589e-01      
      1689      6.625e-01      
      1690      6.490e-01      
      1694      5.550e-01      
      1695      5.373e-01      
      1723      4.561e-01      
      1724      4.338e-01      
      1771      3.462e-01      
      1772      3.265e-01      
      1841      2.376e-01      
      1842      2.165e-01      
      1992      2.970e-01      
      1993      5.760e-01      
      1994      1.133e+00      
      1995      1.948e+00      
      1996      2.755e+00      
      1997      3.140e+00      
      1998      2.878e+00      
      1999      2.142e+00      
      2000      1.332e+00      
      2001      7.373e-01      
      2002      4.084e-01      
      2003      2.607e-01      
      2007      1.628e-01      
      2008      1.606e-01      
      2102      1.986e-01      
      2103      2.789e-01      
      2104      4.020e-01      
      2105      5.368e-01      
      2106      6.311e-01      
      2107      6.523e-01      
      2108      6.119e-01      
      2109      5.426e-01      
      2110      4.649e-01      
      2111      3.840e-01      
      2112      3.058e-01      
      2113      2.411e-01      
      2137      1.422e-01      
      2138      1.410e-01      
      2193      1.681e-01      
      2194      2.494e-01      
      2195      4.806e-01      
      2196      9.936e-01      
      2197      1.874e+00      
      2198      3.049e+00      
      2199      4.337e+00      
      2200      5.707e+00      
      2201      7.445e+00      
      2202      9.751e+00      
      2203      1.207e+01      
      2204      1.316e+01      
      2205      1.216e+01      
      2206      9.473e+00      
      2207      6.428e+00      
      2208      4.122e+00      
      2209      2.872e+00      
      2210      2.446e+00      
      2211      2.492e+00      
      2212      2.768e+00      
      2213      3.142e+00      
      2214      3.551e+00      
      2215      3.956e+00      
      2216      4.333e+00      
      2217      4.665e+00      
      2218      4.953e+00      
      2219      5.202e+00      
      2220      5.420e+00      
      2221      5.609e+00      
      2222      5.762e+00      
      2223      5.873e+00      
      2228      5.819e+00      
      2229      5.725e+00      
      2230      5.627e+00      
      2231      5.539e+00      
      2232      5.463e+00      
      2233      5.388e+00      
      2234      5.297e+00      
      2235      5.178e+00      
      2236      5.034e+00      
      2237      4.878e+00      
      2238      4.726e+00      
      2239      4.589e+00      
      2240      4.472e+00      
      2241      4.371e+00      
      2242      4.272e+00      
      2243      4.164e+00      
      2244      4.038e+00      
      2245      3.894e+00      
      2246      3.732e+00      
      2247      3.552e+00      
      2248      3.356e+00      
      2249      3.147e+00      
      2250      2.936e+00      
      2251      2.737e+00      
      2252      2.564e+00      
      2253      2.429e+00      
      2254      2.337e+00      
      2255      2.286e+00      
      2260      2.203e+00      
      2261      2.174e+00      
      2266      2.084e+00      
      2267      2.052e+00      
      2269      1.952e+00      
      2270      1.882e+00      
      2271      1.801e+00      
      2272      1.711e+00      
      2273      1.617e+00      
      2274      1.520e+00      
      2275      1.422e+00      
      2276      1.328e+00      
      2277      1.250e+00      
      2278      1.196e+00      
      2284      1.282e+00      
      2285      1.303e+00      
      2295      1.235e+00      
      2296      1.187e+00      
      2297      1.127e+00      
      2298      1.061e+00      
      2299      9.991e-01      
      2300      9.487e-01      
      2319      8.736e-01      
      2320      8.474e-01      
      2322      7.618e-01      
      2323      7.116e-01      
      2344      6.246e-01      
      2345      5.884e-01      
      2348      4.933e-01      
      2349      4.765e-01      
      2358      5.757e-01      
      2359      5.787e-01      
      2368      5.052e-01      
      2369      4.720e-01      
      2373      3.725e-01      
      2374      3.681e-01      
      2380      4.597e-01      
      2381      4.691e-01      
      2394      3.761e-01      
      2395      3.628e-01      
      2413      4.594e-01      
      2414      6.023e-01      
      2415      8.811e-01      
      2416      1.297e+00      
      2417      1.760e+00      
      2418      2.113e+00      
      2419      2.234e+00      
      2420      2.111e+00      
      2421      1.825e+00      
      2422      1.477e+00      
      2423      1.149e+00      
      2424      8.901e-01      
      2425      7.196e-01      
      2426      6.324e-01      
      2427      6.066e-01      
      2430      6.868e-01      
      2431      7.277e-01      
      2433      8.071e-01      
      2434      8.416e-01      
      2443      7.432e-01      
      2444      7.037e-01      
      2462      6.252e-01      
      2463      5.930e-01      
      2465      5.128e-01      
      2466      4.690e-01      
      2488      3.748e-01      
      2489      3.656e-01      
      2515      2.703e-01      
      2516      2.601e-01      
      2539      3.040e-01      
      2540      3.802e-01      
      2541      5.058e-01      
      2542      6.520e-01      
      2543      7.561e-01      
      2545      6.816e-01      
      2546      5.583e-01      
      2547      4.530e-01      
      2555      3.584e-01      
      2556      3.507e-01      
      2563      4.239e-01      
      2564      7.181e-01      
      2565      1.269e+00      
      2566      2.024e+00      
      2567      2.724e+00      
      2568      3.026e+00      
      2569      2.774e+00      
      2570      2.140e+00      
      2571      1.461e+00      
      2572      9.750e-01      
      2573      7.312e-01      
      2575      7.638e-01      
      2576      9.926e-01      
      2577      1.357e+00      
      2578      1.775e+00      
      2579      2.085e+00      
      2581      1.993e+00      
      2582      1.740e+00      
      2583      1.549e+00      
      2585      1.587e+00      
      2586      1.760e+00      
      2587      1.930e+00      
      2602      1.869e+00      
      2603      1.828e+00      
      2605      1.732e+00      
      2606      1.672e+00      
      2607      1.599e+00      
      2608      1.513e+00      
      2609      1.425e+00      
      2610      1.346e+00      
      2611      1.286e+00      
      2612      1.243e+00      
      2614      1.176e+00      
      2615      1.142e+00      
      2622      1.049e+00      
      2623      1.040e+00      
      2630      9.694e-01      
      2631      9.309e-01      
      2632      8.788e-01      
      2633      8.170e-01      
      2634      7.520e-01      
      2635      6.911e-01      
      2637      6.058e-01      
      2638      5.873e-01      
      2644      6.831e-01      
      2645      6.921e-01      
      2656      6.121e-01      
      2657      5.696e-01      
      2659      4.837e-01      
      2660      4.504e-01      
      2683      3.602e-01      
      2684      3.340e-01      
      2753      2.376e-01      
      2754      2.173e-01      
      2944      2.705e-01      
      2945      4.494e-01      
      2946      7.308e-01      
      2947      1.039e+00      
      2948      1.243e+00      
      2950      1.274e+00      
      2951      1.364e+00      
      2952      1.597e+00      
      2953      1.811e+00      
      2954      1.795e+00      
      2955      1.498e+00      
      2956      1.056e+00      
      2957      6.580e-01      
      2958      3.962e-01      
      2959      2.607e-01      
      2964      1.613e-01      
      2965      1.604e-01      
      3148      2.080e-01      
      3149      3.056e-01      
      3150      4.557e-01      
      3151      6.126e-01      
      3154      5.383e-01      
      3155      3.915e-01      
      3156      2.792e-01      
      3158      1.800e-01      
      3159      1.638e-01      
      3348      2.400e-01      
      3349      3.826e-01      
      3350      6.004e-01      
      3351      8.246e-01      
      3352      9.408e-01      
      3353      8.815e-01      
      3354      6.902e-01      
      3355      4.764e-01      
      3356      3.226e-01      
      3362      2.295e-01      
      3363      2.048e-01      
      3398      2.705e-01      
      3399      3.651e-01      
      3400      4.707e-01      
      3401      5.655e-01      
      3402      6.258e-01      
      3404      5.648e-01      
      3405      4.560e-01      
      3406      3.424e-01      
      3407      2.549e-01      
      3408      2.010e-01      
      3430      2.765e-01      
      3431      4.727e-01      
      3432      7.752e-01      
      3433      1.092e+00      
      3434      1.266e+00      
      3435      1.197e+00      
      3436      9.381e-01      
      3437      6.355e-01      
      3438      4.037e-01      
      3439      2.690e-01      
      3441      1.740e-01      
      3442      1.600e-01      
      3551      2.473e-01      
      3552      4.837e-01      
      3553      1.008e+00      
      3554      1.873e+00      
      3555      2.889e+00      
      3556      3.634e+00      
      3557      3.737e+00      
      3558      3.194e+00      
      3559      2.336e+00      
      3560      1.522e+00      
      3561      9.298e-01      
      3562      5.613e-01      
      3563      3.544e-01      
      3564      2.478e-01      
      3572      1.486e-01      
      3573      1.473e-01      


3624   1.473e-01