0.0      1.000e-01      
      1      1.000e-01      
      362      1.361e-01      
      363      3.131e-01      
      364      5.926e-01      
      365      9.242e-01      
      366      1.194e+00      
      368      1.180e+00      
      369      9.366e-01      
      370      6.625e-01      
      371      4.339e-01      
      372      2.749e-01      
      373      1.757e-01      
      374      1.164e-01      
      1071      2.010e-01      
      1072      2.226e-01      
      1075      1.562e-01      
      1076      1.204e-01      
      1207      1.758e-01      
      1208      3.124e-01      
      1209      4.585e-01      
      1210      5.611e-01      
      1212      5.171e-01      
      1213      4.077e-01      
      1214      2.943e-01      
      1215      2.022e-01      
      1216      1.372e-01      
      2198      1.757e-01      
      2199      3.012e-01      
      2200      4.521e-01      
      2201      5.907e-01      
      2204      5.603e-01      
      2205      4.306e-01      
      2206      3.067e-01      
      2207      2.102e-01      
      2208      1.429e-01      
      2563      1.766e-01      
      2564      3.743e-01      
      2565      6.563e-01      
      2566      9.587e-01      
      2567      1.176e+00      
      2569      1.099e+00      
      2570      8.667e-01      
      2571      6.166e-01      
      2572      4.096e-01      
      2573      2.641e-01      
      2574      1.715e-01      
      2575      1.150e-01      


3624   1.150e-01