0.0      1.000e-01      
      1      1.000e-01      
      413      1.428e-01      
      414      2.006e-01      
      415      2.900e-01      
      416      3.901e-01      
      420      3.520e-01      
      421      2.878e-01      
      428      3.716e-01      
      429      3.955e-01      
      434      4.772e-01      
      435      5.037e-01      
      437      5.787e-01      
      438      6.228e-01      
      440      7.008e-01      
      441      7.302e-01      
      445      8.215e-01      
      446      8.570e-01      
      448      9.487e-01      
      449      9.843e-01      
      489      8.889e-01      
      490      8.682e-01      
      494      7.926e-01      
      495      7.515e-01      
      497      6.568e-01      
      498      6.175e-01      
      501      5.227e-01      
      502      4.901e-01      
      505      4.004e-01      
      506      3.778e-01      
      513      2.820e-01      
      514      2.741e-01      
      522      1.897e-01      
      523      1.582e-01      
      1071      2.260e-01      
      1072      3.236e-01      
      1075      2.814e-01      
      1076      1.843e-01      
      2197      2.101e-01      
      2198      3.620e-01      
      2199      5.013e-01      
      2202      4.489e-01      
      2203      3.553e-01      
      2204      2.756e-01      
      2205      2.047e-01      
      2206      1.385e-01      
      2207      1.000e-01      
      2250      1.978e-01      
      2251      2.000e-01      
      2265      2.948e-01      
      2266      3.011e-01      
      2295      2.185e-01      
      2296      1.911e-01      


3624   1.911e-01