0.0      1.000e-01      
      1      1.000e-01      
      423      1.113e-01      
      424      2.088e-01      
      425      3.574e-01      
      426      5.567e-01      
      427      7.955e-01      
      428      1.055e+00      
      429      1.316e+00      
      430      1.574e+00      
      431      1.831e+00      
      432      2.096e+00      
      433      2.373e+00      
      434      2.669e+00      
      435      2.989e+00      
      436      3.327e+00      
      437      3.656e+00      
      438      3.926e+00      
      439      4.087e+00      
      440      4.098e+00      
      441      3.940e+00      
      442      3.618e+00      
      443      3.175e+00      
      444      2.689e+00      
      445      2.254e+00      
      446      1.946e+00      
      447      1.804e+00      
      448      1.822e+00      
      449      1.952e+00      
      450      2.121e+00      
      451      2.255e+00      
      456      2.169e+00      
      457      2.109e+00      
      458      2.057e+00      
      459      2.008e+00      
      460      1.949e+00      
      461      1.876e+00      
      462      1.790e+00      
      463      1.699e+00      
      464      1.607e+00      
      465      1.518e+00      
      466      1.425e+00      
      467      1.321e+00      
      468      1.201e+00      
      469      1.063e+00      
      470      9.083e-01      
      471      7.462e-01      
      472      5.904e-01      
      473      4.552e-01      
      474      3.495e-01      
      475      2.733e-01      
      476      2.219e-01      
      488      3.164e-01      
      489      3.453e-01      
      503      2.889e-01      
      504      2.314e-01      
      505      1.739e-01      
      506      1.272e-01      
      1069      1.399e-01      
      1070      2.675e-01      
      1071      4.016e-01      
      1074      3.332e-01      
      1075      2.031e-01      
      1076      1.042e-01      
      1077      1.000e-01      
      1208      1.614e-01      
      1209      3.225e-01      
      1210      5.204e-01      
      1211      6.940e-01      
      1212      7.919e-01      
      1213      8.045e-01      
      1214      7.516e-01      
      1215      6.568e-01      
      1216      5.502e-01      
      1219      6.394e-01      
      1220      9.612e-01      
      1221      1.473e+00      
      1222      2.143e+00      
      1223      2.879e+00      
      1224      3.573e+00      
      1225      4.163e+00      
      1226      4.671e+00      
      1227      5.174e+00      
      1228      5.741e+00      
      1229      6.370e+00      
      1230      6.970e+00      
      1231      7.386e+00      
      1232      7.477e+00      
      1233      7.203e+00      
      1234      6.652e+00      
      1235      5.987e+00      
      1236      5.344e+00      
      1237      4.784e+00      
      1238      4.295e+00      
      1239      3.839e+00      
      1240      3.381e+00      
      1241      2.905e+00      
      1242      2.410e+00      
      1243      1.921e+00      
      1244      1.472e+00      
      1245      1.097e+00      
      1246      8.153e-01      
      1247      6.243e-01      
      1248      5.133e-01      
      1252      5.802e-01      
      1253      6.163e-01      
      1256      5.191e-01      
      1257      4.429e-01      
      1258      3.681e-01      
      1259      3.093e-01      
      1272      2.131e-01      
      1273      1.794e-01      
      1992      1.884e-01      
      1993      3.053e-01      
      1994      3.937e-01      
      1995      4.055e-01      
      1996      3.355e-01      
      1997      2.254e-01      
      1998      1.254e-01      
      1999      1.000e-01      
      2198      1.567e-01      
      2199      2.305e-01      
      2203      1.787e-01      
      2204      1.259e-01      
      2457      1.434e-01      
      2458      2.519e-01      
      2459      3.616e-01      
      2465      2.944e-01      
      2466      2.512e-01      
      2467      1.999e-01      
      2468      1.462e-01      
      3397      2.445e-01      
      3398      5.007e-01      
      3399      8.143e-01      
      3400      1.054e+00      
      3401      1.089e+00      
      3402      9.022e-01      
      3403      6.040e-01      
      3404      3.319e-01      
      3405      1.544e-01      
      3591      1.499e-01      
      3592      2.620e-01      
      3593      4.190e-01      
      3594      5.656e-01      
      3597      5.101e-01      
      3598      3.822e-01      
      3599      2.674e-01      
      3600      1.818e-01      
      3601      1.251e-01      
      3608      2.242e-01      
      3609      2.762e-01      
      3611      3.701e-01      
      3612      4.177e-01      
      3614      5.024e-01      
      3615      5.197e-01      
      3617      4.660e-01      
      3618      4.032e-01      
      3619      3.342e-01      
      3620      2.725e-01      


3624   2.725e-01