0.0      1.000e-01      
      1      1.000e-01      
      1067      1.411e-01      
      1068      2.008e-01      
      1074      1.302e-01      
      1075      1.002e-01      
      1210      1.915e-01      
      1211      2.253e-01      
      1214      1.626e-01      
      1215      1.252e-01      
      2199      1.605e-01      
      2200      2.841e-01      
      2201      4.203e-01      
      2202      5.227e-01      
      2204      5.025e-01      
      2205      4.053e-01      
      2206      2.995e-01      
      2207      2.115e-01      
      2208      1.483e-01      
      2399      2.124e-01      
      2400      3.491e-01      
      2401      4.673e-01      
      2404      3.911e-01      
      2405      2.886e-01      
      2406      2.040e-01      
      2407      1.459e-01      
      2564      2.050e-01      
      2565      4.552e-01      
      2566      8.208e-01      
      2567      1.213e+00      
      2568      1.489e+00      
      2569      1.539e+00      
      2570      1.367e+00      
      2571      1.069e+00      
      2572      7.597e-01      
      2573      5.079e-01      
      2574      3.321e-01      
      2575      2.194e-01      
      2576      1.495e-01      
      2577      1.059e-01      
      3343      1.484e-01      
      3344      2.175e-01      
      3349      1.521e-01      
      3350      1.140e-01      


3624   1.140e-01