0.0      1.000e-01      
      1      1.000e-01      
      385      1.751e-01      
      386      2.027e-01      
      404      3.013e-01      
      405      3.062e-01      
      410      3.557e-01      
      411      4.116e-01      
      412      4.914e-01      
      413      5.724e-01      
      422      6.200e-01      
      423      7.140e-01      
      424      8.292e-01      
      425      9.299e-01      
      428      8.852e-01      
      429      8.126e-01      
      435      8.692e-01      
      436      9.197e-01      
      459      8.268e-01      
      460      8.194e-01      
      463      7.498e-01      
      464      7.192e-01      
      467      6.239e-01      
      468      5.910e-01      
      482      5.107e-01      
      483      4.775e-01      
      485      3.961e-01      
      486      3.596e-01      
      494      2.600e-01      
      495      2.400e-01      
      513      1.400e-01      
      514      1.225e-01      
      1070      2.045e-01      
      1071      2.484e-01      
      1073      1.969e-01      
      1074      1.271e-01      
      1208      2.131e-01      
      1209      3.445e-01      
      1210      4.668e-01      
      1214      4.146e-01      
      1215      3.257e-01      
      1216      2.508e-01      
      1217      2.006e-01      
      1221      2.512e-01      
      1222      3.055e-01      
      1223      3.642e-01      
      1224      4.231e-01      
      1225      4.800e-01      
      1226      5.326e-01      
      1228      6.148e-01      
      1229      6.414e-01      
      1265      5.631e-01      
      1266      5.219e-01      
      1268      4.364e-01      
      1269      4.049e-01      
      1277      3.148e-01      
      1278      3.022e-01      
      1290      2.053e-01      
      1291      1.933e-01      
      2199      2.789e-01      
      2200      3.534e-01      
      2203      2.992e-01      
      2204      2.042e-01      
      2205      1.157e-01      
      2206      1.000e-01      
      2217      1.960e-01      
      2218      2.214e-01      
      2249      1.264e-01      
      2250      1.177e-01      
      2413      2.057e-01      
      2414      2.349e-01      
      2426      3.244e-01      
      2427      3.609e-01      
      2431      4.514e-01      
      2432      4.612e-01      
      2463      3.764e-01      
      2464      3.386e-01      
      2466      2.399e-01      
      2467      1.834e-01      
      2593      2.800e-01      
      2594      2.881e-01      
      2616      1.935e-01      
      2617      1.837e-01      
      3345      1.984e-01      
      3346      3.598e-01      
      3347      5.258e-01      
      3350      4.330e-01      
      3351      2.599e-01      
      3352      1.255e-01      
      3394      2.142e-01      
      3395      2.560e-01      
      3466      1.667e-01      
      3467      1.530e-01      
      3556      2.509e-01      
      3557      2.600e-01      
      3559      1.630e-01      
      3560      1.000e-01      


3624   1.000e-01