0.0      1.000e-01      
      1      1.000e-01      
      34      1.852e-01      
      35      3.416e-01      
      36      4.956e-01      
      38      5.119e-01      
      39      3.683e-01      
      40      2.145e-01      
      41      1.050e-01      
      358      1.167e-01      
      359      3.633e-01      
      360      9.074e-01      
      361      1.836e+00      
      362      3.052e+00      
      363      4.233e+00      
      364      4.968e+00      
      365      4.986e+00      
      366      4.294e+00      
      367      3.170e+00      
      368      2.003e+00      
      369      1.087e+00      
      370      5.120e-01      
      371      2.168e-01      
      372      1.000e-01      
      408      1.974e-01      
      409      2.199e-01      
      415      3.163e-01      
      416      3.383e-01      
      420      3.863e-01      
      421      5.148e-01      
      422      6.635e-01      
      425      5.940e-01      
      426      4.453e-01      
      427      3.292e-01      
      428      2.588e-01      
      429      2.210e-01      
      446      3.169e-01      
      447      3.595e-01      
      449      4.388e-01      
      450      5.129e-01      
      451      6.042e-01      
      452      6.653e-01      
      454      5.832e-01      
      455      4.907e-01      
      456      4.170e-01      
      457      3.739e-01      
      523      2.752e-01      
      524      2.576e-01      
      537      3.573e-01      
      538      3.693e-01      
      549      2.753e-01      
      550      2.656e-01      
      592      1.795e-01      
      593      1.621e-01      
      1064      2.197e-01      
      1065      3.473e-01      
      1066      5.262e-01      
      1067      7.363e-01      
      1068      9.264e-01      
      1069      1.028e+00      
      1070      9.915e-01      
      1071      8.230e-01      
      1072      5.850e-01      
      1073      3.568e-01      
      1074      1.895e-01      
      1204      1.411e-01      
      1205      3.531e-01      
      1206      7.280e-01      
      1207      1.219e+00      
      1208      1.662e+00      
      1209      1.854e+00      
      1210      1.709e+00      
      1211      1.319e+00      
      1212      8.767e-01      
      1213      5.321e-01      
      1214      3.258e-01      
      1215      2.196e-01      
      1217      1.226e-01      
      1218      1.000e-01      
      1526      1.108e-01      
      1527      2.088e-01      
      1528      3.709e-01      
      1529      5.912e-01      
      1530      8.071e-01      
      1531      9.124e-01      
      1532      8.395e-01      
      1533      6.269e-01      
      1534      3.846e-01      
      1535      2.006e-01      
      1536      1.000e-01      
      1569      1.423e-01      
      1570      3.168e-01      
      1571      5.828e-01      
      1572      8.571e-01      
      1573      9.988e-01      
      1574      9.231e-01      
      1575      6.818e-01      
      1576      4.095e-01      
      1577      2.074e-01      
      1578      1.000e-01      
      1679      1.435e-01      
      1680      2.192e-01      
      1684      1.468e-01      
      1685      1.000e-01      
      1984      1.676e-01      
      1985      2.239e-01      
      1988      1.463e-01      
      1989      1.000e-01      
      2093      1.517e-01      
      2094      3.564e-01      
      2095      6.735e-01      
      2096      1.008e+00      
      2097      1.193e+00      
      2098      1.121e+00      
      2099      8.418e-01      
      2100      5.124e-01      
      2101      2.591e-01      
      2102      1.144e-01      
      2193      1.028e-01      
      2194      2.639e-01      
      2195      5.741e-01      
      2196      1.043e+00      
      2197      1.600e+00      
      2198      2.123e+00      
      2199      2.499e+00      
      2200      2.651e+00      
      2201      2.529e+00      
      2202      2.132e+00      
      2203      1.560e+00      
      2204      9.830e-01      
      2205      5.417e-01      
      2206      2.751e-01      
      2207      1.459e-01      
      2395      1.299e-01      
      2396      2.714e-01      
      2397      4.664e-01      
      2398      6.517e-01      
      2400      6.967e-01      
      2401      5.486e-01      
      2402      3.730e-01      
      2403      2.286e-01      
      2404      1.348e-01      
      2405      1.000e-01      
      2561      1.402e-01      
      2562      3.775e-01      
      2563      8.562e-01      
      2564      1.591e+00      
      2565      2.416e+00      
      2566      3.018e+00      
      2567      3.134e+00      
      2568      2.746e+00      
      2569      2.069e+00      
      2570      1.370e+00      
      2571      8.184e-01      
      2572      4.580e-01      
      2573      2.569e-01      
      2574      1.599e-01      
      2575      1.189e-01      
      2770      1.175e-01      
      2771      2.280e-01      
      2772      3.683e-01      
      2773      4.867e-01      
      2775      4.568e-01      
      2776      3.272e-01      
      2777      1.961e-01      
      2945      2.544e-01      
      2946      3.740e-01      
      2949      2.973e-01      
      2950      1.789e-01      
      3341      2.213e-01      
      3342      3.333e-01      
      3345      2.824e-01      
      3346      1.752e-01      


3624   1.752e-01