0.0      1.000e-01      
      1      1.000e-01      
      360      1.215e-01      
      361      2.805e-01      
      362      5.193e-01      
      363      7.685e-01      
      364      9.092e-01      
      365      8.630e-01      
      366      6.629e-01      
      367      4.191e-01      
      368      2.248e-01      
      369      1.079e-01      
      2198      1.817e-01      
      2199      2.254e-01      
      2204      1.306e-01      
      2205      1.000e-01      


3624   1.000e-01