0.0      1.000e-01      
      1      1.000e-01      
      365      1.429e-01      
      366      2.842e-01      
      367      4.495e-01      
      368      5.700e-01      
      370      5.000e-01      
      371      3.627e-01      
      372      2.335e-01      
      373      1.410e-01      
      374      1.000e-01      
      2197      1.000e-01      
      2198      2.086e-01      
      2199      4.096e-01      
      2200      6.708e-01      
      2201      9.243e-01      
      2202      1.078e+00      
      2203      1.065e+00      
      2204      8.929e-01      
      2205      6.397e-01      
      2206      3.995e-01      
      2207      2.264e-01      
      2208      1.240e-01      


3624   1.240e-01