0.0      1.000e-01      
      1      1.000e-01      
      35      1.899e-01      
      36      2.584e-01      
      39      1.878e-01      
      40      1.180e-01      
      358      1.000e-01      
      359      2.979e-01      
      360      9.288e-01      
      361      2.304e+00      
      362      4.558e+00      
      363      7.222e+00      
      364      9.213e+00      
      365      9.536e+00      
      366      8.086e+00      
      367      5.689e+00      
      368      3.373e+00      
      369      1.717e+00      
      370      7.707e-01      
      371      3.165e-01      
      372      1.260e-01      
      1066      1.404e-01      
      1067      2.402e-01      
      1068      3.300e-01      
      1069      3.651e-01      
      1070      3.274e-01      
      1071      2.408e-01      
      1072      1.484e-01      
      1073      1.000e-01      
      2093      1.000e-01      
      2094      2.328e-01      
      2095      4.439e-01      
      2096      6.642e-01      
      2097      7.825e-01      
      2098      7.301e-01      
      2099      5.447e-01      
      2100      3.309e-01      
      2101      1.692e-01      
      2190      1.810e-01      
      2191      3.221e-01      
      2192      4.725e-01      
      2193      5.799e-01      
      2202      5.048e-01      
      2203      4.179e-01      
      2204      3.160e-01      
      2205      2.168e-01      
      2206      1.354e-01      
      3272      1.949e-01      
      3273      2.942e-01      
      3276      2.546e-01      
      3277      1.604e-01      


3624   1.604e-01