0.0      1.000e-01      
      1      1.000e-01      
      425      1.365e-01      
      426      2.506e-01      
      427      3.788e-01      
      431      2.798e-01      
      432      1.798e-01      
      1068      1.144e-01      
      1069      2.840e-01      
      1070      5.600e-01      
      1071      8.815e-01      
      1072      1.116e+00      
      1073      1.147e+00      
      1074      9.737e-01      
      1075      6.988e-01      
      1076      4.395e-01      
      1077      2.547e-01      
      1078      1.444e-01      
      1207      1.100e-01      
      1208      2.702e-01      
      1209      5.339e-01      
      1210      8.551e-01      
      1211      1.122e+00      
      1212      1.226e+00      
      1213      1.139e+00      
      1214      9.235e-01      
      1215      6.727e-01      
      1216      4.527e-01      
      1217      2.889e-01      
      1218      1.792e-01      
      1245      2.663e-01      
      1246      3.016e-01      
      1248      3.829e-01      
      1249      4.278e-01      
      1251      5.207e-01      
      1252      5.673e-01      
      1254      6.662e-01      
      1255      7.231e-01      
      1256      7.823e-01      
      1257      8.356e-01      
      1274      7.381e-01      
      1275      7.355e-01      
      1288      6.420e-01      
      1289      6.233e-01      
      1309      5.296e-01      
      1310      5.225e-01      
      1326      4.287e-01      
      1327      4.196e-01      
      1337      3.208e-01      
      1338      3.118e-01      
      1361      2.122e-01      
      1362      2.084e-01      
      1381      1.089e-01      
      1382      1.061e-01      
      1993      1.792e-01      
      1994      2.416e-01      
      1998      1.541e-01      
      1999      1.039e-01      
      2099      1.537e-01      
      2100      2.058e-01      
      2104      1.302e-01      
      2105      1.000e-01      
      2196      1.000e-01      
      2197      2.148e-01      
      2198      4.785e-01      
      2199      9.068e-01      
      2200      1.464e+00      
      2201      2.007e+00      
      2202      2.325e+00      
      2203      2.269e+00      
      2204      1.869e+00      
      2205      1.315e+00      
      2206      8.065e-01      
      2207      4.479e-01      
      2208      2.378e-01      
      2209      1.287e-01      
      2226      2.210e-01      
      2227      2.507e-01      
      2229      3.281e-01      
      2230      3.805e-01      
      2231      4.417e-01      
      2232      5.102e-01      
      2233      5.845e-01      
      2234      6.634e-01      
      2235      7.424e-01      
      2236      8.149e-01      
      2237      8.745e-01      
      2238      9.183e-01      
      2250      8.334e-01      
      2251      7.909e-01      
      2267      7.058e-01      
      2268      6.902e-01      
      2272      6.158e-01      
      2273      5.887e-01      
      2277      4.892e-01      
      2278      4.772e-01      
      2299      3.881e-01      
      2300      3.738e-01      
      2321      2.757e-01      
      2322      2.638e-01      
      2341      1.786e-01      
      2342      1.602e-01      
      2408      2.334e-01      
      2409      4.371e-01      
      2410      6.761e-01      
      2411      8.951e-01      
      2412      1.069e+00      
      2413      1.209e+00      
      2414      1.312e+00      
      2415      1.321e+00      
      2416      1.190e+00      
      2417      9.420e-01      
      2418      6.630e-01      
      2419      4.295e-01      
      2420      2.684e-01      
      2421      1.690e-01      
      2422      1.105e-01      
      2437      2.072e-01      
      2438      2.277e-01      
      2449      3.069e-01      
      2450      3.521e-01      
      2452      4.504e-01      
      2453      4.850e-01      
      2468      3.857e-01      
      2469      3.747e-01      
      2516      2.760e-01      
      2517      2.673e-01      
      2559      1.678e-01      
      2560      1.650e-01      
      2567      1.894e-01      
      2568      2.734e-01      
      2569      3.865e-01      
      2570      4.829e-01      
      2571      5.135e-01      
      2572      4.647e-01      
      2573      3.665e-01      
      2574      2.635e-01      
      2575      1.844e-01      
      2576      1.347e-01      
      3144      2.268e-01      
      3145      3.400e-01      
      3149      2.449e-01      
      3150      1.583e-01      
      3400      2.562e-01      
      3401      3.089e-01      
      3403      2.553e-01      
      3404      1.845e-01      
      3550      1.175e-01      
      3551      3.511e-01      
      3552      8.440e-01      
      3553      1.638e+00      
      3554      2.579e+00      
      3555      3.318e+00      
      3556      3.524e+00      
      3557      3.130e+00      
      3558      2.368e+00      
      3559      1.561e+00      
      3560      9.232e-01      
      3561      5.078e-01      
      3562      2.714e-01      
      3563      1.478e-01      
      3579      2.198e-01      
      3580      2.600e-01      
      3582      3.368e-01      
      3583      3.751e-01      
      3585      4.645e-01      
      3586      5.202e-01      
      3587      5.808e-01      
      3588      6.399e-01      
      3590      7.266e-01      
      3591      7.472e-01      
      3611      6.531e-01      
      3612      6.421e-01      
      3617      5.486e-01      
      3618      5.301e-01      


3624   5.301e-01