0.0      1.000e-01      
      1      1.000e-01      
      37      1.400e-01      
      38      2.108e-01      
      42      1.182e-01      
      43      1.000e-01      
      414      1.685e-01      
      415      3.131e-01      
      416      4.626e-01      
      419      4.049e-01      
      420      2.712e-01      
      421      1.688e-01      
      426      2.519e-01      
      427      3.692e-01      
      428      4.634e-01      
      429      4.868e-01      
      430      4.293e-01      
      431      3.260e-01      
      432      2.250e-01      
      433      1.547e-01      
      434      1.186e-01      
      439      1.925e-01      
      440      2.192e-01      
      443      3.101e-01      
      444      3.514e-01      
      445      3.993e-01      
      446      4.517e-01      
      448      5.442e-01      
      449      5.709e-01      
      455      6.667e-01      
      456      7.081e-01      
      458      7.944e-01      
      459      8.304e-01      
      462      9.283e-01      
      463      9.691e-01      
      465      1.060e+00      
      466      1.103e+00      
      468      1.181e+00      
      469      1.216e+00      
      478      1.309e+00      
      479      1.322e+00      
      494      1.237e+00      
      495      1.219e+00      
      513      1.136e+00      
      514      1.115e+00      
      517      1.033e+00      
      518      1.007e+00      
      521      9.306e-01      
      522      9.048e-01      
      527      8.129e-01      
      528      7.971e-01      
      534      7.124e-01      
      535      6.933e-01      
      538      6.223e-01      
      539      5.927e-01      
      542      4.979e-01      
      543      4.769e-01      
      548      3.960e-01      
      549      3.711e-01      
      594      2.822e-01      
      595      2.616e-01      
      607      1.624e-01      
      608      1.605e-01      
      1068      1.510e-01      
      1069      3.734e-01      
      1070      7.255e-01      
      1071      1.112e+00      
      1072      1.350e+00      
      1073      1.307e+00      
      1074      1.022e+00      
      1075      6.579e-01      
      1076      3.609e-01      
      1077      1.795e-01      
      1209      1.626e-01      
      1210      2.811e-01      
      1211      4.193e-01      
      1212      5.611e-01      
      1213      6.875e-01      
      1216      6.597e-01      
      1217      5.031e-01      
      1218      3.439e-01      
      1219      2.206e-01      
      1220      1.437e-01      
      1221      1.032e-01      
      1250      1.885e-01      
      1251      2.055e-01      
      1257      2.981e-01      
      1258      3.104e-01      
      1268      2.233e-01      
      1269      1.971e-01      
      1303      2.912e-01      
      1304      2.991e-01      
      1319      2.037e-01      
      1320      1.930e-01      
      1607      2.929e-01      
      1608      3.188e-01      
      1610      2.553e-01      
      1611      2.035e-01      
      1621      1.050e-01      
      1622      1.026e-01      
      1991      1.000e-01      
      1992      2.174e-01      
      1993      3.867e-01      
      1994      5.475e-01      
      1996      5.628e-01      
      1997      4.175e-01      
      1998      2.597e-01      
      1999      1.428e-01      
      2195      2.386e-01      
      2196      5.781e-01      
      2197      1.147e+00      
      2198      1.870e+00      
      2199      2.510e+00      
      2200      2.795e+00      
      2201      2.622e+00      
      2202      2.129e+00      
      2203      1.546e+00      
      2204      1.030e+00      
      2205      6.326e-01      
      2206      3.568e-01      
      2207      1.870e-01      
      2224      2.773e-01      
      2225      3.125e-01      
      2230      4.049e-01      
      2231      4.246e-01      
      2242      5.227e-01      
      2243      5.440e-01      
      2260      4.455e-01      
      2261      4.382e-01      
      2285      5.295e-01      
      2286      5.403e-01      
      2298      4.455e-01      
      2299      4.216e-01      
      2316      3.242e-01      
      2317      3.199e-01      
      2324      2.462e-01      
      2325      2.155e-01      
      2336      3.013e-01      
      2337      3.332e-01      
      2340      4.209e-01      
      2341      4.380e-01      
      2347      3.585e-01      
      2348      3.307e-01      
      2368      2.325e-01      
      2369      2.156e-01      
      2372      1.369e-01      
      2373      1.138e-01      
      2407      1.958e-01      
      2408      3.346e-01      
      2409      5.556e-01      
      2410      8.005e-01      
      2411      9.607e-01      
      2412      9.638e-01      
      2413      8.430e-01      
      2414      7.018e-01      
      2420      6.486e-01      
      2421      5.583e-01      
      2422      4.486e-01      
      2423      3.529e-01      
      2424      2.881e-01      
      2433      3.540e-01      
      2434      3.970e-01      
      2436      4.745e-01      
      2437      5.077e-01      
      2440      5.926e-01      
      2441      6.156e-01      
      2445      7.039e-01      
      2446      7.259e-01      
      2464      6.293e-01      
      2465      6.006e-01      
      2467      5.297e-01      
      2468      4.906e-01      
      2486      3.949e-01      
      2487      3.736e-01      
      2489      3.095e-01      
      2490      2.699e-01      
      2492      1.940e-01      
      2493      1.659e-01      
      2567      2.252e-01      
      2568      2.801e-01      
      2573      1.834e-01      
      2574      1.568e-01      
      2597      2.528e-01      
      2598      2.579e-01      
      2648      1.582e-01      
      2649      1.540e-01      
      3149      1.976e-01      
      3150      3.020e-01      
      3153      2.815e-01      
      3154      1.868e-01      
      3396      1.407e-01      
      3397      3.387e-01      
      3398      6.945e-01      
      3399      1.180e+00      
      3400      1.637e+00      
      3401      1.844e+00      
      3402      1.688e+00      
      3403      1.265e+00      
      3404      7.881e-01      
      3405      4.212e-01      
      3406      2.043e-01      
      3407      1.000e-01      
      3551      1.370e-01      
      3552      4.172e-01      
      3553      1.008e+00      
      3554      1.934e+00      
      3555      2.955e+00      
      3556      3.609e+00      
      3557      3.542e+00      
      3558      2.818e+00      
      3559      1.840e+00      
      3560      1.009e+00      
      3561      4.819e-01      
      3562      2.143e-01      
      3563      1.000e-01      
      3582      1.837e-01      
      3583      2.116e-01      
      3586      2.851e-01      
      3587      3.128e-01      
      3589      3.800e-01      
      3590      4.171e-01      
      3592      4.897e-01      
      3593      5.225e-01      
      3596      6.053e-01      
      3597      6.332e-01      
      3600      7.214e-01      
      3601      7.424e-01      


3624   7.424e-01