0.0      1.000e-01      
      1      1.000e-01      
      382      1.816e-01      
      383      2.176e-01      
      387      3.119e-01      
      388      3.273e-01      
      391      3.928e-01      
      392      4.291e-01      
      394      5.197e-01      
      395      5.609e-01      
      402      6.457e-01      
      403      6.711e-01      
      404      7.165e-01      
      405      7.775e-01      
      406      8.402e-01      
      407      8.900e-01      
      410      9.680e-01      
      411      1.030e+00      
      412      1.150e+00      
      413      1.325e+00      
      414      1.513e+00      
      415      1.639e+00      
      417      1.542e+00      
      418      1.400e+00      
      419      1.303e+00      
      420      1.285e+00      
      421      1.341e+00      
      422      1.458e+00      
      423      1.643e+00      
      424      1.888e+00      
      425      2.132e+00      
      426      2.277e+00      
      427      2.259e+00      
      428      2.105e+00      
      429      1.907e+00      
      430      1.751e+00      
      431      1.670e+00      
      432      1.650e+00      
      437      1.749e+00      
      438      1.755e+00      
      447      1.699e+00      
      448      1.647e+00      
      449      1.582e+00      
      450      1.511e+00      
      451      1.436e+00      
      452      1.360e+00      
      453      1.281e+00      
      454      1.201e+00      
      455      1.124e+00      
      456      1.054e+00      
      457      9.963e-01      
      458      9.504e-01      
      460      8.752e-01      
      461      8.311e-01      
      462      7.776e-01      
      463      7.189e-01      
      464      6.625e-01      
      465      6.142e-01      
      468      5.239e-01      
      469      5.106e-01      
      475      4.414e-01      
      476      4.103e-01      
      491      3.103e-01      
      492      3.038e-01      
      505      2.038e-01      
      506      2.011e-01      
      518      1.038e-01      
      519      1.011e-01      
      1069      1.580e-01      
      1070      2.974e-01      
      1071      4.408e-01      
      1074      3.431e-01      
      1075      1.965e-01      
      1209      1.977e-01      
      1210      3.036e-01      
      1211      3.847e-01      
      1212      4.058e-01      
      1213      3.594e-01      
      1214      2.697e-01      
      1215      1.728e-01      
      1216      1.000e-01      
      1225      1.824e-01      
      1226      2.212e-01      
      1228      2.961e-01      
      1229      3.286e-01      
      1237      4.221e-01      
      1238      4.388e-01      
      1244      3.597e-01      
      1245      3.103e-01      
      1271      2.224e-01      
      1272      2.103e-01      
      1284      1.224e-01      
      1285      1.103e-01      
      3345      1.838e-01      
      3346      3.381e-01      
      3347      4.930e-01      
      3349      5.228e-01      
      3350      3.810e-01      
      3351      2.210e-01      
      3352      1.023e-01      
      3420      1.961e-01      
      3421      2.166e-01      
      3447      1.224e-01      
      3448      1.103e-01      
      3572      1.997e-01      
      3573      2.185e-01      


3624   2.185e-01