0.0      1.000e-01      
      1      1.000e-01      
      411      1.580e-01      
      412      2.536e-01      
      413      3.326e-01      
      414      3.618e-01      
      416      2.672e-01      
      417      1.922e-01      
      2199      2.774e-01      
      2200      3.966e-01      
      2201      4.807e-01      
      2202      5.024e-01      
      2203      4.590e-01      
      2204      3.707e-01      
      2205      2.689e-01      
      2206      1.801e-01      
      2207      1.161e-01      
      2406      1.415e-01      
      2407      2.460e-01      
      2408      3.739e-01      
      2409      5.518e-01      
      2410      8.815e-01      
      2411      1.511e+00      
      2412      2.496e+00      
      2413      3.648e+00      
      2414      4.551e+00      
      2415      4.830e+00      
      2416      4.412e+00      
      2417      3.531e+00      
      2418      2.519e+00      
      2419      1.623e+00      
      2420      9.582e-01      
      2421      5.302e-01      
      2422      2.865e-01      
      2423      1.597e-01      
      2567      1.793e-01      
      2568      3.455e-01      
      2569      5.719e-01      
      2570      7.938e-01      
      2571      9.248e-01      
      2572      9.159e-01      
      2573      7.862e-01      
      2574      6.000e-01      
      2575      4.207e-01      
      2576      2.828e-01      
      2577      1.918e-01      
      2578      1.379e-01      
      2946      1.398e-01      
      2947      3.438e-01      
      2948      6.645e-01      
      2949      1.013e+00      
      2950      1.226e+00      
      2951      1.189e+00      
      2952      9.400e-01      
      2953      6.244e-01      
      2954      3.661e-01      
      2955      2.040e-01      
      2956      1.172e-01      
      2957      1.000e-01      
      3141      1.208e-01      
      3142      2.196e-01      
      3143      3.279e-01      
      3144      4.198e-01      
      3145      4.955e-01      
      3146      5.802e-01      
      3147      6.772e-01      
      3150      5.796e-01      
      3151      4.095e-01      
      3152      2.594e-01      
      3153      1.568e-01      


3624   1.568e-01