0.0      1.000e-01      
      1      1.000e-01      
      369      1.877e-01      
      370      2.518e-01      
      373      1.646e-01      
      374      1.000e-01      
      409      1.383e-01      
      410      2.056e-01      
      411      3.360e-01      
      412      5.271e-01      
      413      7.253e-01      
      414      8.423e-01      
      415      8.206e-01      
      416      6.836e-01      
      417      5.117e-01      
      418      3.760e-01      
      422      4.626e-01      
      423      6.778e-01      
      424      9.557e-01      
      425      1.215e+00      
      426      1.365e+00      
      428      1.288e+00      
      429      1.195e+00      
      437      1.132e+00      
      438      1.083e+00      
      450      9.939e-01      
      451      9.647e-01      
      455      8.747e-01      
      456      8.516e-01      
      461      7.687e-01      
      462      7.452e-01      
      465      6.678e-01      
      466      6.434e-01      
      473      5.588e-01      
      474      5.362e-01      
      478      4.412e-01      
      479      4.227e-01      
      496      3.398e-01      
      497      3.213e-01      
      503      2.224e-01      
      504      2.103e-01      
      523      1.224e-01      
      524      1.103e-01      
      1067      1.110e-01      
      1068      2.140e-01      
      1069      3.508e-01      
      1070      4.885e-01      
      1073      4.547e-01      
      1074      3.064e-01      
      1075      1.742e-01      
      1207      2.234e-01      
      1208      4.327e-01      
      1209      6.937e-01      
      1210      9.351e-01      
      1211      1.082e+00      
      1213      9.997e-01      
      1214      8.292e-01      
      1215      6.372e-01      
      1216      4.667e-01      
      1217      3.427e-01      
      1218      2.705e-01      
      1219      2.425e-01      
      1222      3.310e-01      
      1223      3.952e-01      
      1224      4.647e-01      
      1225      5.298e-01      
      1227      6.138e-01      
      1228      6.307e-01      
      1232      7.005e-01      
      1233      7.371e-01      
      1247      6.500e-01      
      1248      6.276e-01      
      1257      5.401e-01      
      1258      5.223e-01      
      1264      4.261e-01      
      1265      4.126e-01      
      1278      3.224e-01      
      1279      3.103e-01      
      1289      2.297e-01      
      1290      2.000e-01      
      1299      1.000e-01      
      1300      1.000e-01      
      1987      1.875e-01      
      1988      2.554e-01      
      1993      2.162e-01      
      1994      1.451e-01      
      2097      2.034e-01      
      2098      3.290e-01      
      2099      4.284e-01      
      2100      4.530e-01      
      2101      3.933e-01      
      2102      2.840e-01      
      2103      1.738e-01      
      2196      1.397e-01      
      2197      3.035e-01      
      2198      5.434e-01      
      2199      8.189e-01      
      2200      1.060e+00      
      2201      1.191e+00      
      2202      1.159e+00      
      2203      9.657e-01      
      2204      6.792e-01      
      2205      4.016e-01      
      2206      2.023e-01      
      2207      1.000e-01      
      2226      2.000e-01      
      2227      2.000e-01      
      2257      1.000e-01      
      2258      1.000e-01      
      2406      1.271e-01      
      2407      2.453e-01      
      2408      3.805e-01      
      2409      4.848e-01      
      2411      5.530e-01      
      2412      6.006e-01      
      2413      6.877e-01      
      2414      7.640e-01      
      2416      6.840e-01      
      2417      5.468e-01      
      2418      4.035e-01      
      2419      2.884e-01      
      2424      3.641e-01      
      2425      4.455e-01      
      2426      5.220e-01      
      2427      5.870e-01      
      2429      6.690e-01      
      2430      6.871e-01      
      2434      7.633e-01      
      2435      8.052e-01      
      2447      7.067e-01      
      2448      6.937e-01      
      2456      5.964e-01      
      2457      5.897e-01      
      2464      4.931e-01      
      2465      4.820e-01      
      2474      3.958e-01      
      2475      3.808e-01      
      2484      2.896e-01      
      2485      2.773e-01      
      2489      1.879e-01      
      2490      1.638e-01      
      2567      1.816e-01      
      2568      2.833e-01      
      2569      4.430e-01      
      2570      6.285e-01      
      2571      7.702e-01      
      2573      7.126e-01      
      2574      5.496e-01      
      2575      3.821e-01      
      2576      2.547e-01      
      2577      1.755e-01      
      2578      1.314e-01      
      2602      2.218e-01      
      2603      2.326e-01      
      2631      1.402e-01      
      2632      1.228e-01      
      2947      1.356e-01      
      2948      3.162e-01      
      2949      5.824e-01      
      2950      8.482e-01      
      2951      9.788e-01      
      2952      8.991e-01      
      2953      6.631e-01      
      2954      3.992e-01      
      2955      2.026e-01      
      2956      1.000e-01      
      3141      1.962e-01      
      3142      3.670e-01      
      3143      5.776e-01      
      3144      7.516e-01      
      3146      7.491e-01      
      3147      6.380e-01      
      3148      5.540e-01      
      3149      5.074e-01      
      3150      4.559e-01      
      3151      3.676e-01      
      3152      2.550e-01      
      3153      1.526e-01      
      3344      2.012e-01      
      3345      4.196e-01      
      3346      7.188e-01      
      3347      1.006e+00      
      3348      1.146e+00      
      3349      1.061e+00      
      3350      7.995e-01      
      3351      4.951e-01      
      3352      2.572e-01      
      3353      1.171e-01      
      3394      2.152e-01      
      3395      2.699e-01      
      3400      1.966e-01      
      3401      1.631e-01      
      3427      2.619e-01      
      3428      2.847e-01      
      3430      3.639e-01      
      3431      3.964e-01      
      3444      2.989e-01      
      3445      2.962e-01      
      3452      2.002e-01      
      3453      1.917e-01      
      3553      2.753e-01      
      3554      3.985e-01      
      3555      5.700e-01      
      3556      7.406e-01      
      3558      7.528e-01      
      3559      5.683e-01      
      3560      3.553e-01      
      3561      1.878e-01      


3624   1.878e-01