0.0      1.000e-01      
      1      1.000e-01      
      37      1.641e-01      
      38      2.168e-01      
      45      1.310e-01      
      46      1.082e-01      
      361      1.589e-01      
      362      2.748e-01      
      363      4.246e-01      
      364      5.810e-01      
      365      7.047e-01      
      368      6.617e-01      
      369      5.559e-01      
      370      4.525e-01      
      371      3.671e-01      
      372      3.031e-01      
      375      2.047e-01      
      376      1.907e-01      
      2196      2.506e-01      
      2197      2.968e-01      
      2198      3.618e-01      
      2199      4.428e-01      
      2200      5.281e-01      
      2201      6.027e-01      
      2207      5.341e-01      
      2208      4.903e-01      
      2213      3.940e-01      
      2214      3.843e-01      
      2224      2.913e-01      
      2225      2.840e-01      
      2241      1.875e-01      
      2242      1.825e-01      


3624   1.825e-01