0.0      1.000e-01      
      1      1.000e-01      
      360      1.000e-01      
      361      2.008e-01      
      362      3.540e-01      
      363      5.345e-01      
      364      6.853e-01      
      366      6.666e-01      
      367      5.049e-01      
      368      3.271e-01      
      369      1.886e-01      
      1066      2.351e-01      
      1067      3.004e-01      
      1071      2.696e-01      
      1072      1.825e-01      
      2561      2.297e-01      
      2562      3.469e-01      
      2566      2.753e-01      
      2567      1.760e-01      


3624   1.760e-01