0.0      2.600e-01      
      1      2.600e-01      
      33      3.208e-01      
      34      4.420e-01      
      35      6.969e-01      
      36      1.107e+00      
      37      1.600e+00      
      38      2.013e+00      
      39      2.185e+00      
      40      2.055e+00      
      41      1.699e+00      
      42      1.267e+00      
      43      8.959e-01      
      44      6.522e-01      
      45      5.267e-01      
      67      4.434e-01      
      68      4.176e-01      
      84      3.200e-01      
      85      3.169e-01      
      297      3.440e-01      
      298      4.248e-01      
      299      5.169e-01      
      300      5.812e-01      
      302      5.348e-01      
      303      4.566e-01      
      304      3.830e-01      
      305      3.286e-01      
      371      3.779e-01      
      372      4.459e-01      
      377      3.786e-01      
      378      3.380e-01      
      391      4.334e-01      
      392      5.696e-01      
      393      7.481e-01      
      394      9.165e-01      
      395      1.015e+00      
      396      1.024e+00      
      397      9.684e-01      
      398      8.849e-01      
      399      7.930e-01      
      400      7.004e-01      
      401      6.172e-01      
      402      5.558e-01      
      412      5.902e-01      
      413      6.686e-01      
      414      8.207e-01      
      415      1.061e+00      
      416      1.388e+00      
      417      1.792e+00      
      418      2.245e+00      
      419      2.671e+00      
      420      2.971e+00      
      421      3.091e+00      
      425      3.036e+00      
      426      2.874e+00      
      427      2.585e+00      
      428      2.272e+00      
      429      2.047e+00      
      430      1.947e+00      
      437      1.993e+00      
      438      2.051e+00      
      439      2.114e+00      
      440      2.172e+00      
      441      2.226e+00      
      442      2.281e+00      
      443      2.348e+00      
      444      2.448e+00      
      445      2.611e+00      
      446      2.850e+00      
      447      3.136e+00      
      448      3.392e+00      
      449      3.539e+00      
      451      3.449e+00      
      452      3.310e+00      
      453      3.186e+00      
      454      3.106e+00      
      455      3.072e+00      
      462      3.169e+00      
      463      3.186e+00      
      472      3.129e+00      
      473      3.057e+00      
      474      2.971e+00      
      475      2.877e+00      
      476      2.789e+00      
      477      2.731e+00      
      478      2.740e+00      
      479      2.852e+00      
      480      3.080e+00      
      481      3.386e+00      
      482      3.709e+00      
      483      4.037e+00      
      484      4.446e+00      
      485      4.978e+00      
      486      5.506e+00      
      487      5.767e+00      
      488      5.609e+00      
      489      5.140e+00      
      490      4.625e+00      
      491      4.262e+00      
      492      4.088e+00      
      497      4.052e+00      
      498      3.976e+00      
      499      3.875e+00      
      500      3.764e+00      
      501      3.663e+00      
      502      3.584e+00      
      503      3.532e+00      
      506      3.453e+00      
      507      3.425e+00      
      510      3.345e+00      
      511      3.317e+00      
      513      3.223e+00      
      514      3.165e+00      
      515      3.110e+00      
      516      3.060e+00      
      518      2.960e+00      
      519      2.896e+00      
      520      2.807e+00      
      521      2.687e+00      
      522      2.543e+00      
      523      2.395e+00      
      524      2.264e+00      
      525      2.163e+00      
      526      2.096e+00      
      527      2.058e+00      
      542      1.990e+00      
      543      1.951e+00      
      546      1.859e+00      
      547      1.841e+00      
      562      1.777e+00      
      563      1.733e+00      
      569      1.633e+00      
      570      1.606e+00      
      587      1.521e+00      
      588      1.501e+00      
      593      1.401e+00      
      594      1.372e+00      
      597      1.279e+00      
      598      1.256e+00      
      616      1.178e+00      
      617      1.153e+00      
      621      1.054e+00      
      622      1.047e+00      
      641      9.611e-01      
      642      9.378e-01      
      666      8.381e-01      
      667      8.277e-01      
      693      7.292e-01      
      694      7.151e-01      
      716      6.316e-01      
      717      6.066e-01      
      739      5.108e-01      
      740      4.955e-01      
      809      3.960e-01      
      810      3.921e-01      
      829      3.038e-01      
      830      2.911e-01      
      851      3.870e-01      
      852      3.966e-01      
      859      2.996e-01      
      860      2.823e-01      
      1068      3.821e-01      
      1069      7.261e-01      
      1070      1.442e+00      
      1071      2.547e+00      
      1072      3.746e+00      
      1073      4.494e+00      
      1074      4.394e+00      
      1075      3.539e+00      
      1076      2.405e+00      
      1077      1.445e+00      
      1078      8.319e-01      
      1079      5.142e-01      
      1080      3.714e-01      
      1121      2.744e-01      
      1122      2.694e-01      
      1211      3.545e-01      
      1212      4.031e-01      
      1213      4.711e-01      
      1214      5.836e-01      
      1215      7.647e-01      
      1216      1.013e+00      
      1217      1.281e+00      
      1218      1.484e+00      
      1220      1.463e+00      
      1221      1.297e+00      
      1222      1.140e+00      
      1223      1.042e+00      
      1224      9.931e-01      
      1225      9.520e-01      
      1226      8.884e-01      
      1227      8.048e-01      
      1228      7.245e-01      
      1244      6.302e-01      
      1245      6.231e-01      
      1265      5.259e-01      
      1266      5.188e-01      
      1290      4.304e-01      
      1291      4.058e-01      
      1389      3.109e-01      
      1390      3.057e-01      
      1538      3.560e-01      
      1539      5.075e-01      
      1540      7.531e-01      
      1541      1.041e+00      
      1542      1.253e+00      
      1543      1.284e+00      
      1544      1.125e+00      
      1545      8.722e-01      
      1546      6.366e-01      
      1547      4.751e-01      
      1548      3.863e-01      
      1549      3.455e-01      
      1552      3.786e-01      
      1553      4.683e-01      
      1554      6.407e-01      
      1555      9.078e-01      
      1556      1.230e+00      
      1557      1.511e+00      
      1558      1.648e+00      
      1559      1.589e+00      
      1560      1.372e+00      
      1561      1.094e+00      
      1562      8.537e-01      
      1563      6.987e-01      
      1564      6.209e-01      
      1565      5.895e-01      
      1576      6.798e-01      
      1577      7.184e-01      
      1578      7.966e-01      
      1579      9.063e-01      
      1580      1.011e+00      
      1583      9.255e-01      
      1584      8.190e-01      
      1585      7.400e-01      
      1586      6.949e-01      
      1597      6.073e-01      
      1598      5.887e-01      
      1601      5.057e-01      
      1602      4.847e-01      
      1604      5.385e-01      
      1605      7.187e-01      
      1606      1.110e+00      
      1607      1.719e+00      
      1608      2.371e+00      
      1609      2.758e+00      
      1610      2.680e+00      
      1611      2.226e+00      
      1612      1.672e+00      
      1613      1.245e+00      
      1614      1.003e+00      
      1615      8.991e-01      
      1627      8.059e-01      
      1628      7.793e-01      
      1645      6.863e-01      
      1646      6.792e-01      
      1653      7.623e-01      
      1654      8.844e-01      
      1655      1.051e+00      
      1656      1.212e+00      
      1659      1.126e+00      
      1660      9.863e-01      
      1661      8.910e-01      
      1662      8.526e-01      
      1668      9.524e-01      
      1669      9.735e-01      
      1694      8.921e-01      
      1695      8.687e-01      
      1698      7.720e-01      
      1699      7.477e-01      
      1736      6.498e-01      
      1737      6.455e-01      
      1747      5.473e-01      
      1748      5.377e-01      
      1795      4.516e-01      
      1796      4.336e-01      
      1843      3.462e-01      
      1844      3.267e-01      
      1851      4.200e-01      
      1852      4.306e-01      
      1866      3.322e-01      
      1867      3.111e-01      
      1878      4.051e-01      
      1879      4.138e-01      
      1888      3.269e-01      
      1889      3.077e-01      
      1992      3.751e-01      
      1993      6.842e-01      
      1994      1.330e+00      
      1995      2.320e+00      
      1996      3.355e+00      
      1997      3.923e+00      
      1998      3.699e+00      
      1999      2.850e+00      
      2000      1.853e+00      
      2001      1.086e+00      
      2002      6.400e-01      
      2003      4.270e-01      
      2004      3.351e-01      
      2005      2.952e-01      
      2103      3.410e-01      
      2104      4.467e-01      
      2105      5.911e-01      
      2106      7.525e-01      
      2107      9.078e-01      
      2108      1.034e+00      
      2110      1.062e+00      
      2111      9.267e-01      
      2112      7.379e-01      
      2113      5.577e-01      
      2114      4.247e-01      
      2115      3.435e-01      
      2116      2.994e-01      
      2194      3.158e-01      
      2195      4.552e-01      
      2196      7.717e-01      
      2197      1.338e+00      
      2198      2.161e+00      
      2199      3.235e+00      
      2200      4.729e+00      
      2201      7.037e+00      
      2202      1.030e+01      
      2203      1.369e+01      
      2204      1.555e+01      
      2205      1.471e+01      
      2206      1.157e+01      
      2207      7.734e+00      
      2208      4.658e+00      
      2209      2.830e+00      
      2210      2.010e+00      
      2211      1.774e+00      
      2212      1.815e+00      
      2213      1.984e+00      
      2214      2.220e+00      
      2215      2.495e+00      
      2216      2.784e+00      
      2217      3.067e+00      
      2218      3.332e+00      
      2219      3.575e+00      
      2220      3.796e+00      
      2221      3.994e+00      
      2222      4.158e+00      
      2223      4.278e+00      
      2231      4.372e+00      
      2232      4.436e+00      
      2233      4.500e+00      
      2234      4.550e+00      
      2244      4.490e+00      
      2245      4.423e+00      
      2246      4.335e+00      
      2247      4.223e+00      
      2248      4.090e+00      
      2249      3.944e+00      
      2250      3.798e+00      
      2251      3.662e+00      
      2252      3.545e+00      
      2253      3.455e+00      
      2254      3.391e+00      
      2258      3.292e+00      
      2259      3.275e+00      
      2263      3.194e+00      
      2264      3.175e+00      
      2267      3.080e+00      
      2268      3.030e+00      
      2269      2.966e+00      
      2270      2.886e+00      
      2271      2.788e+00      
      2272      2.677e+00      
      2273      2.558e+00      
      2274      2.442e+00      
      2275      2.335e+00      
      2276      2.248e+00      
      2277      2.186e+00      
      2291      2.091e+00      
      2292      2.070e+00      
      2294      1.986e+00      
      2295      1.925e+00      
      2296      1.855e+00      
      2297      1.780e+00      
      2298      1.701e+00      
      2299      1.627e+00      
      2318      1.555e+00      
      2319      1.516e+00      
      2320      1.467e+00      
      2321      1.413e+00      
      2323      1.320e+00      
      2324      1.292e+00      
      2343      1.248e+00      
      2344      1.188e+00      
      2345      1.127e+00      
      2346      1.072e+00      
      2369      9.913e-01      
      2370      9.548e-01      
      2391      8.657e-01      
      2392      8.296e-01      
      2395      7.435e-01      
      2396      7.290e-01      
      2411      8.215e-01      
      2412      8.313e-01      
      2413      8.812e-01      
      2414      1.030e+00      
      2415      1.347e+00      
      2416      1.845e+00      
      2417      2.413e+00      
      2418      2.844e+00      
      2419      2.971e+00      
      2420      2.783e+00      
      2421      2.405e+00      
      2422      1.980e+00      
      2423      1.603e+00      
      2424      1.314e+00      
      2425      1.121e+00      
      2426      1.015e+00      
      2434      1.100e+00      
      2435      1.116e+00      
      2442      1.028e+00      
      2443      9.915e-01      
      2462      9.021e-01      
      2463      8.612e-01      
      2465      7.680e-01      
      2466      7.228e-01      
      2488      6.354e-01      
      2489      6.045e-01      
      2492      5.176e-01      
      2493      5.036e-01      
      2514      4.133e-01      
      2515      3.847e-01      
      2541      4.186e-01      
      2542      4.898e-01      
      2543      5.606e-01      
      2544      6.030e-01      
      2549      5.037e-01      
      2550      4.939e-01      
      2560      3.962e-01      
      2561      3.797e-01      
      2562      3.926e-01      
      2563      4.942e-01      
      2564      7.895e-01      
      2565      1.386e+00      
      2566      2.259e+00      
      2567      3.133e+00      
      2568      3.584e+00      
      2569      3.376e+00      
      2570      2.674e+00      
      2571      1.877e+00      
      2572      1.286e+00      
      2573      9.761e-01      
      2575      9.647e-01      
      2576      1.198e+00      
      2577      1.569e+00      
      2578      1.978e+00      
      2579      2.251e+00      
      2580      2.265e+00      
      2581      2.056e+00      
      2582      1.775e+00      
      2583      1.567e+00      
      2585      1.562e+00      
      2586      1.705e+00      
      2587      1.842e+00      
      2589      1.852e+00      
      2590      1.739e+00      
      2591      1.623e+00      
      2592      1.545e+00      
      2593      1.513e+00      
      2606      1.427e+00      
      2607      1.385e+00      
      2609      1.297e+00      
      2610      1.259e+00      
      2613      1.160e+00      
      2614      1.118e+00      
      2616      1.037e+00      
      2617      1.011e+00      
      2631      9.317e-01      
      2632      9.042e-01      
      2635      8.120e-01      
      2636      7.891e-01      
      2658      6.898e-01      
      2659      6.472e-01      
      2682      5.747e-01      
      2683      5.403e-01      
      2706      4.472e-01      
      2707      4.242e-01      
      2754      3.300e-01      
      2755      3.206e-01      
      2944      3.326e-01      
      2945      4.676e-01      
      2946      6.911e-01      
      2947      9.557e-01      
      2948      1.163e+00      
      2949      1.256e+00      
      2950      1.304e+00      
      2951      1.464e+00      
      2952      1.806e+00      
      2953      2.185e+00      
      2954      2.332e+00      
      2955      2.100e+00      
      2956      1.597e+00      
      2957      1.066e+00      
      2958      6.750e-01      
      2959      4.524e-01      
      2960      3.456e-01      
      2997      2.457e-01      
      2998      2.432e-01      
      3149      3.381e-01      
      3150      4.654e-01      
      3151      6.022e-01      
      3154      5.663e-01      
      3155      4.433e-01      
      3156      3.438e-01      
      3157      2.813e-01      
      3286      1.819e-01      
      3287      1.716e-01      
      3349      2.620e-01      
      3350      4.203e-01      
      3351      5.895e-01      
      3354      5.393e-01      
      3355      3.859e-01      
      3356      2.630e-01      
      3357      1.873e-01      
      3358      1.477e-01      
      3398      2.445e-01      
      3399      2.951e-01      
      3400      3.744e-01      
      3401      4.687e-01      
      3402      5.534e-01      
      3403      5.939e-01      
      3404      5.643e-01      
      3405      4.724e-01      
      3406      3.564e-01      
      3407      2.553e-01      
      3408      1.864e-01      
      3409      1.461e-01      
      3430      1.585e-01      
      3431      2.588e-01      
      3432      4.170e-01      
      3433      5.900e-01      
      3434      6.974e-01      
      3435      6.824e-01      
      3436      5.623e-01      
      3437      4.072e-01      
      3438      2.787e-01      
      3439      1.967e-01      
      3440      1.523e-01      
      3551      1.714e-01      
      3552      3.216e-01      
      3553      6.616e-01      
      3554      1.244e+00      
      3555      1.970e+00      
      3556      2.569e+00      
      3557      2.763e+00      
      3558      2.497e+00      
      3559      1.955e+00      
      3560      1.383e+00      
      3561      9.215e-01      
      3562      5.963e-01      
      3563      3.853e-01      
      3564      2.585e-01      
      3565      1.879e-01      
      3566      1.505e-01      


3624   1.505e-01