0.0      1.000e-01      
      1      1.000e-01      
      333      1.782e-01      
      334      2.375e-01      
      338      1.481e-01      
      339      1.114e-01      
      356      1.000e-01      
      357      2.303e-01      
      358      5.122e-01      
      359      9.834e-01      
      360      1.610e+00      
      361      2.244e+00      
      362      2.668e+00      
      363      2.727e+00      
      364      2.431e+00      
      365      1.932e+00      
      366      1.410e+00      
      367      9.779e-01      
      368      6.683e-01      
      369      4.647e-01      
      370      3.352e-01      
      371      2.520e-01      
      372      1.963e-01      
      1061      1.737e-01      
      1062      4.262e-01      
      1063      8.750e-01      
      1064      1.508e+00      
      1065      2.223e+00      
      1066      2.866e+00      
      1067      3.277e+00      
      1068      3.339e+00      
      1069      3.033e+00      
      1070      2.470e+00      
      1071      1.838e+00      
      1072      1.289e+00      
      1073      8.856e-01      
      1074      6.200e-01      
      1075      4.551e-01      
      1076      3.532e-01      
      1077      2.847e-01      
      1078      2.312e-01      
      1080      1.469e-01      
      1081      1.170e-01      
      1198      1.000e-01      
      1199      2.194e-01      
      1200      6.631e-01      
      1201      1.688e+00      
      1202      3.558e+00      
      1203      6.198e+00      
      1204      8.987e+00      
      1205      1.102e+01      
      1206      1.171e+01      
      1207      1.119e+01      
      1208      9.991e+00      
      1209      8.551e+00      
      1210      7.055e+00      
      1211      5.550e+00      
      1212      4.116e+00      
      1213      2.875e+00      
      1214      1.914e+00      
      1215      1.244e+00      
      1216      8.114e-01      
      1217      5.446e-01      
      1218      3.819e-01      
      1219      2.803e-01      
      1220      2.139e-01      
      1221      1.685e-01      
      1267      2.673e-01      
      1268      2.711e-01      
      1390      1.731e-01      
      1391      1.666e-01      
      2093      2.256e-01      
      2094      4.348e-01      
      2095      6.969e-01      
      2096      9.306e-01      
      2097      1.047e+00      
      2098      1.012e+00      
      2099      8.662e-01      
      2100      6.826e-01      
      2101      5.164e-01      
      2102      3.882e-01      
      2103      2.956e-01      
      2104      2.295e-01      
      2106      1.465e-01      
      2107      1.202e-01      
      2186      1.126e-01      
      2187      2.736e-01      
      2188      5.522e-01      
      2189      9.135e-01      
      2190      1.250e+00      
      2191      1.443e+00      
      2192      1.447e+00      
      2193      1.301e+00      
      2194      1.079e+00      
      2195      8.454e-01      
      2196      6.407e-01      
      2197      4.864e-01      
      2198      3.871e-01      
      2199      3.322e-01      
      2202      2.337e-01      
      2203      1.898e-01      
      2561      1.945e-01      
      2562      3.533e-01      
      2563      5.292e-01      
      2564      6.569e-01      
      2566      6.270e-01      
      2567      5.186e-01      
      2568      4.080e-01      
      2569      3.173e-01      
      2570      2.491e-01      
      2572      1.604e-01      
      2573      1.316e-01      
      3325      1.501e-01      
      3326      2.593e-01      
      3327      3.686e-01      
      3331      2.751e-01      
      3332      2.043e-01      
      3334      1.225e-01      
      3335      1.008e-01      


3624   1.008e-01