0.0      1.000e-01      
      1      1.000e-01      
      360      1.512e-01      
      361      3.845e-01      
      362      7.742e-01      
      363      1.240e+00      
      364      1.590e+00      
      365      1.641e+00      
      366      1.376e+00      
      367      9.446e-01      
      368      5.379e-01      
      369      2.585e-01      
      370      1.079e-01      
      1063      1.010e-01      
      1064      2.973e-01      
      1065      7.022e-01      
      1066      1.334e+00      
      1067      2.041e+00      
      1068      2.521e+00      
      1069      2.521e+00      
      1070      2.046e+00      
      1071      1.356e+00      
      1072      7.389e-01      
      1073      3.363e-01      
      1074      1.315e-01      


3624   1.315e-01