0.0      1.000e-01      
      1      1.000e-01      
      415      1.645e-01      
      416      2.432e-01      
      419      1.965e-01      
      420      1.203e-01      
      455      2.157e-01      
      456      2.677e-01      
      458      3.571e-01      
      459      3.871e-01      
      509      2.959e-01      
      510      2.863e-01      
      518      1.941e-01      
      519      1.858e-01      
      1070      1.954e-01      
      1071      2.942e-01      
      1074      2.516e-01      
      1075      1.568e-01      
      1209      1.907e-01      
      1210      3.081e-01      
      1211      4.100e-01      
      1215      3.381e-01      
      1216      2.510e-01      
      1217      1.684e-01      
      1218      1.029e-01      
      1258      1.998e-01      
      1259      2.192e-01      
      1312      1.424e-01      
      1313      1.174e-01      
      1992      1.515e-01      
      1993      2.515e-01      
      1994      3.340e-01      
      1995      3.563e-01      
      1996      3.076e-01      
      1997      2.175e-01      
      1998      1.287e-01      
      1999      1.000e-01      
      2198      1.918e-01      
      2199      2.653e-01      
      2204      1.685e-01      
      2205      1.136e-01      
      3396      1.000e-01      
      3397      2.324e-01      
      3398      5.047e-01      
      3399      8.794e-01      
      3400      1.227e+00      
      3401      1.369e+00      
      3402      1.223e+00      
      3403      8.798e-01      
      3404      5.142e-01      
      3405      2.493e-01      
      3406      1.048e-01      
      3554      1.422e-01      
      3555      2.308e-01      
      3559      1.827e-01      
      3560      1.074e-01      


3624   1.074e-01