0.0      1.000e-01      
      1      1.000e-01      
      37      1.908e-01      
      38      2.420e-01      
      41      1.697e-01      
      42      1.098e-01      
      413      1.107e-01      
      414      2.279e-01      
      415      3.967e-01      
      416      5.595e-01      
      418      5.709e-01      
      419      4.167e-01      
      420      2.520e-01      
      421      1.341e-01      
      427      2.135e-01      
      428      2.596e-01      
      436      3.284e-01      
      437      3.613e-01      
      441      4.587e-01      
      442      4.921e-01      
      444      5.619e-01      
      445      5.984e-01      
      448      6.969e-01      
      449      7.003e-01      
      452      6.216e-01      
      453      5.867e-01      
      462      4.896e-01      
      463      4.844e-01      
      473      3.859e-01      
      474      3.743e-01      
      501      2.822e-01      
      502      2.738e-01      
      517      1.762e-01      
      518      1.698e-01      
      1069      2.693e-01      
      1070      5.061e-01      
      1071      7.546e-01      
      1072      8.896e-01      
      1073      8.316e-01      
      1074      6.215e-01      
      1075      3.781e-01      
      1076      1.950e-01      
      1208      1.730e-01      
      1209      3.368e-01      
      1210      5.403e-01      
      1211      7.259e-01      
      1212      8.456e-01      
      1215      7.859e-01      
      1216      6.500e-01      
      1217      4.891e-01      
      1218      3.393e-01      
      1219      2.226e-01      
      1220      1.418e-01      
      1221      1.000e-01      
      1235      1.965e-01      
      1236      2.121e-01      
      1295      1.160e-01      
      1296      1.116e-01      
      1991      1.781e-01      
      1992      3.773e-01      
      1993      6.475e-01      
      1994      8.896e-01      
      1996      8.587e-01      
      1997      6.098e-01      
      1998      3.566e-01      
      1999      1.795e-01      
      2195      1.772e-01      
      2196      3.852e-01      
      2197      7.033e-01      
      2198      1.063e+00      
      2199      1.323e+00      
      2200      1.364e+00      
      2201      1.184e+00      
      2202      8.945e-01      
      2203      6.178e-01      
      2204      4.051e-01      
      2205      2.533e-01      
      2206      1.491e-01      
      2415      2.004e-01      
      2416      3.252e-01      
      2417      4.431e-01      
      2420      4.066e-01      
      2421      3.039e-01      
      2422      2.082e-01      
      2423      1.337e-01      
      2951      1.813e-01      
      2952      2.665e-01      
      2955      2.253e-01      
      2956      1.449e-01      
      3396      1.552e-01      
      3397      3.810e-01      
      3398      7.759e-01      
      3399      1.287e+00      
      3400      1.728e+00      
      3401      1.875e+00      
      3402      1.647e+00      
      3403      1.174e+00      
      3404      6.858e-01      
      3405      3.354e-01      
      3406      1.442e-01      
      3552      2.159e-01      
      3553      5.034e-01      
      3554      9.818e-01      
      3555      1.545e+00      
      3556      1.945e+00      
      3557      1.959e+00      
      3558      1.585e+00      
      3559      1.039e+00      
      3560      5.623e-01      
      3561      2.617e-01      
      3562      1.155e-01      


3624   1.155e-01