0.0      1.000e-01      
      1      1.000e-01      
      415      1.588e-01      
      416      2.363e-01      
      437      3.297e-01      
      438      3.561e-01      
      445      4.304e-01      
      446      4.609e-01      
      459      5.387e-01      
      460      5.671e-01      
      462      6.506e-01      
      463      6.911e-01      
      466      7.883e-01      
      467      8.163e-01      
      471      9.075e-01      
      472      9.251e-01      
      478      9.971e-01      
      479      1.051e+00      
      480      1.118e+00      
      481      1.185e+00      
      495      1.112e+00      
      496      1.080e+00      
      499      9.929e-01      
      500      9.622e-01      
      504      8.804e-01      
      505      8.609e-01      
      510      7.682e-01      
      511      7.471e-01      
      515      6.658e-01      
      516      6.469e-01      
      526      5.594e-01      
      527      5.410e-01      
      537      6.359e-01      
      538      6.496e-01      
      548      5.600e-01      
      549      5.400e-01      
      559      4.577e-01      
      560      4.323e-01      
      562      3.655e-01      
      563      3.238e-01      
      565      2.451e-01      
      566      2.204e-01      
      573      1.224e-01      
      574      1.103e-01      
      1070      2.073e-01      
      1071      3.525e-01      
      1072      4.815e-01      
      1074      4.705e-01      
      1075      3.383e-01      
      1076      1.973e-01      
      2196      1.838e-01      
      2197      3.861e-01      
      2198      6.504e-01      
      2199      8.820e-01      
      2201      8.980e-01      
      2202      7.274e-01      
      2203      5.530e-01      
      2204      4.090e-01      
      2205      2.846e-01      
      2206      1.739e-01      
      2333      2.600e-01      
      2334      2.776e-01      
      2348      1.814e-01      
      2349      1.611e-01      
      2418      2.533e-01      
      2419      2.668e-01      
      2422      1.723e-01      
      2423      1.307e-01      
      2568      2.282e-01      
      2569      2.461e-01      
      2572      1.586e-01      
      2573      1.303e-01      
      2579      2.096e-01      
      2580      2.327e-01      
      2593      1.400e-01      
      2594      1.224e-01      
      3399      1.741e-01      
      3400      2.483e-01      
      3403      2.162e-01      
      3404      1.412e-01      
      3554      1.678e-01      
      3555      2.512e-01      
      3558      2.052e-01      
      3559      1.222e-01      


3624   1.222e-01