0.0      1.000e-01      
      1      1.000e-01      
      35      1.507e-01      
      36      2.968e-01      
      37      4.882e-01      
      38      6.691e-01      
      41      5.783e-01      
      42      3.987e-01      
      43      2.475e-01      
      44      1.471e-01      
      371      1.647e-01      
      372      2.482e-01      
      373      3.213e-01      
      374      3.687e-01      
      378      2.950e-01      
      379      2.274e-01      
      380      1.614e-01      
      381      1.079e-01      
      398      1.445e-01      
      399      2.148e-01      
      400      2.980e-01      
      401      3.667e-01      
      404      3.136e-01      
      405      2.443e-01      
      406      1.778e-01      
      407      1.232e-01      
      412      1.304e-01      
      413      3.516e-01      
      414      8.240e-01      
      415      1.563e+00      
      416      2.371e+00      
      417      2.884e+00      
      418      2.838e+00      
      419      2.298e+00      
      420      1.572e+00      
      421      9.475e-01      
      422      5.425e-01      
      423      3.561e-01      
      424      3.836e-01      
      425      6.657e-01      
      426      1.226e+00      
      427      1.946e+00      
      428      2.536e+00      
      429      2.701e+00      
      430      2.373e+00      
      431      1.753e+00      
      432      1.122e+00      
      433      6.481e-01      
      434      3.565e-01      
      435      1.971e-01      
      1067      1.939e-01      
      1068      6.044e-01      
      1069      1.481e+00      
      1070      2.860e+00      
      1071      4.371e+00      
      1072      5.319e+00      
      1073      5.208e+00      
      1074      4.171e+00      
      1075      2.807e+00      
      1076      1.652e+00      
      1077      8.972e-01      
      1078      4.758e-01      
      1079      2.580e-01      
      1080      1.469e-01      
      1206      1.465e-01      
      1207      4.696e-01      
      1208      1.191e+00      
      1209      2.409e+00      
      1210      3.947e+00      
      1211      5.359e+00      
      1212      6.239e+00      
      1213      6.479e+00      
      1214      6.200e+00      
      1215      5.540e+00      
      1216      4.613e+00      
      1217      3.572e+00      
      1218      2.589e+00      
      1219      1.778e+00      
      1220      1.168e+00      
      1221      7.379e-01      
      1222      4.516e-01      
      1223      2.715e-01      
      1224      1.642e-01      
      1578      2.234e-01      
      1579      2.788e-01      
      1581      2.389e-01      
      1582      1.745e-01      
      1990      1.494e-01      
      1991      4.130e-01      
      1992      9.116e-01      
      1993      1.612e+00      
      1994      2.296e+00      
      1995      2.650e+00      
      1996      2.509e+00      
      1997      1.981e+00      
      1998      1.340e+00      
      1999      8.072e-01      
      2000      4.542e-01      
      2001      2.516e-01      
      2002      1.432e-01      
      2097      1.263e-01      
      2098      2.528e-01      
      2099      4.037e-01      
      2100      5.190e-01      
      2102      4.781e-01      
      2103      3.613e-01      
      2104      2.456e-01      
      2105      1.580e-01      
      2106      1.010e-01      
      2194      1.237e-01      
      2195      4.146e-01      
      2196      1.126e+00      
      2197      2.476e+00      
      2198      4.420e+00      
      2199      6.442e+00      
      2200      7.761e+00      
      2201      7.900e+00      
      2202      7.007e+00      
      2203      5.597e+00      
      2204      4.114e+00      
      2205      2.795e+00      
      2206      1.753e+00      
      2207      1.025e+00      
      2208      5.715e-01      
      2209      3.145e-01      
      2210      1.764e-01      
      2409      2.208e-01      
      2410      3.522e-01      
      2411      4.742e-01      
      2412      5.925e-01      
      2413      7.792e-01      
      2414      1.117e+00      
      2415      1.593e+00      
      2416      2.069e+00      
      2417      2.379e+00      
      2419      2.300e+00      
      2420      1.982e+00      
      2421      1.555e+00      
      2422      1.102e+00      
      2423      7.087e-01      
      2424      4.233e-01      
      2425      2.445e-01      
      2426      1.429e-01      
      2578      2.236e-01      
      2579      2.474e-01      
      2581      1.879e-01      
      2582      1.378e-01      
      2949      1.084e-01      
      2950      2.696e-01      
      2951      5.296e-01      
      2952      8.264e-01      
      2953      1.032e+00      
      2954      1.044e+00      
      2955      8.712e-01      
      2956      6.168e-01      
      2957      3.866e-01      
      2958      2.272e-01      
      2959      1.333e-01      
      2960      1.000e-01      
      3149      1.678e-01      
      3150      2.800e-01      
      3151      3.783e-01      
      3152      4.193e-01      
      3153      3.881e-01      
      3154      3.077e-01      
      3155      2.165e-01      
      3156      1.415e-01      
      3348      2.279e-01      
      3349      3.456e-01      
      3352      3.425e-01      
      3353      2.426e-01      
      3354      1.557e-01      
      3355      1.000e-01      
      3394      1.000e-01      
      3395      2.212e-01      
      3396      6.967e-01      
      3397      1.822e+00      
      3398      3.904e+00      
      3399      6.811e+00      
      3400      9.657e+00      
      3401      1.115e+01      
      3402      1.055e+01      
      3403      8.283e+00      
      3404      5.506e+00      
      3405      3.205e+00      
      3406      1.713e+00      
      3407      8.876e-01      
      3408      4.659e-01      
      3409      2.541e-01      
      3410      1.457e-01      
      3551      1.966e-01      
      3552      6.510e-01      
      3553      1.707e+00      
      3554      3.559e+00      
      3555      5.923e+00      
      3556      7.913e+00      
      3557      8.548e+00      
      3558      7.551e+00      
      3559      5.549e+00      
      3560      3.486e+00      
      3561      1.950e+00      
      3562      1.024e+00      
      3563      5.331e-01      
      3564      2.857e-01      
      3565      1.607e-01      


3624   1.607e-01