0.0      1.000e-01      
      1      1.000e-01      
      1066      1.838e-01      
      1067      2.062e-01      
      1070      1.393e-01      
      1071      1.000e-01      
      1679      1.739e-01      
      1680      2.746e-01      
      1681      3.761e-01      
      1685      2.984e-01      
      1686      1.885e-01      
      2196      1.544e-01      
      2197      2.981e-01      
      2198      4.799e-01      
      2199      6.504e-01      
      2202      6.209e-01      
      2203      4.495e-01      
      2204      2.802e-01      
      2205      1.515e-01      
      2401      1.816e-01      
      2402      3.744e-01      
      2403      6.439e-01      
      2404      9.379e-01      
      2405      1.190e+00      
      2406      1.365e+00      
      2407      1.464e+00      
      2408      1.492e+00      
      2411      1.487e+00      
      2412      1.655e+00      
      2413      1.876e+00      
      2414      2.048e+00      
      2415      2.078e+00      
      2416      1.910e+00      
      2417      1.559e+00      
      2418      1.112e+00      
      2419      6.946e-01      
      2420      3.951e-01      
      2421      2.299e-01      
      2430      3.189e-01      
      2431      3.509e-01      
      2434      4.370e-01      
      2435      4.682e-01      
      2451      5.634e-01      
      2452      5.708e-01      
      2481      6.570e-01      
      2482      6.796e-01      
      2491      5.851e-01      
      2492      5.549e-01      
      2513      4.810e-01      
      2514      4.468e-01      
      2538      3.546e-01      
      2539      3.155e-01      
      2564      3.216e-01      
      2565      4.903e-01      
      2566      8.401e-01      
      2567      1.387e+00      
      2568      2.020e+00      
      2569      2.521e+00      
      2570      2.696e+00      
      2571      2.512e+00      
      2572      2.096e+00      
      2573      1.624e+00      
      2574      1.217e+00      
      2575      9.209e-01      
      2576      7.270e-01      
      2577      6.082e-01      
      2578      5.383e-01      
      2579      4.997e-01      
      2591      5.970e-01      
      2592      6.273e-01      
      2608      5.373e-01      
      2609      5.043e-01      
      2611      4.287e-01      
      2612      3.956e-01      
      2633      3.260e-01      
      2634      2.943e-01      
      2657      2.199e-01      
      2658      1.899e-01      
      2855      2.264e-01      
      2856      3.377e-01      
      2859      2.732e-01      
      2860      1.649e-01      


3624   1.649e-01