0.0      1.000e-01      
      1      1.000e-01      
      366      1.579e-01      
      367      2.055e-01      
      368      2.691e-01      
      369      3.444e-01      
      370      4.217e-01      
      371      4.906e-01      
      372      5.487e-01      
      373      6.048e-01      
      374      6.684e-01      
      375      7.401e-01      
      376      8.145e-01      
      377      8.908e-01      
      378      9.745e-01      
      379      1.071e+00      
      380      1.178e+00      
      381      1.287e+00      
      382      1.390e+00      
      383      1.484e+00      
      384      1.565e+00      
      389      1.499e+00      
      390      1.427e+00      
      391      1.353e+00      
      392      1.269e+00      
      393      1.168e+00      
      394      1.051e+00      
      395      9.278e-01      
      396      8.094e-01      
      397      7.035e-01      
      398      6.160e-01      
      399      5.517e-01      
      411      6.264e-01      
      412      6.768e-01      
      413      7.742e-01      
      414      9.166e-01      
      415      1.078e+00      
      416      1.223e+00      
      417      1.327e+00      
      418      1.397e+00      
      419      1.456e+00      
      420      1.524e+00      
      421      1.602e+00      
      422      1.690e+00      
      423      1.795e+00      
      424      1.926e+00      
      425      2.078e+00      
      426      2.232e+00      
      427      2.363e+00      
      428      2.465e+00      
      429      2.543e+00      
      430      2.605e+00      
      433      2.564e+00      
      434      2.447e+00      
      435      2.317e+00      
      436      2.208e+00      
      437      2.131e+00      
      438      2.071e+00      
      439      2.003e+00      
      440      1.906e+00      
      441      1.769e+00      
      442      1.595e+00      
      443      1.405e+00      
      444      1.228e+00      
      445      1.090e+00      
      446      9.966e-01      
      447      9.394e-01      
      450      8.532e-01      
      451      8.245e-01      
      453      7.440e-01      
      454      6.943e-01      
      455      6.432e-01      
      456      5.925e-01      
      457      5.407e-01      
      458      4.863e-01      
      459      4.318e-01      
      460      3.838e-01      
      471      4.755e-01      
      472      4.958e-01      
      478      4.336e-01      
      479      3.912e-01      
      485      3.073e-01      
      486      2.804e-01      
      488      1.976e-01      
      489      1.536e-01      
      1069      1.508e-01      
      1070      2.881e-01      
      1071      4.331e-01      
      1074      3.611e-01      
      1075      2.173e-01      
      1076      1.069e-01      
      1208      1.156e-01      
      1209      2.271e-01      
      1210      3.668e-01      
      1211      4.940e-01      
      1214      5.748e-01      
      1215      5.999e-01      
      1216      7.020e-01      
      1217      8.945e-01      
      1218      1.159e+00      
      1219      1.456e+00      
      1220      1.733e+00      
      1221      1.947e+00      
      1222      2.073e+00      
      1225      1.985e+00      
      1226      1.873e+00      
      1227      1.758e+00      
      1228      1.658e+00      
      1229      1.584e+00      
      1230      1.523e+00      
      1231      1.448e+00      
      1232      1.332e+00      
      1233      1.181e+00      
      1234      1.023e+00      
      1235      8.956e-01      
      1236      8.176e-01      
      1237      7.839e-01      
      1246      8.761e-01      
      1247      8.863e-01      
      1256      7.868e-01      
      1257      7.676e-01      
      1259      7.032e-01      
      1260      6.648e-01      
      1263      5.818e-01      
      1264      5.613e-01      
      1267      4.732e-01      
      1268      4.355e-01      
      1271      3.431e-01      
      1272      3.273e-01      
      1285      2.378e-01      
      1286      2.103e-01      
      1289      1.110e-01      
      1290      1.000e-01      
      1990      1.952e-01      
      1991      2.103e-01      
      1993      1.353e-01      
      1994      1.000e-01      
      2106      1.349e-01      
      2107      2.006e-01      
      2108      2.738e-01      
      2109      3.431e-01      
      2117      2.504e-01      
      2118      2.166e-01      
      2120      1.457e-01      
      2121      1.103e-01      
      2211      1.918e-01      
      2212      2.221e-01      
      2226      1.418e-01      
      2227      1.120e-01      
      3344      1.060e-01      
      3345      2.670e-01      
      3346      5.312e-01      
      3347      8.365e-01      
      3348      1.046e+00      
      3349      1.043e+00      
      3350      8.334e-01      
      3351      5.371e-01      
      3352      2.824e-01      
      3353      1.236e-01      
      3361      1.581e-01      
      3362      2.384e-01      
      3363      3.236e-01      
      3364      4.022e-01      
      3365      4.642e-01      
      3366      5.035e-01      
      3379      4.446e-01      
      3380      3.780e-01      
      3381      3.051e-01      
      3382      2.395e-01      
      3384      1.482e-01      
      3385      1.153e-01      
      3394      1.848e-01      
      3395      2.555e-01      
      3396      3.334e-01      
      3397      4.035e-01      
      3398      4.592e-01      
      3399      5.083e-01      
      3400      5.650e-01      
      3401      6.357e-01      
      3402      7.143e-01      
      3403      7.860e-01      
      3411      7.053e-01      
      3412      6.609e-01      
      3413      6.000e-01      
      3414      5.259e-01      
      3415      4.442e-01      
      3416      3.620e-01      
      3417      2.877e-01      
      3418      2.307e-01      
      3425      1.328e-01      
      3426      1.000e-01      
      3437      1.944e-01      
      3438      2.468e-01      
      3439      2.999e-01      
      3440      3.515e-01      
      3447      3.202e-01      
      3448      2.509e-01      
      3449      1.835e-01      
      3450      1.261e-01      
      3549      1.309e-01      
      3550      2.262e-01      
      3551      3.165e-01      
      3552      3.665e-01      
      3555      4.280e-01      
      3556      5.560e-01      
      3557      7.227e-01      
      3558      8.681e-01      
      3559      9.682e-01      
      3560      1.062e+00      
      3561      1.207e+00      
      3562      1.420e+00      
      3563      1.659e+00      
      3564      1.862e+00      
      3565      1.992e+00      
      3570      1.921e+00      
      3571      1.857e+00      
      3572      1.782e+00      
      3573      1.696e+00      
      3574      1.601e+00      
      3575      1.502e+00      
      3576      1.412e+00      
      3577      1.341e+00      
      3579      1.254e+00      
      3580      1.212e+00      
      3581      1.155e+00      
      3582      1.085e+00      
      3583      1.014e+00      
      3584      9.555e-01      
      3589      8.819e-01      
      3590      8.371e-01      
      3591      7.696e-01      
      3592      6.912e-01      
      3593      6.148e-01      
      3594      5.486e-01      
      3596      4.492e-01      
      3597      4.109e-01      
      3600      3.289e-01      
      3601      3.097e-01      
      3606      2.215e-01      
      3607      2.008e-01      
      3611      1.037e-01      
      3612      1.000e-01      


3624   1.000e-01