0.0      1.000e-01      
      1      1.000e-01      
      359      1.265e-01      
      360      2.224e-01      
      361      3.448e-01      
      362      4.700e-01      
      365      4.683e-01      
      366      3.297e-01      
      367      1.953e-01      
      407      2.935e-01      
      408      3.168e-01      
      422      4.056e-01      
      423      4.231e-01      
      456      3.371e-01      
      457      3.224e-01      
      474      2.417e-01      
      475      2.183e-01      
      483      1.205e-01      
      484      1.172e-01      
      2095      1.954e-01      
      2096      2.730e-01      
      2099      2.200e-01      
      2100      1.405e-01      
      2559      1.141e-01      
      2560      3.038e-01      
      2561      6.426e-01      
      2562      1.084e+00      
      2563      1.461e+00      
      2564      1.580e+00      
      2565      1.378e+00      
      2566      9.752e-01      
      2567      5.662e-01      
      2568      2.748e-01      
      2569      1.154e-01      
      2589      1.952e-01      
      2590      2.285e-01      
      2596      3.266e-01      
      2597      3.386e-01      
      2603      4.347e-01      
      2604      4.400e-01      
      2613      3.554e-01      
      2614      3.394e-01      
      2627      2.588e-01      
      2628      2.339e-01      
      2632      1.349e-01      
      2633      1.199e-01      
      2667      2.115e-01      
      2668      2.450e-01      
      2670      1.882e-01      
      2671      1.326e-01      


3624   1.326e-01