0.0      1.000e-01      
      1      1.000e-01      
      36      1.791e-01      
      37      2.515e-01      
      40      2.059e-01      
      41      1.366e-01      
      366      1.553e-01      
      367      2.437e-01      
      368      3.868e-01      
      369      5.826e-01      
      370      7.856e-01      
      371      9.193e-01      
      373      8.602e-01      
      374      7.586e-01      
      375      6.770e-01      
      376      6.235e-01      
      379      6.731e-01      
      380      7.917e-01      
      381      9.600e-01      
      382      1.164e+00      
      383      1.386e+00      
      384      1.605e+00      
      385      1.805e+00      
      386      1.980e+00      
      387      2.127e+00      
      388      2.242e+00      
      389      2.323e+00      
      390      2.373e+00      
      396      2.456e+00      
      397      2.479e+00      
      402      2.574e+00      
      403      2.606e+00      
      404      2.665e+00      
      405      2.747e+00      
      406      2.830e+00      
      407      2.890e+00      
      410      2.966e+00      
      411      3.084e+00      
      412      3.332e+00      
      413      3.704e+00      
      414      4.110e+00      
      415      4.406e+00      
      417      4.362e+00      
      418      4.156e+00      
      419      4.011e+00      
      420      4.000e+00      
      421      4.119e+00      
      422      4.344e+00      
      423      4.678e+00      
      424      5.128e+00      
      425      5.632e+00      
      426      6.038e+00      
      427      6.201e+00      
      428      6.095e+00      
      429      5.821e+00      
      430      5.524e+00      
      431      5.295e+00      
      432      5.151e+00      
      433      5.063e+00      
      434      4.992e+00      
      435      4.909e+00      
      436      4.795e+00      
      437      4.649e+00      
      438      4.484e+00      
      439      4.318e+00      
      440      4.167e+00      
      441      4.036e+00      
      442      3.919e+00      
      443      3.809e+00      
      444      3.701e+00      
      445      3.599e+00      
      446      3.516e+00      
      447      3.460e+00      
      449      3.395e+00      
      450      3.342e+00      
      451      3.248e+00      
      452      3.109e+00      
      453      2.938e+00      
      454      2.764e+00      
      455      2.615e+00      
      456      2.505e+00      
      457      2.432e+00      
      458      2.378e+00      
      459      2.323e+00      
      460      2.253e+00      
      461      2.161e+00      
      462      2.051e+00      
      463      1.931e+00      
      464      1.814e+00      
      465      1.706e+00      
      466      1.614e+00      
      467      1.536e+00      
      468      1.469e+00      
      469      1.407e+00      
      470      1.348e+00      
      471      1.291e+00      
      472      1.236e+00      
      473      1.179e+00      
      474      1.122e+00      
      475      1.067e+00      
      477      9.776e-01      
      478      9.476e-01      
      482      8.504e-01      
      483      8.228e-01      
      486      7.339e-01      
      487      7.002e-01      
      490      6.092e-01      
      491      5.847e-01      
      495      4.926e-01      
      496      4.748e-01      
      511      3.790e-01      
      512      3.506e-01      
      519      2.599e-01      
      520      2.452e-01      
      543      1.453e-01      
      544      1.442e-01      
      1068      1.616e-01      
      1069      3.863e-01      
      1070      7.343e-01      
      1071      1.112e+00      
      1072      1.347e+00      
      1073      1.312e+00      
      1074      1.037e+00      
      1075      6.748e-01      
      1076      3.721e-01      
      1077      1.829e-01      
      1207      2.296e-01      
      1208      5.128e-01      
      1209      9.356e-01      
      1210      1.411e+00      
      1211      1.782e+00      
      1212      1.917e+00      
      1213      1.789e+00      
      1214      1.482e+00      
      1215      1.120e+00      
      1216      8.066e-01      
      1217      5.961e-01      
      1220      6.185e-01      
      1221      7.842e-01      
      1222      9.931e-01      
      1223      1.229e+00      
      1224      1.480e+00      
      1225      1.734e+00      
      1226      1.977e+00      
      1227      2.196e+00      
      1228      2.380e+00      
      1229      2.525e+00      
      1230      2.630e+00      
      1235      2.581e+00      
      1236      2.500e+00      
      1237      2.418e+00      
      1238      2.344e+00      
      1239      2.286e+00      
      1240      2.237e+00      
      1241      2.184e+00      
      1242      2.116e+00      
      1243      2.028e+00      
      1244      1.925e+00      
      1245      1.818e+00      
      1246      1.720e+00      
      1247      1.641e+00      
      1248      1.582e+00      
      1249      1.540e+00      
      1251      1.470e+00      
      1252      1.428e+00      
      1253      1.379e+00      
      1254      1.328e+00      
      1256      1.244e+00      
      1257      1.219e+00      
      1260      1.143e+00      
      1261      1.103e+00      
      1263      1.025e+00      
      1264      9.891e-01      
      1266      9.112e-01      
      1267      8.685e-01      
      1269      7.887e-01      
      1270      7.585e-01      
      1274      6.714e-01      
      1275      6.409e-01      
      1277      5.701e-01      
      1278      5.359e-01      
      1285      4.448e-01      
      1286      4.304e-01      
      1289      3.584e-01      
      1290      3.270e-01      
      1292      2.591e-01      
      1293      2.256e-01      
      1298      1.276e-01      
      1299      1.193e-01      
      1986      1.146e-01      
      1987      2.388e-01      
      1988      4.068e-01      
      1989      5.760e-01      
      1990      6.901e-01      
      1992      6.351e-01      
      1993      4.971e-01      
      1994      3.436e-01      
      1995      2.132e-01      
      1996      1.223e-01      
      1997      1.000e-01      
      2095      1.085e-01      
      2096      2.741e-01      
      2097      5.480e-01      
      2098      8.708e-01      
      2099      1.108e+00      
      2100      1.139e+00      
      2101      9.592e-01      
      2102      6.744e-01      
      2103      4.071e-01      
      2104      2.199e-01      
      2105      1.128e-01      
      2199      2.043e-01      
      2200      3.644e-01      
      2201      5.518e-01      
      2202      7.028e-01      
      2204      6.604e-01      
      2205      4.911e-01      
      2206      3.173e-01      
      2207      1.933e-01      
      2216      2.868e-01      
      2217      3.072e-01      
      2231      2.115e-01      
      2232      2.012e-01      
      2252      1.154e-01      
      2253      1.000e-01      
      3343      1.000e-01      
      3344      2.137e-01      
      3345      5.104e-01      
      3346      9.797e-01      
      3347      1.514e+00      
      3348      1.890e+00      
      3349      1.910e+00      
      3350      1.573e+00      
      3351      1.065e+00      
      3352      6.037e-01      
      3353      2.961e-01      
      3354      1.336e-01      
      3387      2.162e-01      
      3388      2.477e-01      
      3392      3.235e-01      
      3393      3.615e-01      
      3394      4.547e-01      
      3395      6.027e-01      
      3396      7.625e-01      
      3397      8.685e-01      
      3399      8.190e-01      
      3400      7.383e-01      
      3404      7.741e-01      
      3405      8.448e-01      
      3406      9.219e-01      
      3407      1.000e+00      
      3408      1.073e+00      
      3409      1.137e+00      
      3411      1.234e+00      
      3412      1.269e+00      
      3419      1.360e+00      
      3420      1.385e+00      
      3422      1.349e+00      
      3423      1.279e+00      
      3424      1.194e+00      
      3425      1.117e+00      
      3429      1.195e+00      
      3430      1.327e+00      
      3431      1.435e+00      
      3434      1.382e+00      
      3435      1.325e+00      
      3444      1.236e+00      
      3445      1.180e+00      
      3446      1.117e+00      
      3447      1.048e+00      
      3448      9.763e-01      
      3449      9.018e-01      
      3450      8.268e-01      
      3451      7.546e-01      
      3452      6.885e-01      
      3453      6.317e-01      
      3455      5.504e-01      
      3456      5.231e-01      
      3460      4.398e-01      
      3461      4.201e-01      
      3466      3.240e-01      
      3467      3.063e-01      
      3474      2.173e-01      
      3475      1.957e-01      
      3548      1.542e-01      
      3549      3.219e-01      
      3550      5.554e-01      
      3551      7.881e-01      
      3552      9.371e-01      
      3554      1.027e+00      
      3555      1.178e+00      
      3556      1.468e+00      
      3557      1.774e+00      
      3558      1.900e+00      
      3559      1.743e+00      
      3560      1.378e+00      
      3561      9.906e-01      
      3562      7.371e-01      
      3564      7.424e-01      
      3565      9.067e-01      
      3566      1.105e+00      
      3567      1.298e+00      
      3568      1.465e+00      
      3569      1.599e+00      
      3570      1.702e+00      
      3571      1.780e+00      
      3572      1.841e+00      
      3580      1.789e+00      
      3581      1.723e+00      
      3582      1.657e+00      
      3583      1.598e+00      
      3584      1.545e+00      
      3585      1.493e+00      
      3586      1.437e+00      
      3587      1.377e+00      
      3588      1.317e+00      
      3589      1.258e+00      
      3590      1.204e+00      
      3591      1.152e+00      
      3592      1.097e+00      
      3593      1.038e+00      
      3594      9.720e-01      
      3595      8.994e-01      
      3596      8.263e-01      
      3597      7.629e-01      
      3607      6.724e-01      
      3608      6.428e-01      
      3611      5.583e-01      
      3612      5.275e-01      
      3614      4.582e-01      
      3615      4.258e-01      
      3618      3.429e-01      
      3619      3.166e-01      


3624   3.166e-01