0.0      1.000e-01      
      1      1.000e-01      
      34      1.979e-01      
      35      3.625e-01      
      36      5.389e-01      
      37      6.419e-01      
      38      6.141e-01      
      39      4.781e-01      
      40      3.114e-01      
      41      1.786e-01      
      366      1.792e-01      
      367      4.001e-01      
      368      7.433e-01      
      369      1.115e+00      
      370      1.339e+00      
      371      1.289e+00      
      372      1.004e+00      
      373      6.439e-01      
      374      3.521e-01      
      375      1.756e-01      
      384      1.557e-01      
      385      2.993e-01      
      386      4.775e-01      
      387      6.186e-01      
      389      5.554e-01      
      390      3.947e-01      
      391      2.412e-01      
      392      1.354e-01      
      408      1.568e-01      
      409      2.740e-01      
      410      5.856e-01      
      411      1.205e+00      
      412      2.109e+00      
      413      3.014e+00      
      414      3.479e+00      
      415      3.250e+00      
      416      2.484e+00      
      417      1.600e+00      
      418      9.333e-01      
      419      5.907e-01      
      420      5.409e-01      
      421      7.607e-01      
      422      1.263e+00      
      423      1.998e+00      
      424      2.745e+00      
      425      3.181e+00      
      426      3.109e+00      
      427      2.617e+00      
      428      1.996e+00      
      429      1.502e+00      
      430      1.228e+00      
      431      1.131e+00      
      432      1.125e+00      
      445      1.065e+00      
      446      1.023e+00      
      448      9.353e-01      
      449      8.913e-01      
      451      8.013e-01      
      452      7.586e-01      
      455      6.683e-01      
      456      6.528e-01      
      463      5.614e-01      
      464      5.352e-01      
      475      4.370e-01      
      476      4.344e-01      
      488      3.374e-01      
      489      3.071e-01      
      492      2.239e-01      
      493      2.038e-01      
      539      1.100e-01      
      540      1.000e-01      
      1064      1.000e-01      
      1065      2.029e-01      
      1066      4.839e-01      
      1067      9.898e-01      
      1068      1.713e+00      
      1069      2.516e+00      
      1070      3.142e+00      
      1071      3.326e+00      
      1072      2.968e+00      
      1073      2.222e+00      
      1074      1.399e+00      
      1075      7.528e-01      
      1076      3.605e-01      
      1077      1.666e-01      
      1204      1.000e-01      
      1205      2.687e-01      
      1206      7.024e-01      
      1207      1.535e+00      
      1208      2.772e+00      
      1209      4.161e+00      
      1210      5.270e+00      
      1211      5.735e+00      
      1212      5.469e+00      
      1213      4.638e+00      
      1214      3.522e+00      
      1215      2.392e+00      
      1216      1.456e+00      
      1217      8.074e-01      
      1218      4.299e-01      
      1219      2.459e-01      
      1224      3.147e-01      
      1225      3.822e-01      
      1226      4.447e-01      
      1227      4.985e-01      
      1229      5.979e-01      
      1230      6.576e-01      
      1231      7.237e-01      
      1232      7.849e-01      
      1235      8.774e-01      
      1236      9.051e-01      
      1245      8.195e-01      
      1246      7.867e-01      
      1249      6.986e-01      
      1250      6.728e-01      
      1258      5.836e-01      
      1259      5.501e-01      
      1261      4.630e-01      
      1262      4.256e-01      
      1266      3.337e-01      
      1267      3.115e-01      
      1287      2.122e-01      
      1288      1.911e-01      
      1532      2.749e-01      
      1533      3.357e-01      
      1535      2.819e-01      
      1536      2.036e-01      
      1537      1.355e-01      
      1538      1.000e-01      
      1679      1.239e-01      
      1680      2.670e-01      
      1681      5.207e-01      
      1682      8.639e-01      
      1683      1.189e+00      
      1684      1.347e+00      
      1685      1.259e+00      
      1686      9.793e-01      
      1687      6.436e-01      
      1688      3.691e-01      
      1689      1.972e-01      
      1985      1.951e-01      
      1986      3.599e-01      
      1987      5.491e-01      
      1988      7.015e-01      
      1989      7.885e-01      
      1990      8.347e-01      
      1992      8.337e-01      
      1993      7.149e-01      
      1994      5.228e-01      
      1995      3.262e-01      
      1996      1.810e-01      
      2095      1.770e-01      
      2096      3.909e-01      
      2097      7.351e-01      
      2098      1.154e+00      
      2099      1.511e+00      
      2100      1.653e+00      
      2101      1.516e+00      
      2102      1.170e+00      
      2103      7.656e-01      
      2104      4.333e-01      
      2105      2.216e-01      
      2106      1.114e-01      
      2194      1.000e-01      
      2195      2.588e-01      
      2196      6.883e-01      
      2197      1.545e+00      
      2198      2.899e+00      
      2199      4.594e+00      
      2200      6.210e+00      
      2201      7.185e+00      
      2202      7.076e+00      
      2203      5.871e+00      
      2204      4.068e+00      
      2205      2.356e+00      
      2206      1.159e+00      
      2207      5.065e-01      
      2208      2.178e-01      
      2209      1.098e-01      
      2243      2.011e-01      
      2244      2.276e-01      
      2267      1.290e-01      
      2268      1.262e-01      
      2404      1.473e-01      
      2405      4.051e-01      
      2406      9.451e-01      
      2407      1.786e+00      
      2408      2.718e+00      
      2409      3.391e+00      
      2410      3.662e+00      
      2411      3.821e+00      
      2412      4.310e+00      
      2413      5.172e+00      
      2414      5.911e+00      
      2415      5.968e+00      
      2416      5.228e+00      
      2417      4.022e+00      
      2418      2.782e+00      
      2419      1.788e+00      
      2420      1.136e+00      
      2421      8.013e-01      
      2422      6.945e-01      
      2424      7.803e-01      
      2425      8.501e-01      
      2426      9.139e-01      
      2427      9.782e-01      
      2428      1.049e+00      
      2429      1.126e+00      
      2430      1.203e+00      
      2431      1.273e+00      
      2432      1.334e+00      
      2433      1.384e+00      
      2436      1.483e+00      
      2437      1.500e+00      
      2443      1.400e+00      
      2444      1.361e+00      
      2446      1.286e+00      
      2447      1.246e+00      
      2449      1.148e+00      
      2450      1.098e+00      
      2452      1.015e+00      
      2453      9.807e-01      
      2457      8.888e-01      
      2458      8.791e-01      
      2464      7.895e-01      
      2465      7.505e-01      
      2466      7.035e-01      
      2467      6.501e-01      
      2468      5.946e-01      
      2469      5.441e-01      
      2476      4.518e-01      
      2477      4.427e-01      
      2482      3.503e-01      
      2483      3.420e-01      
      2491      2.652e-01      
      2492      2.412e-01      
      2534      1.497e-01      
      2535      1.376e-01      
      2566      1.139e-01      
      2567      2.519e-01      
      2568      5.342e-01      
      2569      9.848e-01      
      2570      1.531e+00      
      2571      1.997e+00      
      2572      2.186e+00      
      2573      2.016e+00      
      2574      1.578e+00      
      2575      1.066e+00      
      2576      6.444e-01      
      2577      3.792e-01      
      2578      2.518e-01      
      2656      1.578e-01      
      2657      1.397e-01      
      2945      1.000e-01      
      2946      2.455e-01      
      2947      6.325e-01      
      2948      1.342e+00      
      2949      2.293e+00      
      2950      3.137e+00      
      2951      3.438e+00      
      2952      3.031e+00      
      2953      2.166e+00      
      2954      1.275e+00      
      2955      6.378e-01      
      2956      2.891e-01      
      2957      1.338e-01      
      3138      1.000e-01      
      3139      2.348e-01      
      3140      6.514e-01      
      3141      1.537e+00      
      3142      2.951e+00      
      3143      4.550e+00      
      3144      5.640e+00      
      3145      5.700e+00      
      3146      4.880e+00      
      3147      3.826e+00      
      3148      3.039e+00      
      3149      2.521e+00      
      3150      2.028e+00      
      3151      1.453e+00      
      3152      8.946e-01      
      3153      4.828e-01      
      3154      2.472e-01      
      3155      1.379e-01      
      3342      1.032e-01      
      3343      2.841e-01      
      3344      7.070e-01      
      3345      1.480e+00      
      3346      2.544e+00      
      3347      3.550e+00      
      3348      4.001e+00      
      3349      3.641e+00      
      3350      2.686e+00      
      3351      1.625e+00      
      3352      8.270e-01      
      3353      3.724e-01      
      3354      1.639e-01      
      3387      2.533e-01      
      3388      3.492e-01      
      3394      4.424e-01      
      3395      5.443e-01      
      3398      4.716e-01      
      3399      3.807e-01      
      3400      3.102e-01      
      3401      2.657e-01      
      3430      3.580e-01      
      3431      3.864e-01      
      3435      2.885e-01      
      3436      2.641e-01      
      3473      1.649e-01      
      3474      1.602e-01      
      3552      1.932e-01      
      3553      4.454e-01      
      3554      9.416e-01      
      3555      1.684e+00      
      3556      2.454e+00      
      3557      2.872e+00      
      3558      2.696e+00      
      3559      2.042e+00      
      3560      1.267e+00      
      3561      6.654e-01      
      3562      3.153e-01      
      3563      1.520e-01      


3624   1.520e-01