0.0      1.000e-01      
      1      1.000e-01      
      2095      1.807e-01      
      2096      2.504e-01      
      2099      2.106e-01      
      2100      1.420e-01      
      2559      1.806e-01      
      2560      3.283e-01      
      2561      5.626e-01      
      2562      8.224e-01      
      2563      9.902e-01      
      2564      9.777e-01      
      2565      8.004e-01      
      2566      5.568e-01      
      2567      3.437e-01      
      2568      2.032e-01      
      2569      1.291e-01      
      2570      1.000e-01      


3624   1.000e-01