0.0      1.000e-01      
      1      1.000e-01      
      358      1.707e-01      
      359      3.191e-01      
      360      5.286e-01      
      361      7.631e-01      
      362      9.497e-01      
      364      9.163e-01      
      365      7.110e-01      
      366      4.785e-01      
      367      2.873e-01      
      368      1.623e-01      
      409      2.502e-01      
      410      3.151e-01      
      415      2.191e-01      
      416      1.913e-01      
      443      2.905e-01      
      444      2.966e-01      
      523      2.108e-01      
      524      1.911e-01      
      1063      2.358e-01      
      1064      3.522e-01      
      1065      4.526e-01      
      1069      4.091e-01      
      1070      3.138e-01      
      1071      2.179e-01      
      1072      1.427e-01      
      1201      1.962e-01      
      1202      4.225e-01      
      1203      7.959e-01      
      1204      1.244e+00      
      1205      1.607e+00      
      1206      1.745e+00      
      1207      1.656e+00      
      1208      1.453e+00      
      1209      1.242e+00      
      1210      1.054e+00      
      1211      8.729e-01      
      1212      6.972e-01      
      1213      5.519e-01      
      1214      4.541e-01      
      1215      3.971e-01      
      1287      2.972e-01      
      1288      2.945e-01      
      1361      2.102e-01      
      1362      1.908e-01      
      2096      2.715e-01      
      2097      2.993e-01      
      2099      2.168e-01      
      2100      1.499e-01      
      2559      1.232e-01      
      2560      2.681e-01      
      2561      5.114e-01      
      2562      8.036e-01      
      2563      1.023e+00      
      2564      1.054e+00      
      2565      8.876e-01      
      2566      6.206e-01      
      2567      3.724e-01      
      2568      2.041e-01      
      2569      1.130e-01      
      2570      1.000e-01      


3624   1.000e-01