0.0      1.000e-01      
      1      1.000e-01      
      31      1.462e-01      
      32      2.872e-01      
      33      6.950e-01      
      34      1.587e+00      
      35      3.030e+00      
      36      4.677e+00      
      37      5.813e+00      
      38      5.875e+00      
      39      4.941e+00      
      40      3.612e+00      
      41      2.462e+00      
      42      1.703e+00      
      43      1.262e+00      
      44      1.000e+00      
      45      8.266e-01      
      46      6.999e-01      
      47      6.034e-01      
      48      5.276e-01      
      49      4.667e-01      
      50      4.174e-01      
      57      3.176e-01      
      58      3.100e-01      
      83      2.100e-01      
      84      2.100e-01      
      147      1.103e-01      
      148      1.038e-01      
      160      1.639e-01      
      161      2.278e-01      
      162      3.351e-01      
      163      4.841e-01      
      164      6.478e-01      
      165      7.775e-01      
      167      7.789e-01      
      168      6.549e-01      
      169      5.005e-01      
      170      3.586e-01      
      171      2.522e-01      
      172      1.834e-01      
      173      1.440e-01      
      183      2.015e-01      
      184      2.788e-01      
      185      4.134e-01      
      186      6.211e-01      
      187      8.875e-01      
      188      1.158e+00      
      189      1.357e+00      
      191      1.341e+00      
      192      1.147e+00      
      193      9.078e-01      
      194      6.862e-01      
      195      5.184e-01      
      196      4.110e-01      
      204      4.978e-01      
      205      5.692e-01      
      206      6.658e-01      
      207      7.919e-01      
      208      9.340e-01      
      209      1.054e+00      
      211      1.057e+00      
      212      9.240e-01      
      213      7.543e-01      
      214      6.029e-01      
      215      4.995e-01      
      219      4.002e-01      
      220      3.877e-01      
      240      2.957e-01      
      241      2.816e-01      
      253      1.897e-01      
      254      1.776e-01      
      359      2.451e-01      
      360      5.776e-01      
      361      1.488e+00      
      362      3.596e+00      
      363      7.564e+00      
      364      1.342e+01      
      365      1.988e+01      
      366      2.467e+01      
      367      2.602e+01      
      368      2.392e+01      
      369      1.986e+01      
      370      1.556e+01      
      371      1.198e+01      
      372      9.305e+00      
      373      7.355e+00      
      374      5.896e+00      
      375      4.761e+00      
      376      3.853e+00      
      377      3.121e+00      
      378      2.534e+00      
      379      2.069e+00      
      380      1.709e+00      
      381      1.435e+00      
      382      1.230e+00      
      383      1.079e+00      
      384      9.706e-01      
      385      8.918e-01      
      386      8.314e-01      
      388      7.439e-01      
      389      7.163e-01      
      406      7.859e-01      
      407      8.470e-01      
      408      9.553e-01      
      409      1.116e+00      
      410      1.349e+00      
      411      1.700e+00      
      412      2.215e+00      
      413      2.872e+00      
      414      3.572e+00      
      415      4.173e+00      
      416      4.547e+00      
      417      4.582e+00      
      418      4.229e+00      
      419      3.571e+00      
      420      2.823e+00      
      421      2.204e+00      
      422      1.808e+00      
      423      1.591e+00      
      424      1.470e+00      
      425      1.384e+00      
      426      1.317e+00      
      429      1.221e+00      
      430      1.215e+00      
      442      1.304e+00      
      443      1.323e+00      
      447      1.416e+00      
      448      1.425e+00      
      451      1.364e+00      
      452      1.325e+00      
      456      1.225e+00      
      457      1.209e+00      
      485      1.109e+00      
      486      1.106e+00      
      492      1.013e+00      
      493      1.005e+00      
      500      9.158e-01      
      501      9.020e-01      
      520      8.160e-01      
      521      7.954e-01      
      546      6.957e-01      
      547      6.816e-01      
      574      5.837e-01      
      575      5.812e-01      
      608      5.000e-01      
      609      4.800e-01      
      687      3.897e-01      
      688      3.776e-01      
      740      2.778e-01      
      741      2.760e-01      
      905      1.800e-01      
      906      1.600e-01      
      1061      2.279e-01      
      1062      3.592e-01      
      1063      5.997e-01      
      1064      1.047e+00      
      1065      1.867e+00      
      1066      3.252e+00      
      1067      5.318e+00      
      1068      7.946e+00      
      1069      1.068e+01      
      1070      1.279e+01      
      1071      1.359e+01      
      1072      1.284e+01      
      1073      1.092e+01      
      1074      8.568e+00      
      1075      6.427e+00      
      1076      4.791e+00      
      1077      3.640e+00      
      1078      2.837e+00      
      1079      2.259e+00      
      1080      1.829e+00      
      1081      1.507e+00      
      1082      1.266e+00      
      1083      1.087e+00      
      1084      9.564e-01      
      1085      8.632e-01      
      1086      7.983e-01      
      1088      7.167e-01      
      1089      6.854e-01      
      1093      5.855e-01      
      1094      5.684e-01      
      1170      4.790e-01      
      1171      4.603e-01      
      1203      5.123e-01      
      1204      7.766e-01      
      1205      1.520e+00      
      1206      3.149e+00      
      1207      5.894e+00      
      1208      9.383e+00      
      1209      1.254e+01      
      1210      1.418e+01      
      1211      1.384e+01      
      1212      1.201e+01      
      1213      9.652e+00      
      1214      7.529e+00      
      1215      5.923e+00      
      1216      4.766e+00      
      1217      3.906e+00      
      1218      3.234e+00      
      1219      2.702e+00      
      1220      2.289e+00      
      1221      1.977e+00      
      1222      1.751e+00      
      1223      1.595e+00      
      1224      1.490e+00      
      1225      1.419e+00      
      1226      1.367e+00      
      1228      1.289e+00      
      1229      1.263e+00      
      1235      1.173e+00      
      1236      1.159e+00      
      1247      1.066e+00      
      1248      1.059e+00      
      1264      9.777e-01      
      1265      9.559e-01      
      1288      8.588e-01      
      1289      8.374e-01      
      1311      7.467e-01      
      1312      7.323e-01      
      1317      6.379e-01      
      1318      6.314e-01      
      1360      5.365e-01      
      1361      5.177e-01      
      1409      4.193e-01      
      1410      4.065e-01      
      1439      3.078e-01      
      1440      3.060e-01      
      1512      3.891e-01      
      1513      4.250e-01      
      1514      4.791e-01      
      1515      5.471e-01      
      1520      4.627e-01      
      1521      4.137e-01      
      1544      3.167e-01      
      1545      3.131e-01      
      1572      4.118e-01      
      1573      4.333e-01      
      1576      3.506e-01      
      1577      3.226e-01      
      1673      3.456e-01      
      1674      6.313e-01      
      1675      1.401e+00      
      1676      3.019e+00      
      1677      5.645e+00      
      1678      8.893e+00      
      1679      1.184e+01      
      1680      1.356e+01      
      1681      1.367e+01      
      1682      1.245e+01      
      1683      1.054e+01      
      1684      8.539e+00      
      1685      6.845e+00      
      1686      5.554e+00      
      1687      4.591e+00      
      1688      3.839e+00      
      1689      3.215e+00      
      1690      2.680e+00      
      1691      2.227e+00      
      1692      1.855e+00      
      1693      1.561e+00      
      1694      1.335e+00      
      1695      1.161e+00      
      1696      1.027e+00      
      1697      9.210e-01      
      1698      8.367e-01      
      1699      7.694e-01      
      1701      6.741e-01      
      1702      6.424e-01      
      1713      6.841e-01      
      1714      7.693e-01      
      1715      8.625e-01      
      1716      9.230e-01      
      1718      8.695e-01      
      1719      7.971e-01      
      1720      7.352e-01      
      1721      6.937e-01      
      1729      5.962e-01      
      1730      5.912e-01      
      1768      4.986e-01      
      1769      4.853e-01      
      1795      3.862e-01      
      1796      3.775e-01      
      1910      2.789e-01      
      1911      2.762e-01      
      1938      1.825e-01      
      1939      1.704e-01      
      1980      1.860e-01      
      1981      3.014e-01      
      1982      5.930e-01      
      1983      1.162e+00      
      1984      1.999e+00      
      1985      2.885e+00      
      1986      3.456e+00      
      1987      3.458e+00      
      1988      2.948e+00      
      1989      2.228e+00      
      1990      1.590e+00      
      1991      1.155e+00      
      1992      8.977e-01      
      1993      7.478e-01      
      1994      6.508e-01      
      1995      5.795e-01      
      1996      5.231e-01      
      1997      4.773e-01      
      2001      3.780e-01      
      2002      3.754e-01      
      2010      2.888e-01      
      2011      2.659e-01      
      2060      1.726e-01      
      2061      1.649e-01      
      2092      2.626e-01      
      2093      5.227e-01      
      2094      1.144e+00      
      2095      2.293e+00      
      2096      3.926e+00      
      2097      5.667e+00      
      2098      6.931e+00      
      2099      7.259e+00      
      2100      6.578e+00      
      2101      5.231e+00      
      2102      3.751e+00      
      2103      2.552e+00      
      2104      1.767e+00      
      2105      1.315e+00      
      2106      1.057e+00      
      2107      8.956e-01      
      2108      7.861e-01      
      2109      7.101e-01      
      2110      6.579e-01      
      2113      5.637e-01      
      2114      5.371e-01      
      2118      4.510e-01      
      2119      4.360e-01      
      2140      3.360e-01      
      2141      3.340e-01      
      2193      3.393e-01      
      2194      4.699e-01      
      2195      8.174e-01      
      2196      1.584e+00      
      2197      3.026e+00      
      2198      5.374e+00      
      2199      8.649e+00      
      2200      1.243e+01      
      2201      1.582e+01      
      2202      1.775e+01      
      2203      1.764e+01      
      2204      1.575e+01      
      2205      1.298e+01      
      2206      1.025e+01      
      2207      8.053e+00      
      2208      6.440e+00      
      2209      5.256e+00      
      2210      4.351e+00      
      2211      3.637e+00      
      2212      3.070e+00      
      2213      2.627e+00      
      2214      2.290e+00      
      2215      2.037e+00      
      2216      1.852e+00      
      2217      1.718e+00      
      2218      1.622e+00      
      2219      1.556e+00      
      2221      1.479e+00      
      2222      1.453e+00      
      2225      1.370e+00      
      2226      1.342e+00      
      2249      1.268e+00      
      2250      1.220e+00      
      2252      1.134e+00      
      2253      1.104e+00      
      2261      1.006e+00      
      2262      9.840e-01      
      2272      8.856e-01      
      2273      8.630e-01      
      2296      7.696e-01      
      2297      7.572e-01      
      2314      6.665e-01      
      2315      6.526e-01      
      2344      5.589e-01      
      2345      5.377e-01      
      2368      4.515e-01      
      2369      4.376e-01      
      2395      3.967e-01      
      2396      5.620e-01      
      2397      1.009e+00      
      2398      1.932e+00      
      2399      3.350e+00      
      2400      4.874e+00      
      2401      5.812e+00      
      2402      5.698e+00      
      2403      4.709e+00      
      2404      3.462e+00      
      2405      2.470e+00      
      2406      1.873e+00      
      2407      1.579e+00      
      2408      1.467e+00      
      2411      1.395e+00      
      2412      1.287e+00      
      2413      1.141e+00      
      2414      9.942e-01      
      2415      8.714e-01      
      2416      7.759e-01      
      2417      7.046e-01      
      2419      6.209e-01      
      2420      6.009e-01      
      2487      5.097e-01      
      2488      4.976e-01      
      2529      3.978e-01      
      2530      3.959e-01      
      2539      3.003e-01      
      2540      2.937e-01      
      2559      3.309e-01      
      2560      5.167e-01      
      2561      1.090e+00      
      2562      2.524e+00      
      2563      5.421e+00      
      2564      1.013e+01      
      2565      1.620e+01      
      2566      2.222e+01      
      2567      2.645e+01      
      2568      2.780e+01      
      2569      2.642e+01      
      2570      2.336e+01      
      2571      1.975e+01      
      2572      1.636e+01      
      2573      1.348e+01      
      2574      1.115e+01      
      2575      9.288e+00      
      2576      7.795e+00      
      2577      6.593e+00      
      2578      5.613e+00      
      2579      4.801e+00      
      2580      4.119e+00      
      2581      3.542e+00      
      2582      3.056e+00      
      2583      2.651e+00      
      2584      2.319e+00      
      2585      2.053e+00      
      2586      1.843e+00      
      2587      1.680e+00      
      2588      1.558e+00      
      2589      1.469e+00      
      2590      1.410e+00      
      2594      1.319e+00      
      2595      1.297e+00      
      2607      1.241e+00      
      2608      1.195e+00      
      2610      1.099e+00      
      2611      1.054e+00      
      2614      9.602e-01      
      2615      9.433e-01      
      2633      8.561e-01      
      2634      8.401e-01      
      2654      7.449e-01      
      2655      7.284e-01      
      2659      6.356e-01      
      2660      6.217e-01      
      2666      6.331e-01      
      2667      7.279e-01      
      2668      9.246e-01      
      2669      1.228e+00      
      2670      1.557e+00      
      2671      1.764e+00      
      2672      1.748e+00      
      2673      1.537e+00      
      2674      1.261e+00      
      2675      1.034e+00      
      2676      8.910e-01      
      2677      8.121e-01      
      2678      7.684e-01      
      2687      6.766e-01      
      2688      6.541e-01      
      2705      5.587e-01      
      2706      5.530e-01      
      2730      4.530e-01      
      2731      4.324e-01      
      2768      4.262e-01      
      2769      5.919e-01      
      2770      9.428e-01      
      2771      1.533e+00      
      2772      2.311e+00      
      2773      3.086e+00      
      2774      3.593e+00      
      2775      3.651e+00      
      2776      3.286e+00      
      2777      2.698e+00      
      2778      2.114e+00      
      2779      1.661e+00      
      2780      1.352e+00      
      2781      1.149e+00      
      2782      1.013e+00      
      2783      9.148e-01      
      2784      8.392e-01      
      2785      7.780e-01      
      2786      7.270e-01      
      2788      6.477e-01      
      2789      6.166e-01      
      2794      5.217e-01      
      2795      5.106e-01      
      2807      4.131e-01      
      2808      4.084e-01      
      2853      4.959e-01      
      2854      7.160e-01      
      2855      1.030e+00      
      2856      1.372e+00      
      2857      1.648e+00      
      2858      1.780e+00      
      2859      1.734e+00      
      2860      1.534e+00      
      2861      1.262e+00      
      2862      1.019e+00      
      2863      8.747e-01      
      2866      8.195e-01      
      2867      7.591e-01      
      2868      6.675e-01      
      2869      5.800e-01      
      2871      4.818e-01      
      2872      4.605e-01      
      2888      3.620e-01      
      2889      3.600e-01      
      2944      3.981e-01      
      2945      5.095e-01      
      2946      6.641e-01      
      2947      8.097e-01      
      2949      8.183e-01      
      2950      6.840e-01      
      2951      5.437e-01      
      2952      4.460e-01      
      2953      3.953e-01      
      2984      2.964e-01      
      2985      2.951e-01      
      2995      3.950e-01      
      2996      4.112e-01      
      3012      3.146e-01      
      3013      3.103e-01      
      3020      2.148e-01      
      3021      2.021e-01      
      3234      2.980e-01      
      3235      3.198e-01      
      3246      2.208e-01      
      3247      2.079e-01      
      3273      2.344e-01      
      3274      3.367e-01      
      3275      4.586e-01      
      3276      5.562e-01      
      3277      5.932e-01      
      3279      5.125e-01      
      3280      4.528e-01      
      3282      3.639e-01      
      3283      3.325e-01      
      3288      2.360e-01      
      3289      2.239e-01      
      3339      2.228e-01      
      3340      4.182e-01      
      3341      8.426e-01      
      3342      1.539e+00      
      3343      2.369e+00      
      3344      3.017e+00      
      3345      3.198e+00      
      3346      2.883e+00      
      3347      2.300e+00      
      3348      1.721e+00      
      3349      1.286e+00      
      3350      1.002e+00      
      3351      8.199e-01      
      3352      6.964e-01      
      3353      6.055e-01      
      3354      5.348e-01      
      3355      4.780e-01      
      3356      4.312e-01      
      3358      3.585e-01      
      3359      3.301e-01      
      3365      2.317e-01      
      3366      2.228e-01      
      3373      2.861e-01      
      3374      3.289e-01      
      3380      2.480e-01      
      3381      2.277e-01      
      3393      3.217e-01      
      3394      3.280e-01      
      3400      2.324e-01      
      3401      2.273e-01      
      3421      2.805e-01      
      3422      3.515e-01      
      3423      4.649e-01      
      3424      5.884e-01      
      3427      5.550e-01      
      3428      4.488e-01      
      3429      3.681e-01      
      3430      3.222e-01      
      3448      2.223e-01      
      3449      2.210e-01      
      3536      2.389e-01      
      3537      3.250e-01      
      3538      4.612e-01      
      3539      6.128e-01      
      3540      7.151e-01      
      3542      6.516e-01      
      3543      5.534e-01      
      3544      4.764e-01      
      3545      4.464e-01      
      3546      4.855e-01      
      3547      6.174e-01      
      3548      8.344e-01      
      3549      1.055e+00      
      3551      1.059e+00      
      3552      8.327e-01      
      3553      5.963e-01      
      3554      4.305e-01      
      3555      3.426e-01      
      3556      3.026e-01      
      3576      2.040e-01      
      3577      2.022e-01      


3624   2.022e-01