0.0      1.000e-01      
      1      1.000e-01      
      399      1.976e-01      
      400      2.186e-01      
      413      3.012e-01      
      414      3.443e-01      
      422      3.577e-01      
      423      4.576e-01      
      424      6.528e-01      
      425      9.372e-01      
      426      1.228e+00      
      427      1.391e+00      
      428      1.344e+00      
      429      1.123e+00      
      430      8.532e-01      
      431      6.392e-01      
      432      5.151e-01      
      435      4.272e-01      
      436      4.126e-01      
      440      3.234e-01      
      441      3.106e-01      
      459      2.224e-01      
      460      2.103e-01      
      499      1.224e-01      
      500      1.103e-01      
      1069      1.833e-01      
      1070      2.728e-01      
      1073      2.453e-01      
      1074      1.591e-01      
      1207      1.355e-01      
      1208      2.928e-01      
      1209      5.280e-01      
      1210      8.064e-01      
      1211      1.057e+00      
      1212      1.201e+00      
      1213      1.196e+00      
      1214      1.057e+00      
      1215      8.499e-01      
      1216      6.455e-01      
      1217      4.866e-01      
      1218      3.829e-01      
      1228      2.991e-01      
      1229      2.627e-01      
      1236      3.552e-01      
      1237      3.794e-01      
      1252      3.000e-01      
      1253      2.703e-01      
      1288      1.845e-01      
      1289      1.626e-01      
      2197      1.706e-01      
      2198      3.042e-01      
      2199      4.748e-01      
      2200      6.396e-01      
      2203      5.570e-01      
      2204      3.751e-01      
      2205      2.217e-01      
      2206      1.283e-01      
      2207      1.000e-01      
      2229      2.000e-01      
      2230      2.000e-01      
      2262      1.001e-01      
      2263      1.000e-01      
      2412      1.577e-01      
      2413      2.437e-01      
      2414      3.439e-01      
      2418      2.440e-01      
      2419      1.602e-01      
      3552      1.671e-01      
      3553      3.094e-01      
      3554      4.538e-01      
      3557      3.694e-01      
      3558      2.272e-01      
      3559      1.176e-01      


3624   1.176e-01