0.0      1.000e-01      
      1      1.000e-01      
      368      1.935e-01      
      369      3.661e-01      
      370      5.470e-01      
      371      6.532e-01      
      372      6.408e-01      
      373      5.456e-01      
      374      4.353e-01      
      375      3.417e-01      
      376      2.583e-01      
      377      1.795e-01      
      378      1.144e-01      
      411      1.017e-01      
      412      2.182e-01      
      413      3.807e-01      
      414      5.386e-01      
      417      4.482e-01      
      418      3.128e-01      
      422      3.342e-01      
      423      4.916e-01      
      424      7.449e-01      
      425      1.035e+00      
      426      1.232e+00      
      427      1.226e+00      
      428      1.024e+00      
      429      7.334e-01      
      430      4.762e-01      
      431      3.094e-01      
      432      2.261e-01      
      433      1.943e-01      
      447      2.873e-01      
      448      3.100e-01      
      493      2.192e-01      
      494      2.072e-01      
      515      1.087e-01      
      516      1.061e-01      
      1068      1.659e-01      
      1069      3.835e-01      
      1070      6.992e-01      
      1071      1.005e+00      
      1072      1.139e+00      
      1073      1.019e+00      
      1074      7.220e-01      
      1075      4.068e-01      
      1076      1.843e-01      
      1207      1.283e-01      
      1208      2.982e-01      
      1209      5.685e-01      
      1210      8.989e-01      
      1211      1.194e+00      
      1212      1.352e+00      
      1213      1.319e+00      
      1214      1.118e+00      
      1215      8.263e-01      
      1216      5.308e-01      
      1217      2.949e-01      
      1218      1.412e-01      
      1988      1.603e-01      
      1989      2.576e-01      
      1990      3.416e-01      
      1991      3.715e-01      
      1992      3.292e-01      
      1993      2.373e-01      
      1994      1.394e-01      
      1995      1.000e-01      
      3142      1.665e-01      
      3143      2.103e-01      
      3151      1.266e-01      
      3152      1.000e-01      
      3343      1.345e-01      
      3344      4.092e-01      
      3345      9.943e-01      
      3346      1.926e+00      
      3347      2.972e+00      
      3348      3.656e+00      
      3349      3.590e+00      
      3350      2.818e+00      
      3351      1.774e+00      
      3352      8.993e-01      
      3353      3.695e-01      
      3354      1.248e-01      
      3394      2.044e-01      
      3395      3.585e-01      
      3396      4.996e-01      
      3398      4.879e-01      
      3399      3.439e-01      
      3400      1.949e-01      
      3549      1.933e-01      
      3550      3.686e-01      
      3551      5.660e-01      
      3552      7.251e-01      
      3553      8.389e-01      
      3554      9.899e-01      
      3555      1.275e+00      
      3556      1.679e+00      
      3557      2.029e+00      
      3558      2.104e+00      
      3559      1.812e+00      
      3560      1.277e+00      
      3561      7.314e-01      
      3562      3.400e-01      
      3563      1.292e-01      


3624   1.292e-01