0.0      1.000e-01      
      1      1.000e-01      
      424      1.234e-01      
      425      2.449e-01      
      426      3.883e-01      
      427      4.888e-01      
      429      3.918e-01      
      430      2.522e-01      
      431      1.322e-01      
      1069      2.114e-01      
      1070      3.195e-01      
      1073      2.853e-01      
      1074      1.790e-01      
      1208      2.133e-01      
      1209      3.599e-01      
      1210      5.063e-01      
      1211      6.129e-01      
      1215      5.598e-01      
      1216      4.578e-01      
      1217      3.383e-01      
      1218      2.232e-01      
      1219      1.311e-01      
      1220      1.000e-01      
      2097      1.841e-01      
      2098      2.827e-01      
      2101      2.531e-01      
      2102      1.565e-01      
      2195      1.340e-01      
      2196      2.815e-01      
      2197      4.972e-01      
      2198      7.382e-01      
      2199      9.264e-01      
      2201      9.331e-01      
      2202      7.732e-01      
      2203      5.667e-01      
      2204      3.629e-01      
      2205      1.999e-01      
      2413      1.862e-01      
      2414      5.302e-01      
      2415      1.206e+00      
      2416      2.181e+00      
      2417      3.123e+00      
      2418      3.536e+00      
      2419      3.164e+00      
      2420      2.240e+00      
      2421      1.260e+00      
      2422      5.678e-01      
      2423      2.086e-01      
      2424      1.000e-01      
      3368      1.785e-01      
      3369      2.649e-01      
      3372      2.062e-01      
      3373      1.210e-01      
      3394      1.000e-01      
      3395      2.637e-01      
      3396      5.820e-01      
      3397      1.057e+00      
      3398      1.598e+00      
      3399      2.028e+00      
      3400      2.169e+00      
      3401      1.955e+00      
      3402      1.478e+00      
      3403      9.337e-01      
      3404      4.923e-01      
      3405      2.185e-01      
      3406      1.000e-01      


3624   1.000e-01