0.0      1.000e-01      
      1      1.000e-01      
      34      1.000e-01      
      35      2.461e-01      
      36      5.229e-01      
      37      9.220e-01      
      38      1.360e+00      
      39      1.696e+00      
      40      1.806e+00      
      41      1.664e+00      
      42      1.355e+00      
      43      1.013e+00      
      44      7.328e-01      
      45      5.413e-01      
      46      4.167e-01      
      47      3.286e-01      
      48      2.579e-01      
      49      1.984e-01      
      50      1.507e-01      
      371      1.819e-01      
      372      3.007e-01      
      373      4.283e-01      
      374      5.239e-01      
      375      5.618e-01      
      378      4.623e-01      
      379      4.212e-01      
      381      3.332e-01      
      382      2.810e-01      
      383      2.275e-01      
      384      1.785e-01      
      393      1.961e-01      
      394      2.843e-01      
      395      3.735e-01      
      396      4.424e-01      
      410      3.546e-01      
      411      3.418e-01      
      412      3.678e-01      
      413      4.883e-01      
      414      7.801e-01      
      415      1.305e+00      
      416      2.050e+00      
      417      2.894e+00      
      418      3.643e+00      
      419      4.134e+00      
      420      4.337e+00      
      421      4.397e+00      
      422      4.564e+00      
      423      5.050e+00      
      424      5.882e+00      
      425      6.881e+00      
      426      7.793e+00      
      427      8.470e+00      
      428      8.931e+00      
      429      9.270e+00      
      430      9.518e+00      
      432      9.495e+00      
      433      9.136e+00      
      434      8.599e+00      
      435      7.986e+00      
      436      7.388e+00      
      437      6.847e+00      
      438      6.358e+00      
      439      5.885e+00      
      440      5.407e+00      
      441      4.927e+00      
      442      4.469e+00      
      443      4.059e+00      
      444      3.724e+00      
      445      3.493e+00      
      448      3.572e+00      
      449      3.698e+00      
      450      3.715e+00      
      451      3.587e+00      
      452      3.352e+00      
      453      3.084e+00      
      454      2.841e+00      
      455      2.638e+00      
      456      2.463e+00      
      457      2.298e+00      
      458      2.135e+00      
      459      1.974e+00      
      460      1.825e+00      
      461      1.702e+00      
      462      1.614e+00      
      463      1.565e+00      
      467      1.488e+00      
      468      1.434e+00      
      469      1.360e+00      
      470      1.267e+00      
      471      1.157e+00      
      472      1.036e+00      
      473      9.098e-01      
      474      7.853e-01      
      475      6.710e-01      
      476      5.760e-01      
      477      5.107e-01      
      479      5.274e-01      
      480      6.313e-01      
      481      7.763e-01      
      482      9.146e-01      
      483      1.018e+00      
      484      1.110e+00      
      485      1.241e+00      
      486      1.418e+00      
      487      1.592e+00      
      488      1.700e+00      
      491      1.614e+00      
      492      1.536e+00      
      493      1.458e+00      
      494      1.385e+00      
      495      1.325e+00      
      496      1.281e+00      
      498      1.217e+00      
      499      1.173e+00      
      500      1.111e+00      
      501      1.030e+00      
      502      9.385e-01      
      503      8.466e-01      
      504      7.645e-01      
      505      6.989e-01      
      507      6.179e-01      
      508      5.968e-01      
      516      5.126e-01      
      517      4.873e-01      
      520      4.006e-01      
      521      3.687e-01      
      524      2.761e-01      
      525      2.471e-01      
      529      1.512e-01      
      530      1.361e-01      
      1068      1.158e-01      
      1069      3.495e-01      
      1070      8.536e-01      
      1071      1.692e+00      
      1072      2.735e+00      
      1073      3.620e+00      
      1074      3.954e+00      
      1075      3.605e+00      
      1076      2.798e+00      
      1077      1.913e+00      
      1078      1.223e+00      
      1079      8.015e-01      
      1080      5.882e-01      
      1081      4.932e-01      
      1082      4.486e-01      
      1084      3.762e-01      
      1085      3.250e-01      
      1086      2.656e-01      
      1087      2.056e-01      
      1089      1.114e-01      
      1090      1.000e-01      
      1210      1.294e-01      
      1211      2.153e-01      
      1212      3.293e-01      
      1213      4.676e-01      
      1214      6.191e-01      
      1215      7.685e-01      
      1216      9.070e-01      
      1217      1.035e+00      
      1218      1.148e+00      
      1219      1.230e+00      
      1220      1.261e+00      
      1224      1.162e+00      
      1225      1.138e+00      
      1226      1.091e+00      
      1227      1.017e+00      
      1228      9.312e-01      
      1229      8.521e-01      
      1230      7.885e-01      
      1231      7.404e-01      
      1238      7.973e-01      
      1239      8.416e-01      
      1246      7.499e-01      
      1247      7.178e-01      
      1249      6.478e-01      
      1250      6.058e-01      
      1252      5.103e-01      
      1253      4.638e-01      
      1256      3.663e-01      
      1257      3.514e-01      
      1266      2.800e-01      
      1267      2.505e-01      
      1271      1.545e-01      
      1272      1.396e-01      
      1540      2.286e-01      
      1541      3.986e-01      
      1542      5.870e-01      
      1543      7.199e-01      
      1545      6.599e-01      
      1546      5.305e-01      
      1547      4.075e-01      
      1548      3.128e-01      
      1549      2.437e-01      
      1554      2.887e-01      
      1555      4.258e-01      
      1556      5.612e-01      
      1557      6.496e-01      
      1558      6.746e-01      
      1560      5.895e-01      
      1561      5.110e-01      
      1562      4.252e-01      
      1563      3.450e-01      
      1564      2.796e-01      
      1565      2.324e-01      
      1576      3.298e-01      
      1577      3.479e-01      
      1583      2.742e-01      
      1584      2.233e-01      
      1587      1.263e-01      
      1588      1.129e-01      
      1605      1.623e-01      
      1606      3.784e-01      
      1607      7.353e-01      
      1608      1.157e+00      
      1609      1.474e+00      
      1611      1.375e+00      
      1612      1.099e+00      
      1613      8.578e-01      
      1614      7.099e-01      
      1615      6.393e-01      
      1616      6.044e-01      
      1618      5.315e-01      
      1619      4.818e-01      
      1621      3.848e-01      
      1622      3.459e-01      
      1625      2.598e-01      
      1626      2.355e-01      
      1630      1.476e-01      
      1631      1.291e-01      
      1652      1.511e-01      
      1653      2.457e-01      
      1654      3.636e-01      
      1655      4.728e-01      
      1670      3.779e-01      
      1671      3.522e-01      
      1673      2.838e-01      
      1674      2.502e-01      
      1687      1.547e-01      
      1688      1.469e-01      
      1992      1.238e-01      
      1993      3.094e-01      
      1994      6.244e-01      
      1995      1.020e+00      
      1996      1.354e+00      
      1997      1.469e+00      
      1998      1.315e+00      
      1999      9.888e-01      
      2000      6.420e-01      
      2001      3.766e-01      
      2002      2.126e-01      
      2003      1.244e-01      
      2004      1.000e-01      
      2103      1.391e-01      
      2104      2.420e-01      
      2105      3.402e-01      
      2106      3.898e-01      
      2108      2.976e-01      
      2109      2.111e-01      
      2110      1.393e-01      
      2111      1.000e-01      
      2194      1.316e-01      
      2195      4.336e-01      
      2196      1.152e+00      
      2197      2.479e+00      
      2198      4.376e+00      
      2199      6.455e+00      
      2200      8.225e+00      
      2201      9.511e+00      
      2202      1.049e+01      
      2203      1.129e+01      
      2204      1.168e+01      
      2205      1.144e+01      
      2206      1.081e+01      
      2207      1.032e+01      
      2208      1.034e+01      
      2209      1.074e+01      
      2210      1.112e+01      
      2211      1.113e+01      
      2212      1.067e+01      
      2213      9.825e+00      
      2214      8.793e+00      
      2215      7.757e+00      
      2216      6.834e+00      
      2217      6.056e+00      
      2218      5.406e+00      
      2219      4.852e+00      
      2220      4.370e+00      
      2221      3.946e+00      
      2222      3.567e+00      
      2223      3.220e+00      
      2224      2.897e+00      
      2225      2.587e+00      
      2226      2.285e+00      
      2227      1.990e+00      
      2228      1.713e+00      
      2229      1.470e+00      
      2230      1.279e+00      
      2231      1.146e+00      
      2232      1.065e+00      
      2233      1.021e+00      
      2236      9.394e-01      
      2237      9.044e-01      
      2239      8.234e-01      
      2240      7.801e-01      
      2242      6.965e-01      
      2243      6.624e-01      
      2246      5.893e-01      
      2247      5.573e-01      
      2249      4.629e-01      
      2250      4.074e-01      
      2251      3.537e-01      
      2252      3.053e-01      
      2255      2.066e-01      
      2256      1.886e-01      
      2415      2.670e-01      
      2416      5.125e-01      
      2417      8.364e-01      
      2418      1.175e+00      
      2419      1.442e+00      
      2420      1.568e+00      
      2421      1.529e+00      
      2422      1.355e+00      
      2423      1.118e+00      
      2424      8.928e-01      
      2425      7.242e-01      
      2426      6.176e-01      
      2427      5.541e-01      
      2428      5.098e-01      
      2430      4.232e-01      
      2431      3.771e-01      
      2433      2.969e-01      
      2434      2.660e-01      
      2438      1.696e-01      
      2439      1.467e-01      
      2540      2.378e-01      
      2541      4.787e-01      
      2542      7.824e-01      
      2543      1.039e+00      
      2545      1.043e+00      
      2546      8.391e-01      
      2547      6.307e-01      
      2548      4.792e-01      
      2549      3.894e-01      
      2550      3.378e-01      
      2552      2.644e-01      
      2553      2.252e-01      
      2555      1.482e-01      
      2556      1.168e-01      
      2563      1.303e-01      
      2564      3.036e-01      
      2565      6.188e-01      
      2566      1.047e+00      
      2567      1.465e+00      
      2568      1.721e+00      
      2569      1.739e+00      
      2570      1.563e+00      
      2571      1.311e+00      
      2572      1.080e+00      
      2573      9.164e-01      
      2574      8.252e-01      
      2575      8.031e-01      
      2576      8.610e-01      
      2577      1.016e+00      
      2578      1.254e+00      
      2579      1.509e+00      
      2580      1.681e+00      
      2582      1.630e+00      
      2583      1.501e+00      
      2584      1.402e+00      
      2585      1.374e+00      
      2586      1.420e+00      
      2587      1.516e+00      
      2588      1.623e+00      
      2589      1.709e+00      
      2590      1.765e+00      
      2593      1.859e+00      
      2594      1.900e+00      
      2595      1.956e+00      
      2596      2.027e+00      
      2597      2.098e+00      
      2598      2.141e+00      
      2600      2.059e+00      
      2601      1.932e+00      
      2602      1.773e+00      
      2603      1.604e+00      
      2604      1.445e+00      
      2605      1.300e+00      
      2606      1.167e+00      
      2607      1.043e+00      
      2608      9.285e-01      
      2609      8.334e-01      
      2610      7.661e-01      
      2614      6.914e-01      
      2615      6.564e-01      
      2617      5.671e-01      
      2618      5.365e-01      
      2632      4.543e-01      
      2633      4.106e-01      
      2635      3.240e-01      
      2636      2.833e-01      
      2638      2.108e-01      
      2639      1.807e-01      
      2945      1.630e-01      
      2946      3.207e-01      
      2947      5.077e-01      
      2948      6.718e-01      
      2949      8.057e-01      
      2950      9.815e-01      
      2951      1.272e+00      
      2952      1.623e+00      
      2953      1.845e+00      
      2954      1.774e+00      
      2955      1.428e+00      
      2956      9.764e-01      
      2957      5.870e-01      
      2958      3.297e-01      
      2959      1.905e-01      
      3151      2.807e-01      
      3152      3.531e-01      
      3154      3.085e-01      
      3155      2.275e-01      
      3156      1.527e-01      
      3157      1.000e-01      
      3359      1.839e-01      
      3360      2.236e-01      
      3363      1.534e-01      
      3364      1.081e-01      
      3398      1.941e-01      
      3399      3.441e-01      
      3400      5.122e-01      
      3401      6.533e-01      
      3404      6.202e-01      
      3405      4.801e-01      
      3406      3.362e-01      
      3407      2.198e-01      
      3408      1.404e-01      
      3409      1.000e-01      
      3429      1.051e-01      
      3430      2.283e-01      
      3431      4.834e-01      
      3432      8.835e-01      
      3433      1.338e+00      
      3434      1.667e+00      
      3435      1.729e+00      
      3436      1.535e+00      
      3437      1.230e+00      
      3438      9.656e-01      
      3439      8.106e-01      
      3453      7.462e-01      
      3454      7.104e-01      
      3456      6.369e-01      
      3457      6.049e-01      
      3460      5.124e-01      
      3461      4.749e-01      
      3463      3.925e-01      
      3464      3.513e-01      
      3466      2.766e-01      
      3467      2.453e-01      
      3472      1.601e-01      
      3473      1.425e-01      
      3551      1.413e-01      
      3552      4.514e-01      
      3553      1.144e+00      
      3554      2.314e+00      
      3555      3.764e+00      
      3556      4.985e+00      
      3557      5.477e+00      
      3558      5.132e+00      
      3559      4.258e+00      
      3560      3.284e+00      
      3561      2.484e+00      
      3562      1.940e+00      
      3563      1.620e+00      
      3564      1.460e+00      
      3566      1.367e+00      
      3567      1.343e+00      
      3568      1.300e+00      
      3569      1.234e+00      
      3570      1.152e+00      
      3571      1.065e+00      
      3572      9.818e-01      
      3573      9.069e-01      
      3574      8.459e-01      
      3575      8.034e-01      
      3587      7.165e-01      
      3588      6.506e-01      
      3589      5.823e-01      
      3590      5.161e-01      
      3591      4.554e-01      
      3592      4.028e-01      
      3594      3.236e-01      
      3595      2.949e-01      
      3601      2.048e-01      
      3602      1.924e-01      


3624   1.924e-01