0.0      1.000e-01      
      1      1.000e-01      
      413      1.335e-01      
      414      2.507e-01      
      415      4.180e-01      
      416      5.856e-01      
      419      5.166e-01      
      420      3.675e-01      
      421      2.559e-01      
      424      2.873e-01      
      425      4.328e-01      
      426      6.202e-01      
      427      7.798e-01      
      429      7.809e-01      
      430      6.603e-01      
      431      5.532e-01      
      435      6.414e-01      
      436      7.212e-01      
      437      7.999e-01      
      438      8.731e-01      
      439      9.392e-01      
      440      9.984e-01      
      442      1.098e+00      
      443      1.136e+00      
      460      1.044e+00      
      461      9.869e-01      
      463      8.874e-01      
      464      8.483e-01      
      466      7.812e-01      
      467      7.481e-01      
      469      6.759e-01      
      470      6.359e-01      
      472      5.457e-01      
      473      4.954e-01      
      475      3.964e-01      
      476      3.567e-01      
      494      2.589e-01      
      495      2.522e-01      
      501      1.626e-01      
      502      1.470e-01      
      1068      1.805e-01      
      1069      3.684e-01      
      1070      5.968e-01      
      1071      7.705e-01      
      1072      7.969e-01      
      1073      6.656e-01      
      1074      4.552e-01      
      1075      2.617e-01      
      1076      1.328e-01      
      1206      1.000e-01      
      1207      2.370e-01      
      1208      5.212e-01      
      1209      9.312e-01      
      1210      1.374e+00      
      1211      1.714e+00      
      1212      1.871e+00      
      1213      1.858e+00      
      1214      1.728e+00      
      1215      1.515e+00      
      1216      1.243e+00      
      1217      9.421e-01      
      1218      6.597e-01      
      1219      4.320e-01      
      1220      2.723e-01      
      1221      1.748e-01      
      1222      1.255e-01      
      1226      1.931e-01      
      1227      2.516e-01      
      1228      3.217e-01      
      1229      4.002e-01      
      1230      4.828e-01      
      1231      5.649e-01      
      1232      6.417e-01      
      1233      7.090e-01      
      1235      8.066e-01      
      1236      8.410e-01      
      1238      9.218e-01      
      1239      9.836e-01      
      1240      1.056e+00      
      1241      1.126e+00      
      1243      1.223e+00      
      1244      1.245e+00      
      1251      1.191e+00      
      1252      1.143e+00      
      1253      1.087e+00      
      1254      1.026e+00      
      1255      9.644e-01      
      1256      9.044e-01      
      1257      8.468e-01      
      1258      7.920e-01      
      1260      6.943e-01      
      1261      6.524e-01      
      1263      5.790e-01      
      1264      5.436e-01      
      1266      4.703e-01      
      1267      4.342e-01      
      1270      3.488e-01      
      1271      3.315e-01      
      1286      2.420e-01      
      1287      2.306e-01      
      1292      1.418e-01      
      1293      1.249e-01      
      2196      2.109e-01      
      2197      4.457e-01      
      2198      7.759e-01      
      2199      1.122e+00      
      2200      1.365e+00      
      2202      1.297e+00      
      2203      1.040e+00      
      2204      7.341e-01      
      2205      4.543e-01      
      2206      2.478e-01      
      2207      1.229e-01      
      2413      1.634e-01      
      2414      4.518e-01      
      2415      9.988e-01      
      2416      1.763e+00      
      2417      2.485e+00      
      2418      2.800e+00      
      2419      2.530e+00      
      2420      1.849e+00      
      2421      1.108e+00      
      2422      5.594e-01      
      2423      2.501e-01      
      2424      1.073e-01      
      3367      1.330e-01      
      3368      2.532e-01      
      3369      3.784e-01      
      3372      3.130e-01      
      3373      1.935e-01      
      3395      2.920e-01      
      3396      7.163e-01      
      3397      1.468e+00      
      3398      2.528e+00      
      3399      3.666e+00      
      3400      4.461e+00      
      3401      4.533e+00      
      3402      3.830e+00      
      3403      2.688e+00      
      3404      1.576e+00      
      3405      7.850e-01      
      3406      3.447e-01      
      3407      1.429e-01      
      3552      1.308e-01      
      3553      3.283e-01      
      3554      6.503e-01      
      3555      1.020e+00      
      3556      1.273e+00      
      3557      1.272e+00      
      3558      1.029e+00      
      3559      6.847e-01      
      3560      3.852e-01      
      3561      1.921e-01      


3624   1.921e-01