0.0      1.000e-01      
      1      1.000e-01      
      36      1.535e-01      
      37      2.477e-01      
      38      3.398e-01      
      39      3.841e-01      
      40      3.543e-01      
      41      2.687e-01      
      42      1.722e-01      
      43      1.000e-01      
      374      1.898e-01      
      375      2.261e-01      
      379      1.445e-01      
      380      1.000e-01      
      412      1.245e-01      
      413      2.771e-01      
      414      5.947e-01      
      415      1.077e+00      
      416      1.573e+00      
      417      1.830e+00      
      418      1.696e+00      
      419      1.260e+00      
      420      7.662e-01      
      421      4.011e-01      
      422      2.077e-01      
      425      2.914e-01      
      426      5.006e-01      
      427      7.518e-01      
      428      9.356e-01      
      429      9.523e-01      
      430      7.985e-01      
      431      5.673e-01      
      432      3.641e-01      
      433      2.367e-01      
      445      3.168e-01      
      446      3.518e-01      
      475      2.582e-01      
      476      2.513e-01      
      520      1.513e-01      
      521      1.468e-01      
      1067      1.049e-01      
      1068      2.652e-01      
      1069      6.080e-01      
      1070      1.144e+00      
      1071      1.718e+00      
      1072      2.044e+00      
      1073      1.931e+00      
      1074      1.456e+00      
      1075      8.864e-01      
      1076      4.459e-01      
      1077      1.959e-01      
      1208      2.751e-01      
      1209      5.293e-01      
      1210      9.081e-01      
      1211      1.389e+00      
      1212      1.925e+00      
      1213      2.427e+00      
      1214      2.741e+00      
      1215      2.722e+00      
      1216      2.361e+00      
      1217      1.805e+00      
      1218      1.243e+00      
      1219      7.923e-01      
      1220      4.802e-01      
      1221      2.841e-01      
      1222      1.719e-01      
      1990      1.558e-01      
      1991      3.653e-01      
      1992      7.644e-01      
      1993      1.319e+00      
      1994      1.833e+00      
      1995      2.034e+00      
      1996      1.804e+00      
      1997      1.285e+00      
      1998      7.448e-01      
      1999      3.637e-01      
      2000      1.627e-01      
      2194      1.389e-01      
      2195      3.270e-01      
      2196      7.880e-01      
      2197      1.654e+00      
      2198      2.859e+00      
      2199      4.001e+00      
      2200      4.529e+00      
      2201      4.185e+00      
      2202      3.218e+00      
      2203      2.126e+00      
      2204      1.254e+00      
      2205      6.860e-01      
      2206      3.622e-01      
      2207      1.987e-01      
      2414      2.136e-01      
      2415      3.143e-01      
      2416      4.372e-01      
      2417      5.639e-01      
      2418      6.739e-01      
      2421      6.214e-01      
      2422      4.624e-01      
      2423      3.035e-01      
      2424      1.860e-01      
      3395      1.567e-01      
      3396      4.417e-01      
      3397      1.169e+00      
      3398      2.593e+00      
      3399      4.652e+00      
      3400      6.690e+00      
      3401      7.694e+00      
      3402      7.090e+00      
      3403      5.265e+00      
      3404      3.192e+00      
      3405      1.631e+00      
      3406      7.627e-01      
      3407      3.880e-01      
      3408      2.577e-01      
      3414      1.645e-01      
      3415      1.571e-01      
      3550      1.196e-01      
      3551      2.746e-01      
      3552      7.335e-01      
      3553      1.766e+00      
      3554      3.496e+00      
      3555      5.554e+00      
      3556      7.045e+00      
      3557      7.143e+00      
      3558      5.809e+00      
      3559      3.815e+00      
      3560      2.052e+00      
      3561      9.375e-01      
      3562      4.030e-01      
      3563      2.046e-01      


3624   2.046e-01