0.0      1.000e-01      
      1      1.000e-01      
      367      1.844e-01      
      368      2.919e-01      
      369      4.025e-01      
      373      3.115e-01      
      374      1.916e-01      
      393      2.914e-01      
      394      3.094e-01      
      404      3.937e-01      
      405      4.228e-01      
      408      5.194e-01      
      409      5.600e-01      
      410      6.281e-01      
      411      7.465e-01      
      412      9.282e-01      
      413      1.158e+00      
      414      1.384e+00      
      415      1.544e+00      
      419      1.633e+00      
      420      1.771e+00      
      421      1.984e+00      
      422      2.251e+00      
      423      2.571e+00      
      424      2.943e+00      
      425      3.319e+00      
      426      3.605e+00      
      427      3.724e+00      
      428      3.678e+00      
      429      3.550e+00      
      430      3.441e+00      
      433      3.526e+00      
      434      3.629e+00      
      435      3.724e+00      
      436      3.786e+00      
      438      3.757e+00      
      439      3.670e+00      
      440      3.565e+00      
      441      3.468e+00      
      442      3.393e+00      
      444      3.296e+00      
      445      3.257e+00      
      447      3.178e+00      
      448      3.130e+00      
      449      3.068e+00      
      450      2.992e+00      
      451      2.902e+00      
      452      2.805e+00      
      453      2.709e+00      
      454      2.623e+00      
      455      2.555e+00      
      456      2.508e+00      
      468      2.459e+00      
      469      2.402e+00      
      470      2.323e+00      
      471      2.227e+00      
      472      2.119e+00      
      473      2.005e+00      
      474      1.895e+00      
      475      1.795e+00      
      476      1.709e+00      
      477      1.634e+00      
      478      1.569e+00      
      479      1.512e+00      
      480      1.463e+00      
      482      1.389e+00      
      483      1.359e+00      
      488      1.260e+00      
      489      1.252e+00      
      492      1.174e+00      
      493      1.139e+00      
      496      1.062e+00      
      497      1.037e+00      
      500      9.425e-01      
      501      9.108e-01      
      508      8.266e-01      
      509      7.972e-01      
      512      7.005e-01      
      513      6.730e-01      
      517      5.900e-01      
      518      5.675e-01      
      520      5.039e-01      
      521      4.665e-01      
      524      3.825e-01      
      525      3.654e-01      
      540      2.660e-01      
      541      2.631e-01      
      569      1.756e-01      
      570      1.568e-01      
      1068      1.729e-01      
      1069      3.997e-01      
      1070      7.372e-01      
      1071      1.086e+00      
      1072      1.282e+00      
      1073      1.218e+00      
      1074      9.370e-01      
      1075      5.912e-01      
      1076      3.129e-01      
      1077      1.454e-01      
      1207      2.068e-01      
      1208      4.523e-01      
      1209      8.269e-01      
      1210      1.261e+00      
      1211      1.616e+00      
      1212      1.758e+00      
      1213      1.645e+00      
      1214      1.347e+00      
      1215      9.884e-01      
      1216      6.736e-01      
      1217      4.547e-01      
      1218      3.357e-01      
      1222      4.170e-01      
      1223      4.994e-01      
      1224      6.039e-01      
      1225      7.318e-01      
      1226      8.770e-01      
      1227      1.026e+00      
      1228      1.165e+00      
      1229      1.283e+00      
      1230      1.378e+00      
      1231      1.456e+00      
      1232      1.523e+00      
      1233      1.581e+00      
      1235      1.669e+00      
      1236      1.694e+00      
      1243      1.595e+00      
      1244      1.562e+00      
      1255      1.474e+00      
      1256      1.458e+00      
      1263      1.382e+00      
      1264      1.356e+00      
      1266      1.278e+00      
      1267      1.230e+00      
      1268      1.178e+00      
      1269      1.123e+00      
      1270      1.068e+00      
      1271      1.017e+00      
      1273      9.361e-01      
      1274      9.048e-01      
      1278      8.196e-01      
      1279      8.037e-01      
      1288      7.194e-01      
      1289      7.026e-01      
      1291      6.349e-01      
      1292      5.868e-01      
      1294      4.962e-01      
      1295      4.626e-01      
      1300      3.704e-01      
      1301      3.588e-01      
      1314      2.641e-01      
      1315      2.429e-01      
      1318      1.611e-01      
      1319      1.428e-01      
      1377      2.420e-01      
      1378      2.446e-01      
      1401      1.450e-01      
      1402      1.442e-01      
      1986      1.492e-01      
      1987      2.843e-01      
      1988      4.389e-01      
      1989      5.645e-01      
      1994      4.814e-01      
      1995      3.347e-01      
      1996      1.988e-01      
      2096      2.815e-01      
      2097      5.607e-01      
      2098      8.893e-01      
      2099      1.132e+00      
      2100      1.168e+00      
      2101      9.899e-01      
      2102      6.993e-01      
      2103      4.209e-01      
      2104      2.238e-01      
      2105      1.131e-01      
      2197      1.919e-01      
      2198      3.479e-01      
      2199      5.933e-01      
      2200      8.994e-01      
      2201      1.184e+00      
      2202      1.337e+00      
      2203      1.287e+00      
      2204      1.052e+00      
      2205      7.403e-01      
      2206      4.718e-01      
      2207      3.064e-01      
      2212      3.607e-01      
      2213      4.209e-01      
      2214      4.770e-01      
      2215      5.234e-01      
      2218      6.088e-01      
      2219      6.286e-01      
      2229      5.289e-01      
      2230      5.090e-01      
      2250      4.271e-01      
      2251      3.967e-01      
      2254      3.068e-01      
      2255      2.888e-01      
      2269      1.924e-01      
      2270      1.825e-01      
      3344      2.041e-01      
      3345      4.567e-01      
      3346      8.210e-01      
      3347      1.189e+00      
      3348      1.389e+00      
      3349      1.314e+00      
      3350      1.011e+00      
      3351      6.381e-01      
      3352      3.373e-01      
      3353      1.561e-01      
      3430      2.520e-01      
      3431      2.886e-01      
      3449      3.867e-01      
      3450      4.225e-01      
      3470      3.282e-01      
      3471      3.024e-01      
      3473      2.256e-01      
      3474      1.834e-01      
      3549      2.612e-01      
      3550      3.979e-01      
      3551      5.133e-01      
      3555      5.713e-01      
      3556      7.494e-01      
      3557      9.618e-01      
      3558      1.074e+00      
      3559      1.003e+00      
      3560      7.847e-01      
      3561      5.329e-01      
      3562      3.425e-01      
      3563      2.413e-01      
      3569      3.358e-01      
      3570      3.622e-01      
      3595      2.737e-01      
      3596      2.518e-01      
      3618      1.727e-01      
      3619      1.417e-01      


3624   1.417e-01