0.0      1.000e-01      
      1      1.000e-01      
      367      1.918e-01      
      368      2.941e-01      
      369      4.371e-01      
      370      5.801e-01      
      376      6.295e-01      
      377      6.947e-01      
      378      7.942e-01      
      379      9.285e-01      
      380      1.093e+00      
      381      1.278e+00      
      382      1.474e+00      
      383      1.668e+00      
      384      1.845e+00      
      385      1.993e+00      
      386      2.095e+00      
      391      2.008e+00      
      392      1.963e+00      
      393      1.917e+00      
      394      1.856e+00      
      395      1.774e+00      
      396      1.676e+00      
      397      1.573e+00      
      398      1.476e+00      
      399      1.390e+00      
      400      1.315e+00      
      401      1.253e+00      
      403      1.165e+00      
      404      1.144e+00      
      412      1.192e+00      
      413      1.331e+00      
      414      1.502e+00      
      415      1.644e+00      
      418      1.714e+00      
      419      1.766e+00      
      420      1.886e+00      
      421      2.053e+00      
      422      2.248e+00      
      423      2.479e+00      
      424      2.755e+00      
      425      3.041e+00      
      426      3.260e+00      
      429      3.224e+00      
      430      3.130e+00      
      431      3.046e+00      
      432      2.948e+00      
      433      2.810e+00      
      434      2.629e+00      
      435      2.423e+00      
      436      2.220e+00      
      437      2.044e+00      
      438      1.900e+00      
      439      1.779e+00      
      440      1.663e+00      
      441      1.540e+00      
      442      1.408e+00      
      443      1.276e+00      
      444      1.154e+00      
      445      1.044e+00      
      446      9.444e-01      
      447      8.562e-01      
      448      7.815e-01      
      449      7.227e-01      
      452      6.244e-01      
      453      6.115e-01      
      462      5.473e-01      
      463      5.004e-01      
      464      4.462e-01      
      465      3.905e-01      
      467      2.914e-01      
      468      2.537e-01      
      473      1.603e-01      
      474      1.401e-01      
      1068      1.147e-01      
      1069      2.712e-01      
      1070      5.043e-01      
      1071      7.373e-01      
      1072      8.479e-01      
      1073      7.675e-01      
      1074      5.472e-01      
      1075      3.077e-01      
      1076      1.369e-01      
      1207      1.567e-01      
      1208      3.427e-01      
      1209      6.100e-01      
      1210      8.945e-01      
      1211      1.098e+00      
      1213      1.067e+00      
      1214      9.108e-01      
      1215      7.725e-01      
      1217      7.729e-01      
      1218      9.302e-01      
      1219      1.158e+00      
      1220      1.420e+00      
      1221      1.684e+00      
      1222      1.927e+00      
      1223      2.130e+00      
      1224      2.274e+00      
      1228      2.179e+00      
      1229      2.047e+00      
      1230      1.899e+00      
      1231      1.740e+00      
      1232      1.577e+00      
      1233      1.424e+00      
      1234      1.295e+00      
      1235      1.192e+00      
      1236      1.110e+00      
      1237      1.036e+00      
      1238      9.615e-01      
      1239      8.843e-01      
      1240      8.063e-01      
      1241      7.347e-01      
      1243      6.378e-01      
      1244      6.156e-01      
      1254      5.261e-01      
      1255      4.737e-01      
      1256      4.121e-01      
      1257      3.503e-01      
      1259      2.542e-01      
      1260      2.238e-01      
      1264      1.403e-01      
      1265      1.222e-01      
      1987      1.793e-01      
      1988      3.061e-01      
      1989      4.305e-01      
      1992      3.886e-01      
      1993      2.546e-01      
      1994      1.358e-01      
      2096      1.850e-01      
      2097      3.558e-01      
      2098      5.383e-01      
      2099      6.433e-01      
      2100      6.120e-01      
      2101      4.711e-01      
      2102      3.057e-01      
      2103      1.859e-01      
      2111      2.691e-01      
      2112      2.998e-01      
      2116      3.959e-01      
      2117      4.082e-01      
      2130      3.297e-01      
      2131      2.997e-01      
      2134      2.132e-01      
      2135      1.882e-01      
      2201      2.813e-01      
      2202      3.531e-01      
      2205      2.693e-01      
      2206      2.158e-01      
      2229      1.362e-01      
      2230      1.121e-01      
      2414      1.973e-01      
      2415      2.153e-01      
      2432      1.215e-01      
      2433      1.000e-01      
      3344      1.702e-01      
      3345      3.882e-01      
      3346      7.081e-01      
      3347      1.030e+00      
      3348      1.195e+00      
      3349      1.104e+00      
      3350      8.144e-01      
      3351      4.804e-01      
      3352      2.281e-01      
      3353      1.000e-01      
      3359      1.759e-01      
      3360      2.240e-01      
      3362      3.126e-01      
      3363      3.458e-01      
      3368      4.051e-01      
      3369      4.479e-01      
      3370      5.222e-01      
      3371      6.236e-01      
      3372      7.280e-01      
      3373      8.031e-01      
      3374      8.343e-01      
      3381      7.556e-01      
      3382      7.092e-01      
      3384      6.170e-01      
      3385      5.727e-01      
      3393      6.052e-01      
      3394      7.366e-01      
      3395      9.093e-01      
      3396      1.071e+00      
      3407      9.837e-01      
      3408      9.248e-01      
      3410      8.329e-01      
      3411      8.048e-01      
      3414      7.302e-01      
      3415      7.008e-01      
      3422      6.399e-01      
      3423      5.888e-01      
      3424      5.216e-01      
      3425      4.519e-01      
      3426      3.901e-01      
      3427      3.463e-01      
      3439      4.355e-01      
      3440      4.586e-01      
      3451      3.962e-01      
      3452      3.521e-01      
      3454      2.739e-01      
      3455      2.439e-01      
      3459      1.611e-01      
      3460      1.403e-01      
      3549      1.990e-01      
      3550      3.484e-01      
      3551      4.946e-01      
      3552      5.864e-01      
      3553      6.232e-01      
      3554      6.731e-01      
      3555      8.114e-01      
      3556      1.034e+00      
      3557      1.237e+00      
      3559      1.176e+00      
      3560      9.805e-01      
      3561      8.527e-01      
      3562      8.688e-01      
      3563      1.009e+00      
      3564      1.211e+00      
      3565      1.419e+00      
      3566      1.606e+00      
      3567      1.759e+00      
      3568      1.873e+00      
      3572      1.805e+00      
      3573      1.683e+00      
      3574      1.559e+00      
      3575      1.448e+00      
      3576      1.352e+00      
      3577      1.266e+00      
      3578      1.182e+00      
      3579      1.097e+00      
      3580      1.014e+00      
      3581      9.373e-01      
      3582      8.702e-01      
      3583      8.118e-01      
      3585      7.199e-01      
      3586      6.827e-01      
      3588      6.029e-01      
      3589      5.487e-01      
      3590      4.812e-01      
      3591      4.043e-01      
      3592      3.263e-01      
      3593      2.555e-01      
      3594      1.971e-01      
      3595      1.519e-01      


3624   1.519e-01