0.0      1.000e-01      
      1      1.000e-01      
      35      1.379e-01      
      36      2.658e-01      
      37      4.035e-01      
      40      3.603e-01      
      41      2.313e-01      
      42      1.282e-01      
      361      1.000e-01      
      362      2.315e-01      
      363      5.867e-01      
      364      1.219e+00      
      365      2.073e+00      
      366      2.884e+00      
      367      3.279e+00      
      368      3.058e+00      
      369      2.361e+00      
      370      1.535e+00      
      371      8.676e-01      
      372      4.449e-01      
      373      2.176e-01      
      374      1.062e-01      
      410      2.056e-01      
      411      4.962e-01      
      412      9.521e-01      
      413      1.469e+00      
      414      1.866e+00      
      415      2.033e+00      
      416      2.010e+00      
      417      1.889e+00      
      418      1.681e+00      
      419      1.358e+00      
      420      9.545e-01      
      421      5.739e-01      
      422      2.989e-01      
      423      1.418e-01      
      1986      1.922e-01      
      1987      2.630e-01      
      1990      1.945e-01      
      1991      1.223e-01      
      2094      1.000e-01      
      2095      2.323e-01      
      2096      4.651e-01      
      2097      7.449e-01      
      2098      9.645e-01      
      2100      9.028e-01      
      2101      6.746e-01      
      2102      4.351e-01      
      2103      2.483e-01      
      2104      1.305e-01      
      2196      1.000e-01      
      2197      2.382e-01      
      2198      6.045e-01      
      2199      1.273e+00      
      2200      2.234e+00      
      2201      3.266e+00      
      2202      3.969e+00      
      2203      3.995e+00      
      2204      3.319e+00      
      2205      2.277e+00      
      2206      1.298e+00      
      2207      6.258e-01      
      2208      2.662e-01      
      2209      1.086e-01      
      2396      1.361e-01      
      2397      4.417e-01      
      2398      1.132e+00      
      2399      2.294e+00      
      2400      3.696e+00      
      2401      4.757e+00      
      2402      4.935e+00      
      2403      4.199e+00      
      2404      3.052e+00      
      2405      2.069e+00      
      2406      1.516e+00      
      2407      1.332e+00      
      2409      1.281e+00      
      2410      1.130e+00      
      2411      8.899e-01      
      2412      6.485e-01      
      2413      4.599e-01      
      2414      3.215e-01      
      2415      2.140e-01      
      2416      1.316e-01      
      2417      1.000e-01      
      2561      1.478e-01      
      2562      2.230e-01      
      2566      1.534e-01      
      2567      1.094e-01      
      2569      1.507e-01      
      2570      2.272e-01      
      2571      3.004e-01      
      2572      3.283e-01      
      2573      2.940e-01      
      2574      2.184e-01      
      2575      1.390e-01      
      2576      1.000e-01      
      2667      1.090e-01      
      2668      2.513e-01      
      2669      4.703e-01      
      2670      6.991e-01      
      2671      8.225e-01      
      2672      7.690e-01      
      2673      5.774e-01      
      2674      3.558e-01      
      2675      1.879e-01      
      2773      2.554e-01      
      2774      4.113e-01      
      2775      5.827e-01      
      2776      7.774e-01      
      2777      1.011e+00      
      2778      1.234e+00      
      2780      1.177e+00      
      2781      8.612e-01      
      2782      5.193e-01      
      2783      2.658e-01      
      2784      1.234e-01      
      2852      2.164e-01      
      2853      5.594e-01      
      2854      1.207e+00      
      2855      2.156e+00      
      2856      3.175e+00      
      2857      3.845e+00      
      2858      3.823e+00      
      2859      3.121e+00      
      2860      2.099e+00      
      2861      1.176e+00      
      2862      5.624e-01      
      2863      2.414e-01      
      2864      1.024e-01      
      3139      1.838e-01      
      3140      3.740e-01      
      3141      6.040e-01      
      3142      7.772e-01      
      3143      8.008e-01      
      3144      6.671e-01      
      3145      4.583e-01      
      3146      2.731e-01      
      3147      1.591e-01      
      3341      1.093e-01      
      3342      2.729e-01      
      3343      5.446e-01      
      3344      8.734e-01      
      3345      1.133e+00      
      3347      1.040e+00      
      3348      7.530e-01      
      3349      4.613e-01      
      3350      2.460e-01      
      3351      1.204e-01      
      3538      1.560e-01      
      3539      2.598e-01      
      3540      3.465e-01      
      3541      3.726e-01      
      3542      3.263e-01      
      3543      2.368e-01      
      3544      1.485e-01      
      3545      1.000e-01      
      3547      1.369e-01      
      3548      2.694e-01      
      3549      4.679e-01      
      3550      6.623e-01      
      3552      6.848e-01      
      3553      5.049e-01      
      3554      3.077e-01      
      3555      1.619e-01      


3624   1.619e-01