0.0      1.000e-01      
      1      1.000e-01      
      368      1.213e-01      
      369      2.177e-01      
      370      3.134e-01      
      371      3.636e-01      
      373      2.678e-01      
      374      1.784e-01      
      413      1.611e-01      
      414      2.993e-01      
      415      4.623e-01      
      416      5.932e-01      
      418      5.632e-01      
      419      4.237e-01      
      420      2.798e-01      
      421      1.855e-01      
      422      1.792e-01      
      423      3.071e-01      
      424      6.235e-01      
      425      1.130e+00      
      426      1.701e+00      
      427      2.096e+00      
      428      2.117e+00      
      429      1.762e+00      
      430      1.225e+00      
      431      7.272e-01      
      432      3.833e-01      
      433      1.916e-01      
      1067      2.043e-01      
      1068      5.250e-01      
      1069      1.078e+00      
      1070      1.775e+00      
      1071      2.356e+00      
      1072      2.536e+00      
      1073      2.234e+00      
      1074      1.632e+00      
      1075      1.009e+00      
      1076      5.455e-01      
      1077      2.716e-01      
      1078      1.337e-01      
      1205      1.112e-01      
      1206      3.674e-01      
      1207      9.704e-01      
      1208      2.064e+00      
      1209      3.572e+00      
      1210      5.099e+00      
      1211      6.112e+00      
      1212      6.288e+00      
      1213      5.690e+00      
      1214      4.641e+00      
      1215      3.481e+00      
      1216      2.433e+00      
      1217      1.595e+00      
      1218      9.847e-01      
      1219      5.758e-01      
      1220      3.240e-01      
      1221      1.801e-01      
      2095      1.137e-01      
      2096      2.979e-01      
      2097      6.208e-01      
      2098      1.034e+00      
      2099      1.384e+00      
      2100      1.501e+00      
      2101      1.331e+00      
      2102      9.817e-01      
      2103      6.168e-01      
      2104      3.435e-01      
      2105      1.801e-01      
      2195      2.231e-01      
      2196      5.401e-01      
      2197      1.105e+00      
      2198      1.936e+00      
      2199      2.922e+00      
      2200      3.791e+00      
      2201      4.206e+00      
      2202      3.970e+00      
      2203      3.184e+00      
      2204      2.180e+00      
      2205      1.291e+00      
      2206      6.775e-01      
      2207      3.292e-01      
      2208      1.583e-01      
      2410      2.536e-01      
      2411      4.288e-01      
      2412      8.870e-01      
      2413      1.901e+00      
      2414      3.565e+00      
      2415      5.482e+00      
      2416      6.824e+00      
      2417      6.925e+00      
      2418      5.823e+00      
      2419      4.155e+00      
      2420      2.584e+00      
      2421      1.439e+00      
      2422      7.363e-01      
      2423      3.572e-01      
      2424      1.727e-01      
      2948      1.133e-01      
      2949      2.850e-01      
      2950      5.661e-01      
      2951      8.918e-01      
      2952      1.121e+00      
      2953      1.135e+00      
      2954      9.372e-01      
      2955      6.453e-01      
      2956      3.836e-01      
      2957      2.081e-01      
      2958      1.108e-01      
      2959      1.000e-01      
      3147      1.128e-01      
      3148      2.090e-01      
      3149      3.745e-01      
      3150      5.629e-01      
      3151      6.852e-01      
      3152      6.748e-01      
      3153      5.447e-01      
      3154      3.700e-01      
      3155      2.210e-01      
      3156      1.238e-01      
      3157      1.000e-01      
      3347      1.570e-01      
      3348      2.340e-01      
      3352      1.457e-01      
      3353      1.000e-01      
      3394      1.999e-01      
      3395      4.856e-01      
      3396      9.907e-01      
      3397      1.709e+00      
      3398      2.509e+00      
      3399      3.153e+00      
      3400      3.398e+00      
      3401      3.139e+00      
      3402      2.484e+00      
      3403      1.685e+00      
      3404      9.899e-01      
      3405      5.158e-01      
      3406      2.499e-01      
      3407      1.210e-01      


3624   1.210e-01