0.0      1.000e-01      
      1      1.000e-01      
      414      1.854e-01      
      415      3.387e-01      
      416      4.893e-01      
      418      5.076e-01      
      419      3.687e-01      
      420      2.188e-01      
      421      1.144e-01      
      423      1.093e-01      
      424      2.461e-01      
      425      5.135e-01      
      426      8.827e-01      
      427      1.224e+00      
      428      1.364e+00      
      429      1.221e+00      
      430      8.815e-01      
      431      5.173e-01      
      432      2.515e-01      
      433      1.057e-01      
      1067      1.000e-01      
      1068      2.085e-01      
      1069      4.576e-01      
      1070      7.986e-01      
      1071      1.109e+00      
      1072      1.229e+00      
      1073      1.089e+00      
      1074      7.770e-01      
      1075      4.521e-01      
      1076      2.197e-01      
      1077      1.000e-01      
      1206      1.176e-01      
      1207      3.448e-01      
      1208      8.094e-01      
      1209      1.530e+00      
      1210      2.348e+00      
      1211      2.968e+00      
      1212      3.156e+00      
      1213      2.906e+00      
      1214      2.397e+00      
      1215      1.822e+00      
      1216      1.293e+00      
      1217      8.528e-01      
      1218      5.158e-01      
      1219      2.837e-01      
      1220      1.426e-01      
      2096      1.055e-01      
      2097      2.489e-01      
      2098      4.628e-01      
      2099      6.789e-01      
      2100      7.873e-01      
      2101      7.246e-01      
      2102      5.333e-01      
      2103      3.186e-01      
      2104      1.593e-01      
      2195      1.000e-01      
      2196      2.673e-01      
      2197      5.936e-01      
      2198      1.096e+00      
      2199      1.690e+00      
      2200      2.193e+00      
      2201      2.413e+00      
      2202      2.266e+00      
      2203      1.822e+00      
      2204      1.251e+00      
      2205      7.316e-01      
      2206      3.643e-01      
      2207      1.570e-01      
      2411      2.058e-01      
      2412      5.101e-01      
      2413      1.171e+00      
      2414      2.218e+00      
      2415      3.358e+00      
      2416      4.053e+00      
      2417      3.938e+00      
      2418      3.142e+00      
      2419      2.127e+00      
      2420      1.274e+00      
      2421      7.002e-01      
      2422      3.588e-01      
      2423      1.708e-01      
      2951      2.435e-01      
      2952      3.296e-01      
      2954      3.109e-01      
      2955      2.205e-01      
      2956      1.303e-01      
      2957      1.000e-01      
      3394      1.000e-01      
      3395      2.149e-01      
      3396      5.392e-01      
      3397      1.162e+00      
      3398      2.132e+00      
      3399      3.292e+00      
      3400      4.220e+00      
      3401      4.444e+00      
      3402      3.818e+00      
      3403      2.670e+00      
      3404      1.525e+00      
      3405      7.193e-01      
      3406      2.881e-01      
      3407      1.041e-01      
      3555      1.938e-01      
      3556      2.494e-01      
      3558      2.106e-01      
      3559      1.402e-01      


3624   1.402e-01