0.0      1.000e-01      
      1      1.000e-01      
      412      1.591e-01      
      413      2.369e-01      
      414      3.036e-01      
      415      3.449e-01      
      421      4.129e-01      
      422      4.985e-01      
      426      4.645e-01      
      427      3.669e-01      
      428      2.796e-01      
      429      2.110e-01      
      431      1.236e-01      
      432      1.000e-01      
      2197      1.154e-01      
      2198      2.501e-01      
      2199      4.494e-01      
      2200      6.831e-01      
      2201      8.962e-01      
      2202      1.032e+00      
      2204      9.821e-01      
      2205      8.359e-01      
      2206      6.659e-01      
      2207      5.072e-01      
      2208      3.771e-01      
      2209      2.787e-01      
      2210      2.075e-01      
      2212      1.212e-01      
      2213      1.000e-01      
      2402      1.435e-01      
      2403      2.937e-01      
      2404      4.875e-01      
      2405      6.690e-01      
      2406      7.799e-01      
      2409      6.845e-01      
      2410      6.298e-01      
      2413      5.476e-01      
      2414      4.809e-01      
      2415      3.907e-01      
      2416      2.981e-01      
      2417      2.209e-01      
      2418      1.649e-01      
      2565      1.241e-01      
      2566      2.734e-01      
      2567      4.963e-01      
      2568      7.483e-01      
      2569      9.489e-01      
      2571      9.798e-01      
      2572      8.393e-01      
      2573      6.656e-01      
      2574      5.015e-01      
      2575      3.679e-01      
      2576      2.691e-01      
      2577      2.001e-01      
      2579      1.197e-01      
      2580      1.000e-01      
      2854      1.444e-01      
      2855      3.022e-01      
      2856      5.113e-01      
      2857      7.086e-01      
      2858      8.194e-01      
      2859      8.100e-01      
      2860      7.058e-01      
      2861      5.620e-01      
      2862      4.245e-01      
      2863      3.144e-01      
      2864      2.337e-01      
      2865      1.766e-01      


3624   1.766e-01