0.0      1.000e-01      
      1      1.000e-01      
      414      1.355e-01      
      415      2.494e-01      
      416      3.602e-01      
      418      3.643e-01      
      419      2.563e-01      
      420      1.433e-01      
      461      2.321e-01      
      462      2.466e-01      
      491      1.595e-01      
      492      1.423e-01      
      1071      2.189e-01      
      1072      2.623e-01      
      1074      1.962e-01      
      1075      1.286e-01      
      1210      1.911e-01      
      1211      3.158e-01      
      1212      4.641e-01      
      1213      6.028e-01      
      1216      5.462e-01      
      1217      3.948e-01      
      1218      2.554e-01      
      1219      1.531e-01      
      1247      2.479e-01      
      1248      2.697e-01      
      1252      3.551e-01      
      1253      3.744e-01      
      1256      4.475e-01      
      1257      4.834e-01      
      1259      5.663e-01      
      1260      6.033e-01      
      1288      5.110e-01      
      1289      4.718e-01      
      1291      3.899e-01      
      1292      3.554e-01      
      1298      2.614e-01      
      1299      2.545e-01      
      1315      1.656e-01      
      1316      1.532e-01      
      1992      1.420e-01      
      1993      2.595e-01      
      1994      3.751e-01      
      1997      2.915e-01      
      1998      1.791e-01      
      2198      2.123e-01      
      2199      3.072e-01      
      2203      2.304e-01      
      2204      1.639e-01      
      3396      1.051e-01      
      3397      2.910e-01      
      3398      6.479e-01      
      3399      1.157e+00      
      3400      1.657e+00      
      3401      1.902e+00      
      3402      1.756e+00      
      3403      1.314e+00      
      3404      8.097e-01      
      3405      4.229e-01      
      3406      1.979e-01      


3624   1.979e-01