0.0      1.000e-01      
      1      1.000e-01      
      411      1.837e-01      
      412      2.399e-01      
      413      3.176e-01      
      414      4.199e-01      
      415      5.397e-01      
      416      6.520e-01      
      424      7.329e-01      
      425      8.579e-01      
      426      1.016e+00      
      427      1.177e+00      
      428      1.294e+00      
      431      1.255e+00      
      432      1.192e+00      
      434      1.112e+00      
      435      1.089e+00      
      446      1.147e+00      
      447      1.215e+00      
      449      1.308e+00      
      450      1.317e+00      
      453      1.240e+00      
      454      1.198e+00      
      457      1.105e+00      
      458      1.092e+00      
      464      9.993e-01      
      465      9.715e-01      
      468      8.755e-01      
      469      8.389e-01      
      471      7.545e-01      
      472      7.062e-01      
      473      6.536e-01      
      474      5.982e-01      
      475      5.431e-01      
      476      4.924e-01      
      480      3.932e-01      
      481      3.908e-01      
      486      3.165e-01      
      487      2.885e-01      
      510      1.892e-01      
      511      1.855e-01      
      1071      2.688e-01      
      1072      3.056e-01      
      1074      2.208e-01      
      1075      1.474e-01      
      1207      1.212e-01      
      1208      2.778e-01      
      1209      5.163e-01      
      1210      7.877e-01      
      1211      1.006e+00      
      1212      1.108e+00      
      1213      1.090e+00      
      1214      9.893e-01      
      1215      8.432e-01      
      1216      6.746e-01      
      1217      5.033e-01      
      1218      3.501e-01      
      1219      2.300e-01      
      1220      1.467e-01      
      1221      1.000e-01      
      1229      1.835e-01      
      1230      2.885e-01      
      1231      4.460e-01      
      1232      6.495e-01      
      1233      8.733e-01      
      1234      1.084e+00      
      1235      1.255e+00      
      1236      1.383e+00      
      1237      1.474e+00      
      1238      1.539e+00      
      1244      1.454e+00      
      1245      1.391e+00      
      1247      1.292e+00      
      1248      1.262e+00      
      1252      1.171e+00      
      1253      1.141e+00      
      1255      1.065e+00      
      1256      1.019e+00      
      1258      9.224e-01      
      1259      8.762e-01      
      1261      7.901e-01      
      1262      7.482e-01      
      1264      6.627e-01      
      1265      6.178e-01      
      1267      5.243e-01      
      1268      4.782e-01      
      1270      3.988e-01      
      1271      3.698e-01      
      1278      2.770e-01      
      1279      2.668e-01      
      1289      1.741e-01      
      1290      1.617e-01      
      2197      1.963e-01      
      2198      3.499e-01      
      2199      5.190e-01      
      2200      6.460e-01      
      2202      6.405e-01      
      2203      5.334e-01      
      2204      4.007e-01      
      2205      2.720e-01      
      2206      1.683e-01      
      2414      1.475e-01      
      2415      2.845e-01      
      2416      4.648e-01      
      2417      6.254e-01      
      2419      6.323e-01      
      2420      4.882e-01      
      2421      3.279e-01      
      2422      2.010e-01      
      2423      1.205e-01      
      2424      1.000e-01      
      2460      1.967e-01      
      2461      2.046e-01      
      2469      1.115e-01      
      2470      1.008e-01      
      3396      1.972e-01      
      3397      3.989e-01      
      3398      6.735e-01      
      3399      9.539e-01      
      3400      1.136e+00      
      3401      1.139e+00      
      3402      9.644e-01      
      3403      6.934e-01      
      3404      4.302e-01      
      3405      2.374e-01      
      3406      1.229e-01      
      3553      2.104e-01      
      3554      3.985e-01      
      3555      6.221e-01      
      3556      7.911e-01      
      3558      7.064e-01      
      3559      5.149e-01      
      3560      3.324e-01      
      3561      2.040e-01      
      3562      1.309e-01      
      3563      1.000e-01      


3624   1.000e-01