0.0      1.000e-01      
      1      1.000e-01      
      2196      1.000e-01      
      2197      2.881e-01      
      2198      7.111e-01      
      2199      1.431e+00      
      2200      2.364e+00      
      2201      3.234e+00      
      2202      3.702e+00      
      2203      3.583e+00      
      2204      2.967e+00      
      2205      2.132e+00      
      2206      1.354e+00      
      2207      7.809e-01      
      2208      4.262e-01      
      2209      2.319e-01      
      2210      1.322e-01      
      2211      1.000e-01      


3624   1.000e-01