0.0      1.000e-01      
      1      1.000e-01      
      411      1.632e-01      
      412      2.847e-01      
      413      4.060e-01      
      416      3.705e-01      
      417      2.821e-01      
      420      3.127e-01      
      421      4.113e-01      
      422      5.488e-01      
      423      7.240e-01      
      424      9.029e-01      
      425      1.019e+00      
      426      1.018e+00      
      427      9.060e-01      
      428      7.426e-01      
      429      5.949e-01      
      430      4.974e-01      
      431      4.490e-01      
      438      5.313e-01      
      439      5.595e-01      
      444      4.794e-01      
      445      4.256e-01      
      446      3.658e-01      
      447      3.037e-01      
      448      2.434e-01      
      449      1.882e-01      
      1068      1.970e-01      
      1069      3.264e-01      
      1070      4.515e-01      
      1073      3.745e-01      
      1074      2.367e-01      
      1075      1.244e-01      
      1207      2.239e-01      
      1208      4.306e-01      
      1209      6.870e-01      
      1210      9.228e-01      
      1211      1.063e+00      
      1212      1.069e+00      
      1213      9.514e-01      
      1214      7.529e-01      
      1215      5.279e-01      
      1216      3.264e-01      
      1217      1.784e-01      
      1230      2.359e-01      
      1231      2.866e-01      
      1232      3.421e-01      
      1233      3.912e-01      
      1239      3.260e-01      
      1240      2.757e-01      
      1241      2.241e-01      
      1242      1.748e-01      
      2197      2.346e-01      
      2198      4.403e-01      
      2199      6.966e-01      
      2200      9.421e-01      
      2201      1.095e+00      
      2202      1.087e+00      
      2203      9.099e-01      
      2204      6.356e-01      
      2205      3.688e-01      
      2206      1.793e-01      
      2406      1.474e-01      
      2407      2.860e-01      
      2408      4.434e-01      
      2409      5.626e-01      
      2411      6.568e-01      
      2412      7.507e-01      
      2413      9.083e-01      
      2414      1.050e+00      
      2416      9.769e-01      
      2417      7.787e-01      
      2418      5.523e-01      
      2419      3.493e-01      
      2420      1.994e-01      
      2427      2.657e-01      
      2428      3.166e-01      
      2430      4.056e-01      
      2431      4.443e-01      
      2443      3.678e-01      
      2444      2.940e-01      
      2445      2.251e-01      
      2446      1.668e-01      
      2568      1.646e-01      
      2569      3.047e-01      
      2570      4.650e-01      
      2571      5.881e-01      
      2573      5.511e-01      
      2574      4.159e-01      
      2575      2.715e-01      
      2576      1.593e-01      
      2948      2.382e-01      
      2949      4.234e-01      
      2950      5.958e-01      
      2952      5.882e-01      
      2953      4.159e-01      
      2954      2.377e-01      
      2955      1.126e-01      
      3140      1.083e-01      
      3141      2.357e-01      
      3142      4.356e-01      
      3143      6.646e-01      
      3144      8.265e-01      
      3145      8.404e-01      
      3146      7.183e-01      
      3147      5.540e-01      
      3148      4.298e-01      
      3149      3.549e-01      
      3150      2.918e-01      
      3151      2.164e-01      
      3152      1.377e-01      
      3344      1.280e-01      
      3345      2.546e-01      
      3346      4.136e-01      
      3347      5.479e-01      
      3349      5.197e-01      
      3350      3.736e-01      
      3351      2.218e-01      
      3352      1.111e-01      
      3554      1.787e-01      
      3555      3.232e-01      
      3556      4.736e-01      
      3559      4.009e-01      
      3560      2.484e-01      
      3561      1.280e-01      


3624   1.280e-01