0.0      1.000e-01      
      1      1.000e-01      
      332      1.460e-01      
      333      2.434e-01      
      334      3.281e-01      
      335      3.615e-01      
      336      3.304e-01      
      337      2.541e-01      
      338      1.666e-01      
      339      1.000e-01      
      357      1.000e-01      
      358      2.035e-01      
      359      4.214e-01      
      360      7.215e-01      
      361      1.031e+00      
      362      1.242e+00      
      363      1.274e+00      
      364      1.125e+00      
      365      8.578e-01      
      366      5.663e-01      
      367      3.231e-01      
      368      1.599e-01      
      407      2.061e-01      
      408      2.843e-01      
      409      3.588e-01      
      410      3.974e-01      
      412      3.386e-01      
      413      2.835e-01      
      415      2.014e-01      
      416      1.706e-01      
      1058      2.330e-01      
      1059      2.908e-01      
      1060      3.412e-01      
      1061      4.030e-01      
      1062      5.014e-01      
      1063      6.540e-01      
      1064      8.486e-01      
      1065      1.025e+00      
      1067      1.017e+00      
      1068      8.102e-01      
      1069      5.573e-01      
      1070      3.355e-01      
      1071      1.817e-01      
      1197      1.087e-01      
      1198      4.501e-01      
      1199      1.489e+00      
      1200      3.957e+00      
      1201      8.505e+00      
      1202      1.488e+01      
      1203      2.138e+01      
      1204      2.542e+01      
      1205      2.524e+01      
      1206      2.113e+01      
      1207      1.515e+01      
      1208      9.510e+00      
      1209      5.396e+00      
      1210      2.873e+00      
      1211      1.483e+00      
      1212      7.598e-01      
      1213      3.996e-01      
      1214      2.313e-01      
      1215      1.593e-01      
      1216      1.305e-01      
      1224      2.221e-01      
      1225      2.462e-01      
      1235      3.452e-01      
      1236      3.670e-01      
      1285      2.713e-01      
      1286      2.641e-01      
      1362      1.690e-01      
      1363      1.640e-01      
      2092      1.412e-01      
      2093      2.708e-01      
      2094      4.084e-01      
      2097      3.546e-01      
      2098      2.247e-01      
      2099      1.225e-01      
      2186      1.531e-01      
      2187      3.303e-01      
      2188      5.740e-01      
      2189      8.121e-01      
      2190      9.492e-01      
      2191      9.357e-01      
      2192      7.983e-01      
      2193      6.053e-01      
      2194      4.160e-01      
      2195      2.626e-01      
      2196      1.580e-01      


3624   1.580e-01