0.0      1.000e-01      
      1      1.000e-01      
      1681      1.700e-01      
      1682      2.467e-01      
      1685      1.923e-01      
      1686      1.121e-01      
      2411      1.524e-01      
      2412      2.168e-01      
      2417      1.591e-01      
      2418      1.000e-01      
      2567      1.895e-01      
      2568      2.792e-01      
      2572      2.515e-01      
      2573      1.786e-01      
      2855      1.937e-01      
      2856      2.855e-01      
      2859      2.129e-01      
      2860      1.209e-01      


3624   1.209e-01