0.0      1.000e-01      
      1      1.000e-01      
      2094      1.629e-01      
      2095      3.031e-01      
      2096      4.512e-01      
      2099      3.785e-01      
      2100      2.334e-01      
      2101      1.219e-01      
      2560      1.172e-01      
      2561      2.393e-01      
      2562      4.143e-01      
      2563      6.053e-01      
      2564      7.476e-01      
      2566      6.849e-01      
      2567      5.058e-01      
      2568      3.182e-01      
      2569      1.791e-01      


3624   1.791e-01