0.0      1.000e-01      
      1      1.000e-01      
      34      1.000e-01      
      35      2.093e-01      
      36      4.056e-01      
      37      6.559e-01      
      38      8.930e-01      
      39      1.038e+00      
      40      1.048e+00      
      41      9.377e-01      
      42      7.688e-01      
      43      6.058e-01      
      44      4.847e-01      
      45      4.067e-01      
      46      3.556e-01      
      48      2.812e-01      
      49      2.493e-01      
      53      1.523e-01      
      54      1.325e-01      
      373      2.183e-01      
      374      2.469e-01      
      382      1.647e-01      
      383      1.425e-01      
      393      1.930e-01      
      394      2.600e-01      
      395      3.231e-01      
      396      3.678e-01      
      399      4.517e-01      
      400      5.012e-01      
      401      5.644e-01      
      402      6.344e-01      
      403      7.031e-01      
      404      7.620e-01      
      409      6.793e-01      
      410      6.227e-01      
      413      6.667e-01      
      414      8.327e-01      
      415      1.114e+00      
      416      1.508e+00      
      417      1.987e+00      
      418      2.507e+00      
      419      3.033e+00      
      420      3.549e+00      
      421      4.082e+00      
      422      4.698e+00      
      423      5.464e+00      
      424      6.381e+00      
      425      7.363e+00      
      426      8.281e+00      
      427      9.048e+00      
      428      9.645e+00      
      429      1.009e+01      
      430      1.039e+01      
      431      1.050e+01      
      432      1.039e+01      
      433      1.004e+01      
      434      9.457e+00      
      435      8.709e+00      
      436      7.854e+00      
      437      6.944e+00      
      438      6.025e+00      
      439      5.138e+00      
      440      4.320e+00      
      441      3.601e+00      
      442      2.998e+00      
      443      2.516e+00      
      444      2.149e+00      
      445      1.900e+00      
      446      1.783e+00      
      447      1.804e+00      
      448      1.939e+00      
      449      2.135e+00      
      450      2.327e+00      
      451      2.470e+00      
      454      2.429e+00      
      455      2.282e+00      
      456      2.106e+00      
      457      1.921e+00      
      458      1.737e+00      
      459      1.559e+00      
      460      1.390e+00      
      461      1.245e+00      
      462      1.135e+00      
      463      1.063e+00      
      464      1.019e+00      
      468      9.289e-01      
      469      8.897e-01      
      470      8.326e-01      
      471      7.611e-01      
      472      6.809e-01      
      473      5.951e-01      
      474      5.064e-01      
      475      4.213e-01      
      476      3.516e-01      
      477      3.116e-01      
      479      3.848e-01      
      480      5.270e-01      
      481      7.367e-01      
      482      9.923e-01      
      483      1.289e+00      
      484      1.655e+00      
      485      2.116e+00      
      486      2.627e+00      
      487      3.076e+00      
      488      3.367e+00      
      489      3.493e+00      
      494      3.465e+00      
      495      3.393e+00      
      496      3.277e+00      
      497      3.103e+00      
      498      2.858e+00      
      499      2.541e+00      
      500      2.174e+00      
      501      1.794e+00      
      502      1.444e+00      
      503      1.156e+00      
      504      9.460e-01      
      505      8.072e-01      
      506      7.200e-01      
      507      6.651e-01      
      513      6.065e-01      
      514      5.579e-01      
      515      4.941e-01      
      516      4.297e-01      
      518      3.348e-01      
      519      3.027e-01      
      523      2.112e-01      
      524      2.000e-01      
      549      1.061e-01      
      550      1.000e-01      
      1068      1.270e-01      
      1069      3.669e-01      
      1070      8.456e-01      
      1071      1.557e+00      
      1072      2.297e+00      
      1073      2.729e+00      
      1074      2.630e+00      
      1075      2.085e+00      
      1076      1.396e+00      
      1077      8.343e-01      
      1078      4.989e-01      
      1079      3.506e-01      
      1085      2.587e-01      
      1086      2.244e-01      
      1089      1.321e-01      
      1090      1.087e-01      
      1212      1.449e-01      
      1213      2.532e-01      
      1214      3.852e-01      
      1215      5.186e-01      
      1216      6.320e-01      
      1217      7.122e-01      
      1218      7.518e-01      
      1221      6.657e-01      
      1222      6.336e-01      
      1230      7.217e-01      
      1231      8.034e-01      
      1232      9.179e-01      
      1233      1.055e+00      
      1234      1.196e+00      
      1235      1.316e+00      
      1236      1.398e+00      
      1237      1.437e+00      
      1240      1.391e+00      
      1241      1.317e+00      
      1242      1.191e+00      
      1243      1.019e+00      
      1244      8.292e-01      
      1245      6.556e-01      
      1246      5.232e-01      
      1247      4.406e-01      
      1248      4.028e-01      
      1265      3.099e-01      
      1266      2.680e-01      
      1269      1.738e-01      
      1270      1.605e-01      
      1539      1.918e-01      
      1540      3.099e-01      
      1541      4.496e-01      
      1542      5.610e-01      
      1545      4.746e-01      
      1546      3.899e-01      
      1547      3.238e-01      
      1548      2.756e-01      
      1554      3.017e-01      
      1555      4.183e-01      
      1556      5.321e-01      
      1561      4.679e-01      
      1562      4.316e-01      
      1566      3.404e-01      
      1567      3.069e-01      
      1572      3.829e-01      
      1573      4.507e-01      
      1574      5.110e-01      
      1575      5.609e-01      
      1577      6.573e-01      
      1578      7.158e-01      
      1579      7.758e-01      
      1580      8.216e-01      
      1583      7.571e-01      
      1584      7.016e-01      
      1587      6.139e-01      
      1588      5.827e-01      
      1589      5.340e-01      
      1590      4.707e-01      
      1591      4.055e-01      
      1592      3.516e-01      
      1595      2.587e-01      
      1596      2.312e-01      
      1600      1.447e-01      
      1601      1.304e-01      
      1604      1.624e-01      
      1605      2.846e-01      
      1606      5.547e-01      
      1607      9.912e-01      
      1608      1.493e+00      
      1609      1.864e+00      
      1610      1.966e+00      
      1611      1.848e+00      
      1612      1.690e+00      
      1618      1.630e+00      
      1619      1.519e+00      
      1620      1.438e+00      
      1621      1.402e+00      
      1624      1.326e+00      
      1625      1.217e+00      
      1626      1.060e+00      
      1627      8.803e-01      
      1628      7.065e-01      
      1629      5.605e-01      
      1630      4.505e-01      
      1631      3.746e-01      
      1632      3.262e-01      
      1649      2.423e-01      
      1650      2.173e-01      
      1656      3.105e-01      
      1657      3.787e-01      
      1658      4.533e-01      
      1659      5.285e-01      
      1660      5.953e-01      
      1661      6.409e-01      
      1665      5.692e-01      
      1666      5.403e-01      
      1672      4.524e-01      
      1673      4.206e-01      
      1688      3.338e-01      
      1689      2.950e-01      
      1691      2.179e-01      
      1692      1.936e-01      
      1992      1.103e-01      
      1993      3.087e-01      
      1994      7.025e-01      
      1995      1.290e+00      
      1996      1.903e+00      
      1997      2.254e+00      
      1998      2.153e+00      
      1999      1.682e+00      
      2000      1.109e+00      
      2001      6.597e-01      
      2002      4.043e-01      
      2003      2.959e-01      
      2008      2.106e-01      
      2009      1.827e-01      
      2194      1.200e-01      
      2195      3.757e-01      
      2196      9.434e-01      
      2197      1.907e+00      
      2198      3.140e+00      
      2199      4.307e+00      
      2200      5.170e+00      
      2201      5.891e+00      
      2202      6.901e+00      
      2203      8.416e+00      
      2204      1.028e+01      
      2205      1.231e+01      
      2206      1.461e+01      
      2207      1.720e+01      
      2208      1.960e+01      
      2209      2.101e+01      
      2210      2.095e+01      
      2211      1.955e+01      
      2212      1.738e+01      
      2213      1.505e+01      
      2214      1.292e+01      
      2215      1.110e+01      
      2216      9.567e+00      
      2217      8.263e+00      
      2218      7.125e+00      
      2219      6.092e+00      
      2220      5.132e+00      
      2221      4.252e+00      
      2222      3.481e+00      
      2223      2.839e+00      
      2224      2.317e+00      
      2225      1.891e+00      
      2226      1.539e+00      
      2227      1.246e+00      
      2228      1.005e+00      
      2229      8.119e-01      
      2230      6.643e-01      
      2231      5.610e-01      
      2236      6.072e-01      
      2237      6.628e-01      
      2244      5.943e-01      
      2245      5.601e-01      
      2247      5.024e-01      
      2248      4.568e-01      
      2249      3.966e-01      
      2250      3.320e-01      
      2252      2.350e-01      
      2253      2.097e-01      
      2276      1.099e-01      
      2277      1.001e-01      
      2414      1.000e-01      
      2415      2.278e-01      
      2416      4.192e-01      
      2417      6.295e-01      
      2418      7.836e-01      
      2420      7.751e-01      
      2421      6.752e-01      
      2422      5.812e-01      
      2423      5.171e-01      
      2430      4.202e-01      
      2431      3.812e-01      
      2433      2.962e-01      
      2434      2.571e-01      
      2437      1.724e-01      
      2438      1.557e-01      
      2564      2.453e-01      
      2565      5.702e-01      
      2566      1.086e+00      
      2567      1.661e+00      
      2568      2.040e+00      
      2569      2.032e+00      
      2570      1.682e+00      
      2571      1.215e+00      
      2572      8.413e-01      
      2573      6.370e-01      
      2577      6.917e-01      
      2578      7.650e-01      
      2579      8.294e-01      
      2580      8.748e-01      
      2590      7.852e-01      
      2591      7.524e-01      
      2597      8.421e-01      
      2598      8.820e-01      
      2601      8.199e-01      
      2602      7.506e-01      
      2603      6.708e-01      
      2604      5.894e-01      
      2605      5.134e-01      
      2606      4.474e-01      
      2608      3.521e-01      
      2609      3.221e-01      
      2613      2.280e-01      
      2614      2.043e-01      
      2634      1.133e-01      
      2635      1.000e-01      
      2946      1.338e-01      
      2947      2.079e-01      
      2948      2.677e-01      
      2949      3.120e-01      
      2950      3.799e-01      
      2951      5.195e-01      
      2952      7.221e-01      
      2953      8.981e-01      
      2955      8.141e-01      
      2956      5.901e-01      
      2957      3.680e-01      
      2958      2.078e-01      
      2959      1.143e-01      
      2960      1.000e-01      
      3287      1.912e-01      
      3288      2.101e-01      
      3294      1.353e-01      
      3295      1.000e-01      
      3554      1.371e-01      
      3555      2.450e-01      
      3556      3.572e-01      
      3560      2.889e-01      
      3561      2.009e-01      
      3562      1.307e-01      
      3563      1.000e-01      


3624   1.000e-01