0.0      1.000e-01      
      1      1.000e-01      
      425      1.194e-01      
      426      2.342e-01      
      427      3.683e-01      
      430      3.793e-01      
      431      2.545e-01      
      432      1.465e-01      
      445      2.303e-01      
      446      2.558e-01      
      485      1.600e-01      
      486      1.430e-01      
      1068      1.880e-01      
      1069      4.510e-01      
      1070      8.478e-01      
      1071      1.250e+00      
      1072      1.447e+00      
      1073      1.320e+00      
      1074      9.534e-01      
      1075      5.508e-01      
      1076      2.595e-01      
      1077      1.037e-01      
      1207      1.517e-01      
      1208      3.736e-01      
      1209      7.282e-01      
      1210      1.132e+00      
      1211      1.421e+00      
      1212      1.470e+00      
      1213      1.292e+00      
      1214      1.000e+00      
      1215      7.043e-01      
      1216      4.572e-01      
      1217      2.726e-01      
      1218      1.484e-01      
      1239      2.236e-01      
      1240      2.632e-01      
      1242      3.508e-01      
      1243      4.020e-01      
      1244      4.562e-01      
      1245      5.098e-01      
      1247      6.069e-01      
      1248      6.523e-01      
      1250      7.441e-01      
      1251      7.878e-01      
      1255      8.869e-01      
      1256      9.024e-01      
      1269      8.265e-01      
      1270      8.004e-01      
      1277      7.041e-01      
      1278      6.890e-01      
      1286      6.118e-01      
      1287      5.847e-01      
      1289      5.084e-01      
      1290      4.662e-01      
      1294      3.691e-01      
      1295      3.652e-01      
      1312      2.776e-01      
      1313      2.581e-01      
      1339      1.681e-01      
      1340      1.453e-01      
      1991      1.561e-01      
      1992      3.265e-01      
      1993      5.419e-01      
      1994      7.153e-01      
      1996      6.334e-01      
      1997      4.290e-01      
      1998      2.367e-01      
      1999      1.089e-01      
      2195      1.000e-01      
      2196      2.165e-01      
      2197      4.926e-01      
      2198      9.127e-01      
      2199      1.391e+00      
      2200      1.772e+00      
      2201      1.926e+00      
      2202      1.817e+00      
      2203      1.498e+00      
      2204      1.073e+00      
      2205      6.578e-01      
      2206      3.423e-01      
      2207      1.524e-01      
      2220      2.210e-01      
      2221      2.620e-01      
      2223      3.390e-01      
      2224      3.733e-01      
      2227      4.678e-01      
      2228      5.024e-01      
      2230      5.884e-01      
      2231      6.400e-01      
      2233      7.365e-01      
      2234      7.694e-01      
      2242      8.684e-01      
      2243      8.703e-01      
      2247      7.904e-01      
      2248      7.546e-01      
      2250      6.728e-01      
      2251      6.336e-01      
      2264      5.408e-01      
      2265      5.192e-01      
      2269      4.293e-01      
      2270      4.060e-01      
      2272      3.432e-01      
      2273      3.040e-01      
      2276      2.103e-01      
      2277      1.973e-01      
      2408      2.201e-01      
      2409      4.158e-01      
      2410      6.274e-01      
      2411      7.788e-01      
      2412      8.487e-01      
      2413      8.959e-01      
      2414      9.747e-01      
      2415      1.049e+00      
      2416      1.029e+00      
      2417      8.846e-01      
      2418      6.688e-01      
      2419      4.563e-01      
      2420      2.867e-01      
      2421      1.656e-01      
      2448      2.323e-01      
      2449      2.741e-01      
      2452      3.604e-01      
      2453      3.753e-01      
      2457      4.634e-01      
      2458      4.964e-01      
      2481      4.159e-01      
      2482      3.948e-01      
      2489      2.999e-01      
      2490      2.887e-01      
      2511      1.903e-01      
      2512      1.763e-01      
      3397      2.101e-01      
      3398      4.394e-01      
      3399      7.439e-01      
      3400      1.010e+00      
      3402      9.513e-01      
      3403      6.616e-01      
      3404      3.724e-01      
      3405      1.731e-01      
      3552      1.636e-01      
      3553      4.183e-01      
      3554      8.450e-01      
      3555      1.352e+00      
      3556      1.716e+00      
      3557      1.736e+00      
      3558      1.404e+00      
      3559      9.138e-01      
      3560      4.839e-01      
      3561      2.132e-01      
      3562      1.000e-01      
      3586      1.864e-01      
      3587      2.091e-01      
      3592      3.042e-01      
      3593      3.155e-01      
      3615      2.252e-01      
      3616      1.988e-01      


3624   1.988e-01