0.0      1.100e-01      
      1      1.100e-01      
      32      1.759e-01      
      33      2.775e-01      
      34      5.042e-01      
      35      8.825e-01      
      36      1.336e+00      
      37      1.685e+00      
      38      1.764e+00      
      39      1.561e+00      
      40      1.209e+00      
      41      8.685e-01      
      42      6.204e-01      
      43      4.666e-01      
      44      3.775e-01      
      45      3.259e-01      
      133      2.259e-01      
      134      2.249e-01      
      358      2.261e-01      
      359      3.905e-01      
      360      8.105e-01      
      361      1.734e+00      
      362      3.438e+00      
      363      5.969e+00      
      364      8.821e+00      
      365      1.098e+01      
      366      1.155e+01      
      367      1.044e+01      
      368      8.352e+00      
      369      6.181e+00      
      370      4.473e+00      
      371      3.349e+00      
      372      2.696e+00      
      373      2.347e+00      
      374      2.168e+00      
      375      2.072e+00      
      376      2.013e+00      
      378      1.932e+00      
      379      1.896e+00      
      381      1.814e+00      
      382      1.771e+00      
      384      1.693e+00      
      385      1.660e+00      
      389      1.562e+00      
      390      1.542e+00      
      394      1.447e+00      
      395      1.424e+00      
      400      1.330e+00      
      401      1.315e+00      
      407      1.370e+00      
      408      1.457e+00      
      409      1.574e+00      
      410      1.694e+00      
      411      1.797e+00      
      412      1.898e+00      
      413      2.053e+00      
      414      2.305e+00      
      415      2.628e+00      
      416      2.915e+00      
      417      3.055e+00      
      418      3.006e+00      
      419      2.820e+00      
      420      2.586e+00      
      421      2.372e+00      
      422      2.211e+00      
      423      2.103e+00      
      424      2.036e+00      
      425      1.996e+00      
      429      1.907e+00      
      430      1.886e+00      
      435      1.788e+00      
      436      1.766e+00      
      440      1.679e+00      
      441      1.658e+00      
      446      1.566e+00      
      447      1.555e+00      
      453      1.464e+00      
      454      1.445e+00      
      460      1.358e+00      
      461      1.342e+00      
      468      1.243e+00      
      469      1.230e+00      
      480      1.131e+00      
      481      1.122e+00      
      496      1.026e+00      
      497      1.017e+00      
      503      1.097e+00      
      504      1.180e+00      
      509      1.125e+00      
      510      1.070e+00      
      513      9.707e-01      
      514      9.547e-01      
      534      8.559e-01      
      535      8.490e-01      
      552      7.494e-01      
      553      7.459e-01      
      579      6.497e-01      
      580      6.423e-01      
      611      5.438e-01      
      612      5.368e-01      
      648      4.377e-01      
      649      4.358e-01      
      685      3.377e-01      
      686      3.338e-01      
      769      2.353e-01      
      770      2.337e-01      
      1030      1.340e-01      
      1031      1.322e-01      
      1059      1.992e-01      
      1060      3.076e-01      
      1061      4.934e-01      
      1062      7.290e-01      
      1063      9.427e-01      
      1064      1.078e+00      
      1065      1.168e+00      
      1066      1.343e+00      
      1067      1.754e+00      
      1068      2.458e+00      
      1069      3.345e+00      
      1070      4.161e+00      
      1071      4.631e+00      
      1072      4.614e+00      
      1073      4.186e+00      
      1074      3.564e+00      
      1075      2.965e+00      
      1076      2.502e+00      
      1077      2.194e+00      
      1078      2.004e+00      
      1079      1.886e+00      
      1080      1.806e+00      
      1081      1.743e+00      
      1082      1.687e+00      
      1083      1.636e+00      
      1086      1.536e+00      
      1087      1.520e+00      
      1093      1.427e+00      
      1094      1.409e+00      
      1101      1.318e+00      
      1102      1.302e+00      
      1108      1.207e+00      
      1109      1.193e+00      
      1119      1.097e+00      
      1120      1.088e+00      
      1128      9.925e-01      
      1129      9.846e-01      
      1143      8.908e-01      
      1144      8.826e-01      
      1158      7.869e-01      
      1159      7.816e-01      
      1176      6.833e-01      
      1177      6.787e-01      
      1203      6.523e-01      
      1204      8.116e-01      
      1205      1.232e+00      
      1206      2.090e+00      
      1207      3.440e+00      
      1208      5.044e+00      
      1209      6.396e+00      
      1210      7.026e+00      
      1211      6.809e+00      
      1212      5.996e+00      
      1213      4.978e+00      
      1214      4.048e+00      
      1215      3.333e+00      
      1216      2.831e+00      
      1217      2.496e+00      
      1218      2.274e+00      
      1219      2.126e+00      
      1220      2.025e+00      
      1221      1.955e+00      
      1222      1.905e+00      
      1225      1.817e+00      
      1226      1.789e+00      
      1229      1.697e+00      
      1230      1.668e+00      
      1233      1.576e+00      
      1234      1.547e+00      
      1239      1.448e+00      
      1240      1.434e+00      
      1245      1.350e+00      
      1246      1.326e+00      
      1251      1.229e+00      
      1252      1.217e+00      
      1261      1.124e+00      
      1262      1.115e+00      
      1272      1.017e+00      
      1273      1.008e+00      
      1287      9.147e-01      
      1288      9.079e-01      
      1303      8.101e-01      
      1304      8.053e-01      
      1323      7.088e-01      
      1324      7.023e-01      
      1351      6.060e-01      
      1352      5.995e-01      
      1394      5.015e-01      
      1395      4.981e-01      
      1425      3.982e-01      
      1426      3.969e-01      
      1502      2.970e-01      
      1503      2.962e-01      
      1531      3.893e-01      
      1532      4.237e-01      
      1547      3.254e-01      
      1548      3.226e-01      
      1676      3.376e-01      
      1677      4.583e-01      
      1678      6.123e-01      
      1679      7.509e-01      
      1683      6.715e-01      
      1684      6.000e-01      
      1686      5.042e-01      
      1687      4.744e-01      
      1705      3.780e-01      
      1706      3.730e-01      
      1790      2.736e-01      
      1791      2.705e-01      
      1913      1.714e-01      
      1914      1.700e-01      
      1984      2.548e-01      
      1985      3.132e-01      
      1987      4.018e-01      
      1988      4.155e-01      
      1994      3.182e-01      
      1995      3.056e-01      
      2043      3.863e-01      
      2044      4.119e-01      
      2050      3.140e-01      
      2051      3.051e-01      
      2093      3.848e-01      
      2094      5.821e-01      
      2095      9.199e-01      
      2096      1.343e+00      
      2097      1.701e+00      
      2098      1.843e+00      
      2099      1.734e+00      
      2100      1.469e+00      
      2101      1.182e+00      
      2102      9.527e-01      
      2103      7.971e-01      
      2104      6.990e-01      
      2105      6.374e-01      
      2117      5.403e-01      
      2118      5.352e-01      
      2172      4.365e-01      
      2173      4.310e-01      
      2194      4.841e-01      
      2195      5.768e-01      
      2196      7.697e-01      
      2197      1.144e+00      
      2198      1.818e+00      
      2199      2.929e+00      
      2200      4.544e+00      
      2201      6.474e+00      
      2202      8.194e+00      
      2203      9.079e+00      
      2204      8.838e+00      
      2205      7.716e+00      
      2206      6.265e+00      
      2207      4.960e+00      
      2208      4.005e+00      
      2209      3.389e+00      
      2210      3.013e+00      
      2211      2.784e+00      
      2212      2.638e+00      
      2213      2.536e+00      
      2214      2.453e+00      
      2215      2.379e+00      
      2216      2.309e+00      
      2217      2.243e+00      
      2218      2.185e+00      
      2219      2.136e+00      
      2221      2.055e+00      
      2222      2.020e+00      
      2224      1.953e+00      
      2225      1.917e+00      
      2227      1.842e+00      
      2228      1.807e+00      
      2231      1.716e+00      
      2232      1.688e+00      
      2235      1.608e+00      
      2236      1.583e+00      
      2240      1.484e+00      
      2241      1.462e+00      
      2247      1.371e+00      
      2248      1.359e+00      
      2256      1.264e+00      
      2257      1.251e+00      
      2265      1.153e+00      
      2266      1.143e+00      
      2283      1.046e+00      
      2284      1.036e+00      
      2292      9.400e-01      
      2293      9.268e-01      
      2307      8.296e-01      
      2308      8.210e-01      
      2326      7.221e-01      
      2327      7.154e-01      
      2355      6.216e-01      
      2356      6.147e-01      
      2380      5.199e-01      
      2381      5.105e-01      
      2396      5.805e-01      
      2397      6.365e-01      
      2404      6.960e-01      
      2405      7.625e-01      
      2406      8.491e-01      
      2407      9.348e-01      
      2408      1.001e+00      
      2409      1.039e+00      
      2413      9.478e-01      
      2414      9.059e-01      
      2417      8.105e-01      
      2418      7.911e-01      
      2435      6.957e-01      
      2436      6.867e-01      
      2471      5.912e-01      
      2472      5.866e-01      
      2513      4.882e-01      
      2514      4.865e-01      
      2559      4.861e-01      
      2560      7.319e-01      
      2561      1.434e+00      
      2562      3.001e+00      
      2563      5.707e+00      
      2564      9.252e+00      
      2565      1.260e+01      
      2566      1.453e+01      
      2567      1.444e+01      
      2568      1.272e+01      
      2569      1.028e+01      
      2570      7.953e+00      
      2571      6.136e+00      
      2572      4.885e+00      
      2573      4.083e+00      
      2574      3.583e+00      
      2575      3.264e+00      
      2576      3.049e+00      
      2577      2.893e+00      
      2578      2.775e+00      
      2579      2.683e+00      
      2580      2.611e+00      
      2581      2.551e+00      
      2582      2.496e+00      
      2583      2.439e+00      
      2584      2.379e+00      
      2585      2.320e+00      
      2586      2.265e+00      
      2588      2.172e+00      
      2589      2.130e+00      
      2591      2.047e+00      
      2592      2.008e+00      
      2595      1.916e+00      
      2596      1.890e+00      
      2599      1.805e+00      
      2600      1.775e+00      
      2603      1.686e+00      
      2604      1.654e+00      
      2607      1.555e+00      
      2608      1.527e+00      
      2613      1.432e+00      
      2614      1.414e+00      
      2620      1.318e+00      
      2621      1.304e+00      
      2628      1.211e+00      
      2629      1.201e+00      
      2643      1.107e+00      
      2644      1.100e+00      
      2657      1.009e+00      
      2658      9.973e-01      
      2668      1.030e+00      
      2669      1.103e+00      
      2676      1.017e+00      
      2677      9.922e-01      
      2686      8.961e-01      
      2687      8.918e-01      
      2704      7.992e-01      
      2705      7.887e-01      
      2727      6.898e-01      
      2728      6.845e-01      
      2759      5.881e-01      
      2760      5.816e-01      
      2770      6.422e-01      
      2771      7.503e-01      
      2772      8.952e-01      
      2773      1.034e+00      
      2777      9.592e-01      
      2778      8.785e-01      
      2780      7.799e-01      
      2781      7.531e-01      
      2797      6.565e-01      
      2798      6.492e-01      
      2827      5.498e-01      
      2828      5.468e-01      
      2859      6.359e-01      
      2860      6.626e-01      
      2874      5.650e-01      
      2875      5.603e-01      
      2911      4.618e-01      
      2912      4.589e-01      
      2983      3.600e-01      
      2984      3.581e-01      
      3050      2.581e-01      
      3051      2.561e-01      
      3231      1.578e-01      
      3232      1.560e-01      
      3274      2.245e-01      
      3275      2.678e-01      
      3341      2.901e-01      
      3342      3.902e-01      
      3343      5.089e-01      
      3344      6.078e-01      
      3345      6.532e-01      
      3347      5.901e-01      
      3348      5.307e-01      
      3350      4.365e-01      
      3351      4.056e-01      
      3389      4.429e-01      
      3390      5.061e-01      
      3391      5.981e-01      
      3392      7.105e-01      
      3393      8.267e-01      
      3394      9.257e-01      
      3395      9.869e-01      
      3398      9.109e-01      
      3399      8.495e-01      
      3401      7.594e-01      
      3402      7.339e-01      
      3428      6.383e-01      
      3429      6.238e-01      
      3461      5.280e-01      
      3462      5.204e-01      
      3517      4.238e-01      
      3518      4.200e-01      
      3537      4.849e-01      
      3538      6.128e-01      
      3539      7.687e-01      
      3540      9.003e-01      
      3544      8.233e-01      
      3545      7.799e-01      
      3549      6.855e-01      
      3550      6.657e-01      
      3567      5.702e-01      
      3568      5.639e-01      
      3602      4.677e-01      
      3603      4.632e-01      


3624   4.632e-01