0.0      1.000e-01      
      1      1.000e-01      
      34      1.197e-01      
      35      2.733e-01      
      36      5.094e-01      
      37      7.859e-01      
      38      1.022e+00      
      39      1.144e+00      
      40      1.126e+00      
      41      1.000e+00      
      42      8.332e-01      
      43      6.848e-01      
      44      5.885e-01      
      45      5.496e-01      
      50      4.956e-01      
      51      4.038e-01      
      52      3.075e-01      
      53      2.237e-01      
      54      1.598e-01      
      55      1.153e-01      
      385      2.133e-01      
      386      2.231e-01      
      389      1.410e-01      
      390      1.201e-01      
      392      1.827e-01      
      393      2.913e-01      
      394      4.464e-01      
      395      6.175e-01      
      396      7.651e-01      
      397      8.608e-01      
      398      8.956e-01      
      400      8.039e-01      
      401      6.996e-01      
      402      5.787e-01      
      403      4.649e-01      
      404      3.807e-01      
      405      3.389e-01      
      410      2.806e-01      
      411      2.356e-01      
      413      2.911e-01      
      414      4.757e-01      
      415      8.019e-01      
      416      1.257e+00      
      417      1.795e+00      
      418      2.352e+00      
      419      2.856e+00      
      420      3.252e+00      
      421      3.545e+00      
      422      3.821e+00      
      423      4.197e+00      
      424      4.720e+00      
      425      5.333e+00      
      426      5.936e+00      
      427      6.464e+00      
      428      6.916e+00      
      429      7.295e+00      
      430      7.558e+00      
      431      7.620e+00      
      432      7.412e+00      
      433      6.937e+00      
      434      6.279e+00      
      435      5.551e+00      
      436      4.845e+00      
      437      4.211e+00      
      438      3.677e+00      
      439      3.253e+00      
      440      2.927e+00      
      441      2.670e+00      
      442      2.452e+00      
      443      2.263e+00      
      444      2.116e+00      
      447      2.204e+00      
      448      2.384e+00      
      449      2.524e+00      
      451      2.461e+00      
      452      2.303e+00      
      453      2.150e+00      
      454      2.039e+00      
      455      1.961e+00      
      456      1.876e+00      
      457      1.758e+00      
      458      1.605e+00      
      459      1.437e+00      
      460      1.280e+00      
      461      1.152e+00      
      462      1.056e+00      
      463      9.824e-01      
      464      9.167e-01      
      465      8.451e-01      
      466      7.617e-01      
      467      6.709e-01      
      468      5.833e-01      
      469      5.080e-01      
      470      4.471e-01      
      471      3.971e-01      
      473      3.142e-01      
      474      2.776e-01      
      479      3.347e-01      
      480      5.113e-01      
      481      7.728e-01      
      482      1.110e+00      
      483      1.545e+00      
      484      2.144e+00      
      485      2.933e+00      
      486      3.805e+00      
      487      4.537e+00      
      488      4.959e+00      
      489      5.063e+00      
      490      4.970e+00      
      491      4.793e+00      
      492      4.573e+00      
      493      4.300e+00      
      494      3.961e+00      
      495      3.568e+00      
      496      3.157e+00      
      497      2.769e+00      
      498      2.421e+00      
      499      2.110e+00      
      500      1.828e+00      
      501      1.580e+00      
      502      1.377e+00      
      503      1.226e+00      
      504      1.121e+00      
      505      1.046e+00      
      506      9.819e-01      
      507      9.123e-01      
      508      8.313e-01      
      509      7.427e-01      
      510      6.545e-01      
      511      5.722e-01      
      512      4.973e-01      
      513      4.294e-01      
      514      3.691e-01      
      516      2.758e-01      
      517      2.424e-01      
      521      1.480e-01      
      522      1.278e-01      
      1068      1.260e-01      
      1069      3.659e-01      
      1070      8.469e-01      
      1071      1.565e+00      
      1072      2.319e+00      
      1073      2.767e+00      
      1074      2.687e+00      
      1075      2.156e+00      
      1076      1.470e+00      
      1077      8.901e-01      
      1078      5.128e-01      
      1079      3.056e-01      
      1080      2.011e-01      
      1082      1.194e-01      
      1083      1.000e-01      
      1211      1.749e-01      
      1212      2.184e-01      
      1213      3.013e-01      
      1214      4.182e-01      
      1215      5.489e-01      
      1216      6.718e-01      
      1217      7.720e-01      
      1222      7.963e-01      
      1223      8.760e-01      
      1224      1.023e+00      
      1225      1.194e+00      
      1226      1.325e+00      
      1228      1.288e+00      
      1229      1.125e+00      
      1230      9.201e-01      
      1231      7.203e-01      
      1232      5.544e-01      
      1233      4.337e-01      
      1234      3.578e-01      
      1235      3.184e-01      
      1239      2.450e-01      
      1240      2.104e-01      
      1248      2.875e-01      
      1249      3.342e-01      
      1250      3.878e-01      
      1251      4.388e-01      
      1255      3.905e-01      
      1256      3.199e-01      
      1257      2.512e-01      
      1258      1.940e-01      
      1539      2.012e-01      
      1540      3.776e-01      
      1541      5.626e-01      
      1542      6.698e-01      
      1543      6.462e-01      
      1544      5.199e-01      
      1545      3.699e-01      
      1546      2.576e-01      
      1548      1.648e-01      
      1549      1.468e-01      
      1552      1.627e-01      
      1553      2.519e-01      
      1554      4.244e-01      
      1555      6.673e-01      
      1556      9.191e-01      
      1557      1.106e+00      
      1558      1.198e+00      
      1559      1.221e+00      
      1561      1.168e+00      
      1562      1.081e+00      
      1563      9.475e-01      
      1564      7.898e-01      
      1565      6.375e-01      
      1566      5.071e-01      
      1567      4.001e-01      
      1568      3.131e-01      
      1569      2.459e-01      
      1577      3.102e-01      
      1578      3.891e-01      
      1579      4.935e-01      
      1580      5.990e-01      
      1584      5.652e-01      
      1585      4.619e-01      
      1586      3.553e-01      
      1587      2.594e-01      
      1588      1.829e-01      
      1605      2.413e-01      
      1606      5.570e-01      
      1607      1.073e+00      
      1608      1.684e+00      
      1609      2.169e+00      
      1610      2.359e+00      
      1611      2.273e+00      
      1612      2.071e+00      
      1613      1.887e+00      
      1614      1.761e+00      
      1615      1.681e+00      
      1616      1.633e+00      
      1619      1.578e+00      
      1620      1.525e+00      
      1621      1.434e+00      
      1622      1.307e+00      
      1623      1.152e+00      
      1624      9.828e-01      
      1625      8.178e-01      
      1626      6.734e-01      
      1627      5.571e-01      
      1628      4.663e-01      
      1629      3.952e-01      
      1631      3.004e-01      
      1632      2.747e-01      
      1648      1.787e-01      
      1649      1.524e-01      
      1656      2.420e-01      
      1657      2.901e-01      
      1659      3.722e-01      
      1660      3.966e-01      
      1665      3.007e-01      
      1666      2.699e-01      
      1675      3.541e-01      
      1676      4.077e-01      
      1684      3.363e-01      
      1685      2.895e-01      
      1687      2.069e-01      
      1688      1.728e-01      
      1992      1.287e-01      
      1993      3.818e-01      
      1994      9.082e-01      
      1995      1.723e+00      
      1996      2.604e+00      
      1997      3.143e+00      
      1998      3.052e+00      
      1999      2.419e+00      
      2000      1.609e+00      
      2001      9.416e-01      
      2002      5.236e-01      
      2003      3.044e-01      
      2004      1.993e-01      
      2194      1.353e-01      
      2195      4.237e-01      
      2196      1.058e+00      
      2197      2.115e+00      
      2198      3.424e+00      
      2199      4.590e+00      
      2200      5.332e+00      
      2201      5.819e+00      
      2202      6.546e+00      
      2203      7.871e+00      
      2204      9.768e+00      
      2205      1.202e+01      
      2206      1.442e+01      
      2207      1.666e+01      
      2208      1.818e+01      
      2209      1.844e+01      
      2210      1.729e+01      
      2211      1.510e+01      
      2212      1.254e+01      
      2213      1.017e+01      
      2214      8.299e+00      
      2215      6.962e+00      
      2216      6.034e+00      
      2217      5.351e+00      
      2218      4.787e+00      
      2219      4.274e+00      
      2220      3.788e+00      
      2221      3.326e+00      
      2222      2.893e+00      
      2223      2.508e+00      
      2224      2.189e+00      
      2225      1.950e+00      
      2226      1.787e+00      
      2227      1.678e+00      
      2228      1.592e+00      
      2229      1.505e+00      
      2230      1.404e+00      
      2231      1.291e+00      
      2232      1.174e+00      
      2233      1.062e+00      
      2234      9.609e-01      
      2235      8.773e-01      
      2236      8.113e-01      
      2237      7.584e-01      
      2238      7.104e-01      
      2239      6.596e-01      
      2240      6.029e-01      
      2241      5.425e-01      
      2242      4.833e-01      
      2243      4.295e-01      
      2244      3.826e-01      
      2246      3.022e-01      
      2247      2.638e-01      
      2249      1.916e-01      
      2250      1.617e-01      
      2414      1.416e-01      
      2415      3.316e-01      
      2416      6.258e-01      
      2417      9.547e-01      
      2418      1.194e+00      
      2420      1.166e+00      
      2421      1.026e+00      
      2422      9.218e-01      
      2428      8.352e-01      
      2429      7.246e-01      
      2430      5.966e-01      
      2431      4.761e-01      
      2432      3.741e-01      
      2433      2.908e-01      
      2434      2.242e-01      
      2436      1.366e-01      
      2437      1.109e-01      
      2563      1.052e-01      
      2564      3.336e-01      
      2565      8.316e-01      
      2566      1.636e+00      
      2567      2.551e+00      
      2568      3.182e+00      
      2569      3.218e+00      
      2570      2.707e+00      
      2571      1.987e+00      
      2572      1.383e+00      
      2573      1.021e+00      
      2574      8.626e-01      
      2579      8.019e-01      
      2580      7.572e-01      
      2581      6.866e-01      
      2582      5.925e-01      
      2583      4.868e-01      
      2584      3.875e-01      
      2585      3.110e-01      
      2590      2.374e-01      
      2591      2.099e-01      
      2594      1.195e-01      
      2595      1.065e-01      
      2599      1.681e-01      
      2600      2.109e-01      
      2602      2.982e-01      
      2603      3.324e-01      
      2608      2.893e-01      
      2609      2.300e-01      
      2610      1.663e-01      
      2611      1.097e-01      
      2950      1.864e-01      
      2951      3.264e-01      
      2952      5.437e-01      
      2953      7.708e-01      
      2954      8.942e-01      
      2955      8.453e-01      
      2956      6.615e-01      
      2957      4.442e-01      
      2958      2.730e-01      
      2959      1.677e-01      
      3555      2.528e-01      
      3556      4.143e-01      
      3557      5.524e-01      
      3560      4.591e-01      
      3561      3.308e-01      
      3562      2.187e-01      
      3563      1.373e-01      
      3564      1.000e-01      


3624   1.000e-01