0.0      3.200e-01      
      1      3.200e-01      
      90      2.203e-01      
      91      2.138e-01      
      361      3.001e-01      
      362      4.320e-01      
      363      5.957e-01      
      364      7.355e-01      
      366      7.390e-01      
      367      6.145e-01      
      368      4.727e-01      
      369      3.547e-01      
      370      2.740e-01      
      371      2.255e-01      
      406      3.229e-01      
      407      3.277e-01      
      443      4.263e-01      
      444      4.291e-01      
      475      5.290e-01      
      476      5.305e-01      
      878      4.310e-01      
      879      4.304e-01      
      1783      3.304e-01      
      1784      3.301e-01      
      1873      2.324e-01      
      1874      2.203e-01      
      2253      3.199e-01      
      2254      3.230e-01      
      2367      4.222e-01      
      2368      4.240e-01      
      3169      3.240e-01      
      3170      3.222e-01      
      3277      2.300e-01      
      3278      2.124e-01      


3624   2.124e-01