0.0      1.000e-01      
      1      1.000e-01      
      33      1.105e-01      
      34      3.083e-01      
      35      6.871e-01      
      36      1.230e+00      
      37      1.783e+00      
      38      2.125e+00      
      39      2.132e+00      
      40      1.872e+00      
      41      1.513e+00      
      42      1.184e+00      
      43      9.267e-01      
      44      7.324e-01      
      45      5.839e-01      
      46      4.685e-01      
      47      3.780e-01      
      48      3.061e-01      
      49      2.484e-01      
      50      2.021e-01      
      53      1.150e-01      
      54      1.000e-01      
      361      1.164e-01      
      362      3.771e-01      
      363      9.976e-01      
      364      2.151e+00      
      365      3.782e+00      
      366      5.440e+00      
      367      6.462e+00      
      368      6.450e+00      
      369      5.564e+00      
      370      4.318e+00      
      371      3.156e+00      
      372      2.262e+00      
      373      1.629e+00      
      374      1.191e+00      
      375      8.902e-01      
      376      6.810e-01      
      377      5.323e-01      
      378      4.230e-01      
      379      3.401e-01      
      380      2.755e-01      
      382      1.842e-01      
      383      1.527e-01      
      410      1.539e-01      
      411      3.299e-01      
      412      5.833e-01      
      413      8.567e-01      
      414      1.086e+00      
      415      1.267e+00      
      416      1.442e+00      
      417      1.607e+00      
      419      1.600e+00      
      420      1.387e+00      
      421      1.129e+00      
      422      8.980e-01      
      423      7.156e-01      
      424      5.753e-01      
      425      4.653e-01      
      426      3.776e-01      
      427      3.073e-01      
      428      2.507e-01      
      429      2.053e-01      
      432      1.175e-01      
      433      1.000e-01      
      1065      1.456e-01      
      1066      3.279e-01      
      1067      6.601e-01      
      1068      1.196e+00      
      1069      1.960e+00      
      1070      2.886e+00      
      1071      3.771e+00      
      1072      4.334e+00      
      1073      4.383e+00      
      1074      3.949e+00      
      1075      3.244e+00      
      1076      2.501e+00      
      1077      1.864e+00      
      1078      1.378e+00      
      1079      1.027e+00      
      1080      7.784e-01      
      1081      6.020e-01      
      1082      4.742e-01      
      1083      3.794e-01      
      1084      3.072e-01      
      1085      2.511e-01      
      1086      2.067e-01      
      1089      1.205e-01      
      1090      1.026e-01      
      1206      1.081e-01      
      1207      2.675e-01      
      1208      5.684e-01      
      1209      1.019e+00      
      1210      1.545e+00      
      1211      2.007e+00      
      1212      2.280e+00      
      1214      2.199e+00      
      1215      1.971e+00      
      1216      1.701e+00      
      1217      1.423e+00      
      1218      1.160e+00      
      1219      9.307e-01      
      1220      7.416e-01      
      1221      5.917e-01      
      1222      4.749e-01      
      1223      3.840e-01      
      1224      3.124e-01      
      1225      2.550e-01      
      1226      2.086e-01      
      1229      1.197e-01      
      1230      1.022e-01      
      1573      1.809e-01      
      1574      2.119e-01      
      1582      1.128e-01      
      1583      1.000e-01      
      1983      1.094e-01      
      1984      2.349e-01      
      1985      4.234e-01      
      1986      6.329e-01      
      1987      7.885e-01      
      1989      7.642e-01      
      1990      6.388e-01      
      1991      5.124e-01      
      1992      4.128e-01      
      1993      3.396e-01      
      1994      2.834e-01      
      1995      2.371e-01      
      1998      1.388e-01      
      1999      1.177e-01      
      2094      1.242e-01      
      2095      3.094e-01      
      2096      6.440e-01      
      2097      1.111e+00      
      2098      1.607e+00      
      2099      1.992e+00      
      2100      2.163e+00      
      2101      2.104e+00      
      2102      1.873e+00      
      2103      1.559e+00      
      2104      1.243e+00      
      2105      9.720e-01      
      2106      7.580e-01      
      2107      5.956e-01      
      2108      4.733e-01      
      2109      3.800e-01      
      2110      3.076e-01      
      2111      2.505e-01      
      2112      2.053e-01      
      2115      1.199e-01      
      2116      1.024e-01      
      2197      1.996e-01      
      2198      5.513e-01      
      2199      1.275e+00      
      2200      2.484e+00      
      2201      4.110e+00      
      2202      5.815e+00      
      2203      7.077e+00      
      2204      7.473e+00      
      2205      6.947e+00      
      2206      5.814e+00      
      2207      4.505e+00      
      2208      3.330e+00      
      2209      2.411e+00      
      2210      1.745e+00      
      2211      1.278e+00      
      2212      9.542e-01      
      2213      7.281e-01      
      2214      5.677e-01      
      2215      4.509e-01      
      2216      3.633e-01      
      2217      2.952e-01      
      2219      1.976e-01      
      2220      1.631e-01      
      2396      1.058e-01      
      2397      3.281e-01      
      2398      8.521e-01      
      2399      1.802e+00      
      2400      3.109e+00      
      2401      4.435e+00      
      2402      5.341e+00      
      2403      5.593e+00      
      2404      5.279e+00      
      2405      4.662e+00      
      2406      3.960e+00      
      2407      3.272e+00      
      2408      2.636e+00      
      2409      2.076e+00      
      2410      1.613e+00      
      2411      1.253e+00      
      2412      9.813e-01      
      2413      7.740e-01      
      2414      6.115e-01      
      2415      4.819e-01      
      2416      3.798e-01      
      2417      3.016e-01      
      2418      2.430e-01      
      2420      1.652e-01      
      2421      1.390e-01      
      2568      1.578e-01      
      2569      3.034e-01      
      2570      4.928e-01      
      2571      6.661e-01      
      2574      6.366e-01      
      2575      5.188e-01      
      2576      4.172e-01      
      2577      3.401e-01      
      2578      2.818e-01      
      2580      1.977e-01      
      2581      1.666e-01      
      2668      1.771e-01      
      2669      3.564e-01      
      2670      6.066e-01      
      2671      8.664e-01      
      2672      1.053e+00      
      2674      1.060e+00      
      2675      9.353e-01      
      2676      7.878e-01      
      2677      6.475e-01      
      2678      5.272e-01      
      2679      4.289e-01      
      2680      3.499e-01      
      2681      2.866e-01      
      2682      2.359e-01      
      2685      1.383e-01      
      2686      1.181e-01      
      2772      1.963e-01      
      2773      3.962e-01      
      2774      6.848e-01      
      2775      1.021e+00      
      2776      1.344e+00      
      2777      1.600e+00      
      2778      1.738e+00      
      2779      1.718e+00      
      2780      1.547e+00      
      2781      1.285e+00      
      2782      1.015e+00      
      2783      7.875e-01      
      2784      6.153e-01      
      2785      4.883e-01      
      2786      3.930e-01      
      2787      3.198e-01      
      2788      2.626e-01      
      2789      2.174e-01      
      2792      1.302e-01      
      2793      1.120e-01      
      2851      1.000e-01      
      2852      2.692e-01      
      2853      7.271e-01      
      2854      1.609e+00      
      2855      2.906e+00      
      2856      4.324e+00      
      2857      5.374e+00      
      2858      5.696e+00      
      2859      5.290e+00      
      2860      4.447e+00      
      2861      3.497e+00      
      2862      2.646e+00      
      2863      1.969e+00      
      2864      1.461e+00      
      2865      1.093e+00      
      2866      8.306e-01      
      2867      6.429e-01      
      2868      5.068e-01      
      2869      4.059e-01      
      2870      3.291e-01      
      2871      2.690e-01      
      2873      1.832e-01      
      2874      1.529e-01      
      3341      2.110e-01      
      3342      4.912e-01      
      3343      9.342e-01      
      3344      1.446e+00      
      3345      1.840e+00      
      3346      1.965e+00      
      3347      1.817e+00      
      3348      1.515e+00      
      3349      1.193e+00      
      3350      9.226e-01      
      3351      7.176e-01      
      3352      5.665e-01      
      3353      4.536e-01      
      3354      3.669e-01      
      3355      2.986e-01      
      3357      1.990e-01      
      3358      1.631e-01      
      3546      1.838e-01      
      3547      2.648e-01      
      3548      4.302e-01      
      3549      6.675e-01      
      3550      9.058e-01      
      3551      1.051e+00      
      3553      9.527e-01      
      3554      8.053e-01      
      3555      6.642e-01      
      3556      5.461e-01      
      3557      4.494e-01      
      3558      3.696e-01      
      3559      3.036e-01      
      3560      2.494e-01      
      3562      1.689e-01      
      3563      1.398e-01      


3624   1.398e-01