0.0      1.000e-01      
      1      1.000e-01      
      358      1.330e-01      
      359      2.637e-01      
      360      4.529e-01      
      361      6.877e-01      
      362      9.262e-01      
      363      1.090e+00      
      364      1.096e+00      
      365      9.228e-01      
      366      6.429e-01      
      367      3.703e-01      
      368      1.787e-01      
      1067      2.722e-01      
      1068      3.406e-01      
      1070      2.859e-01      
      1071      1.943e-01      
      2198      2.880e-01      
      2199      3.184e-01      
      2202      2.257e-01      
      2203      1.641e-01      
      2564      2.361e-01      
      2565      2.809e-01      
      2567      2.006e-01      
      2568      1.240e-01      


3624   1.240e-01