0.0      1.000e-01      
      1      1.000e-01      
      411      1.402e-01      
      412      2.455e-01      
      413      3.454e-01      
      414      3.916e-01      
      415      3.592e-01      
      416      2.681e-01      
      417      1.647e-01      
      423      2.344e-01      
      424      3.077e-01      
      427      2.122e-01      
      428      1.494e-01      
      442      2.436e-01      
      443      2.611e-01      
      483      1.787e-01      
      484      1.602e-01      
      1067      2.435e-01      
      1068      4.353e-01      
      1069      6.512e-01      
      1070      8.143e-01      
      1072      7.264e-01      
      1073      5.129e-01      
      1074      2.987e-01      
      1075      1.456e-01      
      1206      1.801e-01      
      1207      3.894e-01      
      1208      6.812e-01      
      1209      9.731e-01      
      1210      1.151e+00      
      1211      1.147e+00      
      1212      9.880e-01      
      1213      7.560e-01      
      1214      5.294e-01      
      1215      3.521e-01      
      1216      2.375e-01      
      1222      3.085e-01      
      1223      3.595e-01      
      1225      4.497e-01      
      1226      4.817e-01      
      1242      4.044e-01      
      1243      3.745e-01      
      1266      2.776e-01      
      1267      2.600e-01      
      1274      1.600e-01      
      1275      1.400e-01      
      1680      2.003e-01      
      1681      4.209e-01      
      1682      7.097e-01      
      1683      9.656e-01      
      1684      1.066e+00      
      1685      9.599e-01      
      1686      7.088e-01      
      1687      4.324e-01      
      1688      2.215e-01      
      1689      1.003e-01      
      2096      1.792e-01      
      2097      3.088e-01      
      2098      4.392e-01      
      2101      4.185e-01      
      2102      2.848e-01      
      2103      1.619e-01      
      2195      1.157e-01      
      2196      3.181e-01      
      2197      7.042e-01      
      2198      1.266e+00      
      2199      1.871e+00      
      2200      2.298e+00      
      2201      2.371e+00      
      2202      2.070e+00      
      2203      1.535e+00      
      2204      9.729e-01      
      2205      5.423e-01      
      2206      2.927e-01      
      2207      1.879e-01      
      2210      2.457e-01      
      2211      3.125e-01      
      2212      3.881e-01      
      2213      4.649e-01      
      2214      5.361e-01      
      2215      5.967e-01      
      2217      6.789e-01      
      2218      7.002e-01      
      2225      6.056e-01      
      2226      5.945e-01      
      2248      5.225e-01      
      2249      4.876e-01      
      2251      3.928e-01      
      2252      3.417e-01      
      2254      2.564e-01      
      2255      2.290e-01      
      2266      1.400e-01      
      2267      1.224e-01      
      2405      2.161e-01      
      2406      4.599e-01      
      2407      7.868e-01      
      2408      1.101e+00      
      2409      1.319e+00      
      2410      1.499e+00      
      2411      1.839e+00      
      2412      2.472e+00      
      2413      3.242e+00      
      2414      3.756e+00      
      2415      3.713e+00      
      2416      3.158e+00      
      2417      2.389e+00      
      2418      1.699e+00      
      2419      1.236e+00      
      2420      1.019e+00      
      2422      1.115e+00      
      2423      1.295e+00      
      2424      1.490e+00      
      2425      1.671e+00      
      2426      1.818e+00      
      2427      1.925e+00      
      2428      1.994e+00      
      2429      2.030e+00      
      2432      1.971e+00      
      2433      1.923e+00      
      2435      1.846e+00      
      2436      1.822e+00      
      2439      1.752e+00      
      2440      1.706e+00      
      2441      1.645e+00      
      2442      1.577e+00      
      2443      1.511e+00      
      2444      1.452e+00      
      2446      1.365e+00      
      2447      1.338e+00      
      2453      1.257e+00      
      2454      1.222e+00      
      2456      1.135e+00      
      2457      1.095e+00      
      2460      1.009e+00      
      2461      9.783e-01      
      2463      9.080e-01      
      2464      8.712e-01      
      2466      7.945e-01      
      2467      7.555e-01      
      2469      6.818e-01      
      2470      6.491e-01      
      2476      5.586e-01      
      2477      5.477e-01      
      2482      4.601e-01      
      2483      4.395e-01      
      2486      3.643e-01      
      2487      3.343e-01      
      2489      2.632e-01      
      2490      2.266e-01      
      2510      1.301e-01      
      2511      1.170e-01      
      2568      1.877e-01      
      2569      3.126e-01      
      2570      4.297e-01      
      2573      4.127e-01      
      2574      3.027e-01      
      2575      1.946e-01      
      3146      2.728e-01      
      3147      3.848e-01      
      3148      5.089e-01      
      3150      5.219e-01      
      3151      3.848e-01      
      3152      2.317e-01      
      3153      1.178e-01      


3624   1.178e-01