0.0      1.000e-01      
      1      1.000e-01      
      401      1.609e-01      
      402      2.059e-01      
      405      1.559e-01      
      406      1.007e-01      
      413      1.322e-01      
      414      2.729e-01      
      415      4.578e-01      
      416      6.209e-01      
      418      5.989e-01      
      419      4.294e-01      
      420      2.581e-01      
      421      1.443e-01      
      425      2.107e-01      
      426      2.948e-01      
      431      1.984e-01      
      432      1.485e-01      
      1208      2.046e-01      
      1209      3.710e-01      
      1210      5.701e-01      
      1211      7.605e-01      
      1212      9.057e-01      
      1215      9.227e-01      
      1216      7.884e-01      
      1217      6.173e-01      
      1218      4.431e-01      
      1219      2.915e-01      
      1220      1.753e-01      
      1992      2.387e-01      
      1993      3.076e-01      
      1996      2.329e-01      
      1997      1.422e-01      
      2195      1.867e-01      
      2196      3.455e-01      
      2197      5.511e-01      
      2198      7.691e-01      
      2199      9.462e-01      
      2202      8.810e-01      
      2203      6.952e-01      
      2204      4.874e-01      
      2205      2.985e-01      
      2206      1.585e-01      
      2414      2.453e-01      
      2415      5.530e-01      
      2416      9.952e-01      
      2417      1.426e+00      
      2418      1.625e+00      
      2419      1.476e+00      
      2420      1.073e+00      
      2421      6.299e-01      
      2422      3.040e-01      
      2423      1.244e-01      
      3367      1.572e-01      
      3368      2.650e-01      
      3369      3.631e-01      
      3370      4.025e-01      
      3371      3.601e-01      
      3372      2.612e-01      
      3373      1.556e-01      
      3394      1.001e-01      
      3395      2.779e-01      
      3396      6.450e-01      
      3397      1.270e+00      
      3398      2.138e+00      
      3399      3.075e+00      
      3400      3.743e+00      
      3401      3.807e+00      
      3402      3.202e+00      
      3403      2.212e+00      
      3404      1.255e+00      
      3405      5.901e-01      
      3406      2.349e-01      
      3407      1.000e-01      
      3554      1.912e-01      
      3555      2.971e-01      
      3558      2.803e-01      
      3559      1.777e-01      


3624   1.777e-01