0.0      1.000e-01      
      1      1.000e-01      
      368      1.562e-01      
      369      2.969e-01      
      370      4.447e-01      
      378      4.814e-01      
      379      6.300e-01      
      380      8.185e-01      
      381      1.025e+00      
      382      1.229e+00      
      383      1.412e+00      
      384      1.574e+00      
      385      1.731e+00      
      386      1.897e+00      
      387      2.064e+00      
      388      2.206e+00      
      389      2.303e+00      
      390      2.354e+00      
      397      2.258e+00      
      398      2.239e+00      
      400      2.177e+00      
      401      2.097e+00      
      402      1.981e+00      
      403      1.845e+00      
      404      1.718e+00      
      405      1.619e+00      
      406      1.555e+00      
      408      1.475e+00      
      409      1.435e+00      
      412      1.460e+00      
      413      1.595e+00      
      414      1.771e+00      
      415      1.920e+00      
      419      1.994e+00      
      420      2.086e+00      
      421      2.228e+00      
      422      2.422e+00      
      423      2.710e+00      
      424      3.128e+00      
      425      3.623e+00      
      426      4.049e+00      
      427      4.272e+00      
      428      4.279e+00      
      429      4.169e+00      
      430      4.046e+00      
      431      3.939e+00      
      432      3.812e+00      
      433      3.620e+00      
      434      3.350e+00      
      435      3.041e+00      
      436      2.752e+00      
      437      2.531e+00      
      438      2.391e+00      
      439      2.312e+00      
      440      2.262e+00      
      441      2.212e+00      
      442      2.142e+00      
      443      2.049e+00      
      444      1.938e+00      
      445      1.824e+00      
      446      1.722e+00      
      447      1.640e+00      
      448      1.571e+00      
      449      1.503e+00      
      450      1.425e+00      
      451      1.326e+00      
      452      1.210e+00      
      453      1.087e+00      
      454      9.728e-01      
      455      8.818e-01      
      456      8.165e-01      
      458      7.353e-01      
      459      7.028e-01      
      461      6.327e-01      
      462      5.971e-01      
      466      5.080e-01      
      467      4.880e-01      
      470      4.039e-01      
      471      3.732e-01      
      474      2.868e-01      
      475      2.678e-01      
      481      3.260e-01      
      482      4.604e-01      
      483      6.944e-01      
      484      9.995e-01      
      485      1.281e+00      
      486      1.430e+00      
      487      1.394e+00      
      488      1.212e+00      
      489      9.648e-01      
      490      7.261e-01      
      491      5.347e-01      
      492      3.994e-01      
      493      3.130e-01      
      494      2.629e-01      
      498      1.745e-01      
      499      1.438e-01      
      1068      1.679e-01      
      1069      3.979e-01      
      1070      7.391e-01      
      1071      1.076e+00      
      1072      1.228e+00      
      1073      1.101e+00      
      1074      7.779e-01      
      1075      4.367e-01      
      1076      1.980e-01      
      1207      2.075e-01      
      1208      4.491e-01      
      1209      7.942e-01      
      1210      1.166e+00      
      1211      1.454e+00      
      1212      1.581e+00      
      1213      1.556e+00      
      1214      1.460e+00      
      1216      1.496e+00      
      1217      1.771e+00      
      1218      2.195e+00      
      1219      2.678e+00      
      1220      3.119e+00      
      1221      3.453e+00      
      1222      3.667e+00      
      1223      3.779e+00      
      1226      3.691e+00      
      1227      3.566e+00      
      1228      3.437e+00      
      1229      3.312e+00      
      1230      3.167e+00      
      1231      2.968e+00      
      1232      2.703e+00      
      1233      2.393e+00      
      1234      2.077e+00      
      1235      1.792e+00      
      1236      1.556e+00      
      1237      1.370e+00      
      1238      1.223e+00      
      1239      1.104e+00      
      1240      9.974e-01      
      1241      8.884e-01      
      1242      7.662e-01      
      1243      6.306e-01      
      1244      4.958e-01      
      1245      3.828e-01      
      1246      3.063e-01      
      1247      2.659e-01      
      1251      3.241e-01      
      1252      4.298e-01      
      1253      5.858e-01      
      1254      7.538e-01      
      1255      8.753e-01      
      1257      8.603e-01      
      1258      7.636e-01      
      1259      6.598e-01      
      1260      5.727e-01      
      1261      5.087e-01      
      1264      4.102e-01      
      1265      3.918e-01      
      1287      3.368e-01      
      1288      2.914e-01      
      1289      2.373e-01      
      1290      1.809e-01      
      1988      2.094e-01      
      1989      3.543e-01      
      1990      4.860e-01      
      1992      4.774e-01      
      1993      3.409e-01      
      1994      1.971e-01      
      2097      2.246e-01      
      2098      3.423e-01      
      2101      3.018e-01      
      2102      1.883e-01      
      2199      1.559e-01      
      2200      3.335e-01      
      2201      5.682e-01      
      2202      7.723e-01      
      2204      7.670e-01      
      2205      6.237e-01      
      2206      5.248e-01      
      2207      5.140e-01      
      2208      5.672e-01      
      2209      6.447e-01      
      2210      7.218e-01      
      2211      7.841e-01      
      2223      6.899e-01      
      2224      6.643e-01      
      2225      6.220e-01      
      2226      5.635e-01      
      2227      4.912e-01      
      2228      4.113e-01      
      2229      3.338e-01      
      2230      2.690e-01      
      2234      1.744e-01      
      2235      1.673e-01      
      2407      1.843e-01      
      2408      3.037e-01      
      2409      4.130e-01      
      2416      3.156e-01      
      2417      3.042e-01      
      2419      3.789e-01      
      2420      4.757e-01      
      2421      5.969e-01      
      2422      7.245e-01      
      2423      8.414e-01      
      2424      9.363e-01      
      2425      1.006e+00      
      2427      1.092e+00      
      2428      1.127e+00      
      2437      1.059e+00      
      2438      9.791e-01      
      2439      8.651e-01      
      2440      7.247e-01      
      2441      5.778e-01      
      2442      4.486e-01      
      2443      3.538e-01      
      2444      2.965e-01      
      2451      2.015e-01      
      2452      1.806e-01      
      3344      2.733e-01      
      3345      6.953e-01      
      3346      1.395e+00      
      3347      2.212e+00      
      3348      2.777e+00      
      3349      2.767e+00      
      3350      2.200e+00      
      3351      1.421e+00      
      3352      7.965e-01      
      3353      4.789e-01      
      3355      4.986e-01      
      3356      6.263e-01      
      3357      7.451e-01      
      3358      8.240e-01      
      3359      8.507e-01      
      3364      8.817e-01      
      3365      9.853e-01      
      3366      1.078e+00      
      3367      1.121e+00      
      3373      1.025e+00      
      3374      9.152e-01      
      3375      7.616e-01      
      3376      6.095e-01      
      3377      4.896e-01      
      3378      4.060e-01      
      3379      3.480e-01      
      3384      3.745e-01      
      3385      5.220e-01      
      3386      7.033e-01      
      3387      8.631e-01      
      3390      8.583e-01      
      3391      7.512e-01      
      3394      8.396e-01      
      3395      1.116e+00      
      3396      1.439e+00      
      3397      1.669e+00      
      3399      1.610e+00      
      3400      1.482e+00      
      3402      1.486e+00      
      3403      1.598e+00      
      3404      1.716e+00      
      3405      1.801e+00      
      3406      1.841e+00      
      3409      1.756e+00      
      3410      1.694e+00      
      3411      1.633e+00      
      3412      1.581e+00      
      3414      1.492e+00      
      3415      1.440e+00      
      3418      1.453e+00      
      3419      1.601e+00      
      3420      1.786e+00      
      3421      1.921e+00      
      3422      1.933e+00      
      3423      1.810e+00      
      3424      1.594e+00      
      3425      1.341e+00      
      3426      1.092e+00      
      3427      8.870e-01      
      3428      7.644e-01      
      3434      8.134e-01      
      3435      8.991e-01      
      3436      1.076e+00      
      3437      1.318e+00      
      3438      1.575e+00      
      3439      1.791e+00      
      3440      1.921e+00      
      3442      1.879e+00      
      3443      1.744e+00      
      3444      1.572e+00      
      3445      1.395e+00      
      3446      1.241e+00      
      3447      1.132e+00      
      3454      1.056e+00      
      3455      1.020e+00      
      3457      9.423e-01      
      3458      8.993e-01      
      3459      8.462e-01      
      3460      7.799e-01      
      3461      7.043e-01      
      3462      6.294e-01      
      3463      5.657e-01      
      3464      5.203e-01      
      3470      4.378e-01      
      3471      4.183e-01      
      3474      3.256e-01      
      3475      2.851e-01      
      3478      1.968e-01      
      3479      1.823e-01      
      3548      1.315e-01      
      3549      3.288e-01      
      3550      6.510e-01      
      3551      1.034e+00      
      3552      1.354e+00      
      3553      1.542e+00      
      3554      1.665e+00      
      3555      1.844e+00      
      3556      2.117e+00      
      3557      2.408e+00      
      3558      2.618e+00      
      3559      2.721e+00      
      3560      2.803e+00      
      3561      2.991e+00      
      3562      3.352e+00      
      3563      3.842e+00      
      3564      4.349e+00      
      3565      4.765e+00      
      3566      5.028e+00      
      3569      4.930e+00      
      3570      4.767e+00      
      3571      4.619e+00      
      3572      4.491e+00      
      3573      4.357e+00      
      3574      4.187e+00      
      3575      3.968e+00      
      3576      3.715e+00      
      3577      3.457e+00      
      3578      3.217e+00      
      3579      2.995e+00      
      3580      2.778e+00      
      3581      2.560e+00      
      3582      2.346e+00      
      3583      2.155e+00      
      3584      1.998e+00      
      3585      1.874e+00      
      3586      1.769e+00      
      3587      1.662e+00      
      3588      1.541e+00      
      3589      1.399e+00      
      3590      1.241e+00      
      3591      1.077e+00      
      3592      9.189e-01      
      3593      7.788e-01      
      3594      6.621e-01      
      3595      5.704e-01      
      3596      5.043e-01      
      3615      4.382e-01      
      3616      3.966e-01      
      3617      3.467e-01      
      3618      2.926e-01      
      3619      2.377e-01      
      3620      1.855e-01      


3624   1.855e-01