0.0      1.000e-01      
      1      1.000e-01      
      369      1.332e-01      
      370      2.210e-01      
      371      3.049e-01      
      372      3.529e-01      
      375      2.627e-01      
      376      2.124e-01      
      380      2.229e-01      
      381      3.180e-01      
      382      4.446e-01      
      383      5.892e-01      
      384      7.385e-01      
      385      8.816e-01      
      386      1.011e+00      
      387      1.123e+00      
      388      1.216e+00      
      389      1.294e+00      
      390      1.361e+00      
      391      1.419e+00      
      393      1.513e+00      
      394      1.544e+00      
      399      1.636e+00      
      400      1.644e+00      
      403      1.573e+00      
      404      1.528e+00      
      406      1.447e+00      
      407      1.412e+00      
      409      1.337e+00      
      410      1.301e+00      
      413      1.354e+00      
      414      1.470e+00      
      415      1.605e+00      
      416      1.707e+00      
      420      1.783e+00      
      421      1.884e+00      
      422      2.038e+00      
      423      2.252e+00      
      424      2.540e+00      
      425      2.886e+00      
      426      3.226e+00      
      427      3.487e+00      
      428      3.649e+00      
      429      3.751e+00      
      430      3.839e+00      
      431      3.912e+00      
      433      3.844e+00      
      434      3.692e+00      
      435      3.527e+00      
      436      3.394e+00      
      437      3.297e+00      
      438      3.198e+00      
      439      3.050e+00      
      440      2.830e+00      
      441      2.556e+00      
      442      2.274e+00      
      443      2.020e+00      
      444      1.805e+00      
      445      1.621e+00      
      446      1.459e+00      
      447      1.316e+00      
      448      1.190e+00      
      449      1.086e+00      
      450      1.007e+00      
      451      9.502e-01      
      453      8.597e-01      
      454      8.036e-01      
      455      7.404e-01      
      456      6.789e-01      
      458      5.823e-01      
      459      5.457e-01      
      462      4.571e-01      
      463      4.365e-01      
      471      3.454e-01      
      472      3.245e-01      
      479      2.246e-01      
      480      2.087e-01      
      485      1.202e-01      
      486      1.053e-01      
      1068      1.061e-01      
      1069      2.531e-01      
      1070      4.967e-01      
      1071      7.843e-01      
      1072      9.950e-01      
      1073      1.020e+00      
      1074      8.547e-01      
      1075      5.961e-01      
      1076      3.565e-01      
      1077      1.915e-01      
      1207      1.716e-01      
      1208      3.844e-01      
      1209      7.196e-01      
      1210      1.124e+00      
      1211      1.485e+00      
      1212      1.693e+00      
      1214      1.622e+00      
      1215      1.505e+00      
      1217      1.521e+00      
      1218      1.707e+00      
      1219      1.993e+00      
      1220      2.339e+00      
      1221      2.701e+00      
      1222      3.029e+00      
      1223      3.286e+00      
      1224      3.453e+00      
      1227      3.400e+00      
      1228      3.179e+00      
      1229      2.864e+00      
      1230      2.501e+00      
      1231      2.141e+00      
      1232      1.823e+00      
      1233      1.564e+00      
      1234      1.370e+00      
      1235      1.242e+00      
      1242      1.226e+00      
      1243      1.103e+00      
      1244      9.631e-01      
      1245      8.367e-01      
      1246      7.378e-01      
      1247      6.662e-01      
      1249      5.829e-01      
      1250      5.611e-01      
      1256      4.628e-01      
      1257      4.269e-01      
      1259      3.549e-01      
      1260      3.242e-01      
      1264      2.330e-01      
      1265      2.166e-01      
      1275      1.205e-01      
      1276      1.121e-01      
      1607      1.837e-01      
      1608      2.331e-01      
      1611      1.583e-01      
      1612      1.062e-01      
      1619      1.629e-01      
      1620      2.495e-01      
      1621      3.256e-01      
      1622      3.622e-01      
      1624      2.959e-01      
      1625      2.294e-01      
      1626      1.687e-01      
      1627      1.226e-01      
      1989      2.094e-01      
      1990      3.239e-01      
      1994      2.513e-01      
      1995      1.592e-01      
      2098      2.166e-01      
      2099      3.434e-01      
      2100      4.433e-01      
      2101      4.684e-01      
      2102      4.111e-01      
      2103      3.068e-01      
      2104      2.015e-01      
      2105      1.222e-01      
      2106      1.000e-01      
      2197      1.380e-01      
      2198      2.715e-01      
      2199      5.010e-01      
      2200      8.612e-01      
      2201      1.333e+00      
      2202      1.791e+00      
      2203      2.046e+00      
      2204      1.995e+00      
      2205      1.727e+00      
      2206      1.445e+00      
      2207      1.304e+00      
      2208      1.333e+00      
      2209      1.482e+00      
      2210      1.692e+00      
      2211      1.928e+00      
      2212      2.162e+00      
      2213      2.360e+00      
      2214      2.486e+00      
      2216      2.455e+00      
      2217      2.320e+00      
      2218      2.135e+00      
      2219      1.918e+00      
      2220      1.687e+00      
      2221      1.464e+00      
      2222      1.273e+00      
      2223      1.132e+00      
      2224      1.045e+00      
      2225      9.956e-01      
      2227      9.051e-01      
      2228      8.336e-01      
      2229      7.502e-01      
      2230      6.691e-01      
      2231      6.001e-01      
      2232      5.453e-01      
      2234      4.626e-01      
      2235      4.259e-01      
      2237      3.556e-01      
      2238      3.230e-01      
      2241      2.403e-01      
      2242      2.192e-01      
      2247      1.252e-01      
      2248      1.012e-01      
      2265      1.570e-01      
      2266      2.087e-01      
      2269      3.002e-01      
      2270      3.094e-01      
      2278      2.212e-01      
      2279      2.010e-01      
      2283      1.066e-01      
      2284      1.000e-01      
      2407      1.377e-01      
      2408      2.394e-01      
      2409      3.705e-01      
      2410      4.911e-01      
      2414      5.672e-01      
      2415      6.104e-01      
      2416      7.041e-01      
      2417      8.526e-01      
      2418      1.051e+00      
      2419      1.278e+00      
      2420      1.502e+00      
      2421      1.691e+00      
      2422      1.825e+00      
      2426      1.748e+00      
      2427      1.614e+00      
      2428      1.492e+00      
      2431      1.505e+00      
      2432      1.615e+00      
      2433      1.723e+00      
      2439      1.790e+00      
      2440      1.830e+00      
      2442      1.787e+00      
      2443      1.663e+00      
      2444      1.478e+00      
      2445      1.258e+00      
      2446      1.036e+00      
      2447      8.404e-01      
      2448      6.899e-01      
      2449      5.892e-01      
      2451      4.947e-01      
      2452      4.725e-01      
      2457      3.831e-01      
      2458      3.593e-01      
      2461      2.803e-01      
      2462      2.568e-01      
      2466      1.607e-01      
      2467      1.331e-01      
      3148      2.240e-01      
      3149      2.348e-01      
      3153      1.366e-01      
      3154      1.000e-01      
      3344      1.270e-01      
      3345      3.296e-01      
      3346      7.080e-01      
      3347      1.233e+00      
      3348      1.739e+00      
      3349      1.990e+00      
      3350      1.862e+00      
      3351      1.447e+00      
      3352      9.721e-01      
      3353      6.331e-01      
      3354      5.035e-01      
      3355      5.527e-01      
      3356      7.047e-01      
      3357      8.851e-01      
      3358      1.045e+00      
      3359      1.163e+00      
      3360      1.240e+00      
      3361      1.277e+00      
      3363      1.240e+00      
      3364      1.168e+00      
      3365      1.066e+00      
      3366      9.419e-01      
      3367      8.157e-01      
      3368      7.165e-01      
      3369      6.797e-01      
      3370      7.338e-01      
      3371      8.820e-01      
      3372      1.088e+00      
      3373      1.289e+00      
      3374      1.435e+00      
      3375      1.516e+00      
      3376      1.544e+00      
      3378      1.460e+00      
      3379      1.343e+00      
      3380      1.194e+00      
      3381      1.048e+00      
      3382      9.318e-01      
      3383      8.532e-01      
      3384      8.061e-01      
      3390      7.154e-01      
      3391      6.821e-01      
      3393      6.914e-01      
      3394      8.195e-01      
      3395      1.059e+00      
      3396      1.364e+00      
      3397      1.637e+00      
      3398      1.797e+00      
      3400      1.862e+00      
      3401      1.919e+00      
      3402      2.027e+00      
      3403      2.136e+00      
      3408      2.182e+00      
      3409      2.259e+00      
      3410      2.359e+00      
      3411      2.446e+00      
      3412      2.484e+00      
      3413      2.456e+00      
      3414      2.364e+00      
      3415      2.217e+00      
      3416      2.034e+00      
      3417      1.847e+00      
      3418      1.697e+00      
      3419      1.614e+00      
      3420      1.594e+00      
      3426      1.683e+00      
      3427      1.726e+00      
      3428      1.786e+00      
      3429      1.874e+00      
      3430      1.976e+00      
      3433      1.976e+00      
      3434      1.857e+00      
      3435      1.741e+00      
      3436      1.647e+00      
      3437      1.578e+00      
      3440      1.595e+00      
      3441      1.714e+00      
      3442      1.865e+00      
      3443      2.000e+00      
      3446      2.012e+00      
      3447      1.888e+00      
      3448      1.725e+00      
      3449      1.546e+00      
      3450      1.390e+00      
      3451      1.289e+00      
      3454      1.212e+00      
      3455      1.152e+00      
      3456      1.061e+00      
      3457      9.621e-01      
      3458      8.660e-01      
      3459      7.693e-01      
      3460      6.660e-01      
      3461      5.625e-01      
      3462      4.747e-01      
      3463      4.143e-01      
      3472      3.218e-01      
      3473      3.031e-01      
      3480      2.212e-01      
      3481      2.022e-01      
      3485      1.116e-01      
      3486      1.000e-01      
      3549      1.797e-01      
      3550      4.398e-01      
      3551      8.911e-01      
      3552      1.487e+00      
      3553      2.071e+00      
      3554      2.480e+00      
      3555      2.686e+00      
      3556      2.815e+00      
      3557      3.035e+00      
      3558      3.430e+00      
      3559      4.000e+00      
      3560      4.734e+00      
      3561      5.648e+00      
      3562      6.758e+00      
      3563      8.026e+00      
      3564      9.321e+00      
      3565      1.043e+01      
      3566      1.115e+01      
      3567      1.132e+01      
      3568      1.096e+01      
      3569      1.021e+01      
      3570      9.211e+00      
      3571      8.131e+00      
      3572      7.093e+00      
      3573      6.177e+00      
      3574      5.395e+00      
      3575      4.705e+00      
      3576      4.062e+00      
      3577      3.458e+00      
      3578      2.920e+00      
      3579      2.479e+00      
      3580      2.147e+00      
      3581      1.910e+00      
      3582      1.741e+00      
      3583      1.603e+00      
      3584      1.467e+00      
      3585      1.319e+00      
      3586      1.167e+00      
      3587      1.029e+00      
      3588      9.178e-01      
      3589      8.355e-01      
      3590      7.763e-01      
      3592      6.858e-01      
      3593      6.335e-01      
      3594      5.709e-01      
      3595      5.037e-01      
      3596      4.416e-01      
      3597      3.922e-01      
      3604      3.018e-01      
      3605      2.869e-01      
      3609      1.992e-01      
      3610      1.805e-01      


3624   1.805e-01