0.0      1.000e-01      
      1      1.000e-01      
      367      1.200e-01      
      368      2.928e-01      
      369      5.592e-01      
      370      8.380e-01      
      371      9.888e-01      
      372      9.246e-01      
      373      6.939e-01      
      374      4.283e-01      
      375      2.273e-01      
      376      1.102e-01      
      414      1.839e-01      
      415      2.337e-01      
      418      1.397e-01      
      419      1.000e-01      
      422      1.824e-01      
      423      4.073e-01      
      424      8.411e-01      
      425      1.461e+00      
      426      2.082e+00      
      427      2.423e+00      
      428      2.305e+00      
      429      1.794e+00      
      430      1.144e+00      
      431      5.990e-01      
      432      2.600e-01      
      433      1.000e-01      
      442      1.854e-01      
      443      2.671e-01      
      444      3.531e-01      
      445      4.327e-01      
      446      4.981e-01      
      447      5.461e-01      
      473      4.594e-01      
      474      4.331e-01      
      509      3.389e-01      
      510      3.222e-01      
      521      2.365e-01      
      522      2.133e-01      
      594      1.220e-01      
      595      1.000e-01      
      1067      1.050e-01      
      1068      2.852e-01      
      1069      6.158e-01      
      1070      1.059e+00      
      1071      1.451e+00      
      1072      1.588e+00      
      1073      1.392e+00      
      1074      9.788e-01      
      1075      5.561e-01      
      1076      2.582e-01      
      1077      1.004e-01      
      1205      1.141e-01      
      1206      3.743e-01      
      1207      9.778e-01      
      1208      2.053e+00      
      1209      3.505e+00      
      1210      4.942e+00      
      1211      5.864e+00      
      1212      5.974e+00      
      1213      5.324e+00      
      1214      4.219e+00      
      1215      3.009e+00      
      1216      1.955e+00      
      1217      1.173e+00      
      1218      6.653e-01      
      1219      3.706e-01      
      1220      2.105e-01      
      1221      1.218e-01      
      1222      1.000e-01      
      1244      1.952e-01      
      1245      2.249e-01      
      1248      3.224e-01      
      1249      3.524e-01      
      1253      4.521e-01      
      1254      4.872e-01      
      1256      5.753e-01      
      1257      6.123e-01      
      1265      5.180e-01      
      1266      4.990e-01      
      1293      4.052e-01      
      1294      3.962e-01      
      1303      4.872e-01      
      1304      4.963e-01      
      1316      4.185e-01      
      1317      3.940e-01      
      1336      3.016e-01      
      1337      2.671e-01      
      1362      1.705e-01      
      1363      1.532e-01      
      1989      2.146e-01      
      1990      2.895e-01      
      1998      2.028e-01      
      1999      1.347e-01      
      2096      1.506e-01      
      2097      3.200e-01      
      2098      5.379e-01      
      2099      7.147e-01      
      2101      6.205e-01      
      2102      4.044e-01      
      2103      2.072e-01      
      2104      1.000e-01      
      2195      1.928e-01      
      2196      4.431e-01      
      2197      8.663e-01      
      2198      1.487e+00      
      2199      2.288e+00      
      2200      3.164e+00      
      2201      3.859e+00      
      2202      4.053e+00      
      2203      3.590e+00      
      2204      2.641e+00      
      2205      1.597e+00      
      2206      7.896e-01      
      2207      3.194e-01      
      2208      1.076e-01      
      2406      1.530e-01      
      2407      3.728e-01      
      2408      7.219e-01      
      2409      1.134e+00      
      2410      1.511e+00      
      2411      1.848e+00      
      2412      2.257e+00      
      2413      2.781e+00      
      2414      3.230e+00      
      2415      3.310e+00      
      2416      2.907e+00      
      2417      2.192e+00      
      2418      1.446e+00      
      2419      8.544e-01      
      2420      4.598e-01      
      2421      2.249e-01      
      2422      1.000e-01      
      2454      1.780e-01      
      2455      2.106e-01      
      2458      2.982e-01      
      2459      3.146e-01      
      2466      2.396e-01      
      2467      2.126e-01      
      2479      3.014e-01      
      2480      3.205e-01      
      2490      2.317e-01      
      2491      2.105e-01      
      2537      1.121e-01      
      2538      1.080e-01      
      2565      1.623e-01      
      2566      2.928e-01      
      2567      5.732e-01      
      2568      1.025e+00      
      2569      1.545e+00      
      2570      1.919e+00      
      2571      1.959e+00      
      2572      1.663e+00      
      2573      1.197e+00      
      2574      7.587e-01      
      2575      4.546e-01      
      2576      2.887e-01      
      2577      2.142e-01      
      2578      1.823e-01      
      2947      1.491e-01      
      2948      3.712e-01      
      2949      7.386e-01      
      2950      1.162e+00      
      2951      1.445e+00      
      2952      1.423e+00      
      2953      1.112e+00      
      2954      6.915e-01      
      2955      3.443e-01      
      2956      1.393e-01      
      3140      2.232e-01      
      3141      4.664e-01      
      3142      8.310e-01      
      3143      1.299e+00      
      3144      1.801e+00      
      3145      2.178e+00      
      3146      2.233e+00      
      3147      1.893e+00      
      3148      1.310e+00      
      3149      7.437e-01      
      3150      3.563e-01      
      3151      1.528e-01      
      3344      1.180e-01      
      3345      3.611e-01      
      3346      8.630e-01      
      3347      1.611e+00      
      3348      2.350e+00      
      3349      2.679e+00      
      3350      2.388e+00      
      3351      1.667e+00      
      3352      9.139e-01      
      3353      3.961e-01      
      3354      1.382e-01      
      3394      1.915e-01      
      3395      3.707e-01      
      3396      5.820e-01      
      3397      7.456e-01      
      3399      6.799e-01      
      3400      4.878e-01      
      3401      2.900e-01      
      3402      1.433e-01      
      3549      1.646e-01      
      3550      5.381e-01      
      3551      1.390e+00      
      3552      2.847e+00      
      3553      4.643e+00      
      3554      6.066e+00      
      3555      6.396e+00      
      3556      5.511e+00      
      3557      3.952e+00      
      3558      2.424e+00      
      3559      1.316e+00      
      3560      6.518e-01      
      3561      2.978e-01      
      3562      1.244e-01      


3624   1.244e-01