0.0      1.000e-01      
      1      1.000e-01      
      427      1.702e-01      
      428      2.220e-01      
      431      1.564e-01      
      432      1.020e-01      
      1068      1.056e-01      
      1069      2.590e-01      
      1070      4.989e-01      
      1071      7.567e-01      
      1072      9.076e-01      
      1073      8.668e-01      
      1074      6.667e-01      
      1075      4.212e-01      
      1076      2.265e-01      
      1077      1.105e-01      
      1207      1.030e-01      
      1208      2.565e-01      
      1209      5.083e-01      
      1210      8.076e-01      
      1211      1.040e+00      
      1213      9.898e-01      
      1214      7.733e-01      
      1215      5.446e-01      
      1216      3.559e-01      
      1217      2.204e-01      
      1218      1.312e-01      
      1219      1.000e-01      
      1234      1.487e-01      
      1235      2.004e-01      
      1236      2.610e-01      
      1237      3.264e-01      
      1238      3.905e-01      
      1239      4.487e-01      
      1241      5.433e-01      
      1242      5.825e-01      
      1244      6.559e-01      
      1245      6.932e-01      
      1247      7.645e-01      
      1248      7.955e-01      
      1251      8.753e-01      
      1252      9.012e-01      
      1254      9.659e-01      
      1255      1.010e+00      
      1257      1.105e+00      
      1258      1.138e+00      
      1264      1.053e+00      
      1265      1.020e+00      
      1267      9.442e-01      
      1268      9.065e-01      
      1281      8.123e-01      
      1282      7.886e-01      
      1284      7.209e-01      
      1285      6.866e-01      
      1288      6.058e-01      
      1289      5.754e-01      
      1291      5.020e-01      
      1292      4.685e-01      
      1315      3.724e-01      
      1316      3.525e-01      
      1326      2.588e-01      
      1327      2.445e-01      
      1334      1.643e-01      
      1335      1.402e-01      
      1991      1.165e-01      
      1992      2.462e-01      
      1993      4.148e-01      
      1994      5.597e-01      
      1996      5.364e-01      
      1997      3.897e-01      
      1998      2.390e-01      
      1999      1.293e-01      
      2196      1.667e-01      
      2197      3.927e-01      
      2198      7.563e-01      
      2199      1.207e+00      
      2200      1.624e+00      
      2201      1.873e+00      
      2202      1.876e+00      
      2203      1.636e+00      
      2204      1.238e+00      
      2205      8.113e-01      
      2206      4.639e-01      
      2207      2.387e-01      
      2208      1.183e-01      
      2216      1.965e-01      
      2217      2.627e-01      
      2218      3.388e-01      
      2219      4.197e-01      
      2220      4.994e-01      
      2221      5.736e-01      
      2222      6.407e-01      
      2223      7.006e-01      
      2225      7.969e-01      
      2226      8.329e-01      
      2230      9.261e-01      
      2231      9.527e-01      
      2233      1.023e+00      
      2234      1.063e+00      
      2243      1.156e+00      
      2244      1.164e+00      
      2247      1.092e+00      
      2248      1.043e+00      
      2250      9.527e-01      
      2251      9.181e-01      
      2256      8.242e-01      
      2257      8.146e-01      
      2262      7.335e-01      
      2263      7.103e-01      
      2266      6.337e-01      
      2267      6.069e-01      
      2270      5.127e-01      
      2271      4.770e-01      
      2289      3.782e-01      
      2290      3.718e-01      
      2298      2.803e-01      
      2299      2.581e-01      
      2310      1.768e-01      
      2311      1.580e-01      
      2408      2.117e-01      
      2409      4.118e-01      
      2410      6.394e-01      
      2411      8.131e-01      
      2413      9.123e-01      
      2414      9.298e-01      
      2416      8.747e-01      
      2417      7.296e-01      
      2418      5.434e-01      
      2419      3.728e-01      
      2420      2.449e-01      
      2421      1.584e-01      
      2422      1.043e-01      
      2436      1.860e-01      
      2437      2.114e-01      
      2440      2.972e-01      
      2441      3.258e-01      
      2443      3.906e-01      
      2444      4.327e-01      
      2445      4.852e-01      
      2446      5.482e-01      
      2447      6.183e-01      
      2448      6.897e-01      
      2449      7.571e-01      
      2450      8.167e-01      
      2452      9.025e-01      
      2453      9.251e-01      
      2464      8.522e-01      
      2465      8.251e-01      
      2468      7.388e-01      
      2469      7.167e-01      
      2482      6.296e-01      
      2483      5.979e-01      
      2487      5.063e-01      
      2488      4.827e-01      
      2491      3.998e-01      
      2492      3.780e-01      
      2508      2.804e-01      
      2509      2.737e-01      
      2523      1.877e-01      
      2524      1.700e-01      
      3398      2.422e-01      
      3399      4.279e-01      
      3400      6.088e-01      
      3402      6.459e-01      
      3403      4.902e-01      
      3404      3.123e-01      
      3405      1.744e-01      
      3551      1.000e-01      
      3552      2.958e-01      
      3553      7.182e-01      
      3554      1.389e+00      
      3555      2.146e+00      
      3556      2.659e+00      
      3557      2.659e+00      
      3558      2.163e+00      
      3559      1.451e+00      
      3560      8.195e-01      
      3561      4.034e-01      
      3562      1.839e-01      
      3577      2.783e-01      
      3578      3.466e-01      
      3579      4.127e-01      
      3580      4.726e-01      
      3581      5.259e-01      
      3582      5.732e-01      
      3584      6.490e-01      
      3585      6.747e-01      
      3616      5.932e-01      
      3617      5.397e-01      
      3618      4.821e-01      
      3619      4.286e-01      


3624   4.286e-01