0.0      2.200e-01      
      1      2.200e-01      
      34      2.795e-01      
      35      3.877e-01      
      36      5.816e-01      
      37      8.534e-01      
      38      1.146e+00      
      39      1.367e+00      
      41      1.327e+00      
      42      1.097e+00      
      43      8.373e-01      
      44      6.250e-01      
      45      4.873e-01      
      46      4.122e-01      
      47      3.759e-01      
      124      2.776e-01      
      125      2.756e-01      
      394      3.674e-01      
      395      3.959e-01      
      415      4.097e-01      
      416      5.169e-01      
      417      7.268e-01      
      418      1.056e+00      
      419      1.454e+00      
      420      1.806e+00      
      421      1.992e+00      
      422      1.973e+00      
      423      1.801e+00      
      424      1.568e+00      
      425      1.349e+00      
      426      1.177e+00      
      427      1.059e+00      
      432      9.676e-01      
      433      9.011e-01      
      434      8.359e-01      
      435      7.915e-01      
      441      8.831e-01      
      442      9.260e-01      
      443      9.756e-01      
      444      1.036e+00      
      445      1.115e+00      
      446      1.212e+00      
      447      1.316e+00      
      448      1.403e+00      
      449      1.449e+00      
      452      1.358e+00      
      453      1.303e+00      
      455      1.223e+00      
      456      1.202e+00      
      479      1.270e+00      
      480      1.393e+00      
      481      1.574e+00      
      482      1.797e+00      
      483      2.057e+00      
      484      2.383e+00      
      485      2.804e+00      
      486      3.256e+00      
      487      3.567e+00      
      488      3.573e+00      
      489      3.266e+00      
      490      2.803e+00      
      491      2.372e+00      
      492      2.077e+00      
      493      1.922e+00      
      513      1.825e+00      
      514      1.809e+00      
      522      1.712e+00      
      523      1.691e+00      
      547      1.593e+00      
      548      1.587e+00      
      618      1.496e+00      
      619      1.486e+00      
      643      1.391e+00      
      644      1.383e+00      
      673      1.286e+00      
      674      1.282e+00      
      705      1.184e+00      
      706      1.181e+00      
      741      1.085e+00      
      742      1.081e+00      
      786      9.849e-01      
      787      9.795e-01      
      813      8.799e-01      
      814      8.752e-01      
      881      7.786e-01      
      882      7.739e-01      
      951      6.740e-01      
      952      6.722e-01      
      1026      5.722e-01      
      1027      5.710e-01      
      1068      5.966e-01      
      1069      7.272e-01      
      1070      1.004e+00      
      1071      1.450e+00      
      1072      1.972e+00      
      1073      2.368e+00      
      1074      2.453e+00      
      1075      2.205e+00      
      1076      1.777e+00      
      1077      1.358e+00      
      1078      1.059e+00      
      1079      8.855e-01      
      1080      7.989e-01      
      1081      7.585e-01      
      1110      6.606e-01      
      1111      6.580e-01      
      1159      5.583e-01      
      1160      5.550e-01      
      1215      6.290e-01      
      1216      7.000e-01      
      1217      7.784e-01      
      1218      8.384e-01      
      1222      7.563e-01      
      1223      7.262e-01      
      1264      6.304e-01      
      1265      6.244e-01      
      1409      5.259e-01      
      1410      5.236e-01      
      1525      4.240e-01      
      1526      4.222e-01      
      1538      5.193e-01      
      1539      6.008e-01      
      1540      6.891e-01      
      1541      7.507e-01      
      1543      7.192e-01      
      1544      6.507e-01      
      1545      5.821e-01      
      1546      5.290e-01      
      1579      6.007e-01      
      1580      6.575e-01      
      1587      5.583e-01      
      1588      5.485e-01      
      1606      5.916e-01      
      1607      6.636e-01      
      1608      7.512e-01      
      1609      8.189e-01      
      1612      7.236e-01      
      1613      6.567e-01      
      1625      5.574e-01      
      1626      5.548e-01      
      1679      6.498e-01      
      1680      6.704e-01      
      1684      5.821e-01      
      1685      5.614e-01      
      1892      4.621e-01      
      1893      4.606e-01      
      1992      4.534e-01      
      1993      5.945e-01      
      1994      9.105e-01      
      1995      1.440e+00      
      1996      2.075e+00      
      1997      2.560e+00      
      1998      2.654e+00      
      1999      2.335e+00      
      2000      1.802e+00      
      2001      1.297e+00      
      2002      9.470e-01      
      2003      7.537e-01      
      2004      6.633e-01      
      2005      6.239e-01      
      2029      5.262e-01      
      2030      5.236e-01      
      2066      4.240e-01      
      2067      4.222e-01      
      2104      4.518e-01      
      2105      5.333e-01      
      2106      6.626e-01      
      2107      8.135e-01      
      2108      9.284e-01      
      2110      8.869e-01      
      2111      7.656e-01      
      2112      6.435e-01      
      2113      5.514e-01      
      2114      4.934e-01      
      2157      3.940e-01      
      2158      3.923e-01      
      2195      4.326e-01      
      2196      4.981e-01      
      2197      6.120e-01      
      2198      7.717e-01      
      2199      9.753e-01      
      2200      1.257e+00      
      2201      1.678e+00      
      2202      2.240e+00      
      2203      2.794e+00      
      2204      3.102e+00      
      2205      3.011e+00      
      2206      2.570e+00      
      2207      1.985e+00      
      2208      1.463e+00      
      2209      1.104e+00      
      2210      9.036e-01      
      2211      8.085e-01      
      2212      7.686e-01      
      2299      6.729e-01      
      2300      6.653e-01      
      2414      6.968e-01      
      2415      9.182e-01      
      2416      1.350e+00      
      2417      1.982e+00      
      2418      2.639e+00      
      2419      3.045e+00      
      2420      3.020e+00      
      2421      2.622e+00      
      2422      2.077e+00      
      2423      1.596e+00      
      2424      1.264e+00      
      2425      1.068e+00      
      2426      9.609e-01      
      2429      8.614e-01      
      2430      8.565e-01      
      2467      7.651e-01      
      2468      7.487e-01      
      2536      6.514e-01      
      2537      6.472e-01      
      2566      7.408e-01      
      2567      8.002e-01      
      2578      8.970e-01      
      2579      9.569e-01      
      2582      8.774e-01      
      2583      8.135e-01      
      2616      7.164e-01      
      2617      7.111e-01      
      2707      6.131e-01      
      2708      6.100e-01      
      2788      5.134e-01      
      2789      5.099e-01      
      2887      4.099e-01      
      2888      4.096e-01      
      2950      4.450e-01      
      2951      5.449e-01      
      2952      7.037e-01      
      2953      8.864e-01      
      2954      1.015e+00      
      2956      9.197e-01      
      2957      7.619e-01      
      2958      6.192e-01      
      2959      5.218e-01      
      2960      4.659e-01      
      2988      3.660e-01      
      2989      3.640e-01      
      3171      2.640e-01      
      3172      2.622e-01      
      3458      1.622e-01      
      3459      1.610e-01      
      3554      2.381e-01      
      3555      3.327e-01      
      3556      4.581e-01      
      3557      5.825e-01      
      3558      6.730e-01      
      3559      7.183e-01      
      3562      6.215e-01      
      3563      5.263e-01      
      3564      4.297e-01      
      3565      3.521e-01      
      3567      2.684e-01      
      3568      2.502e-01      


3624   2.502e-01