0.0      1.000e-01      
      1      1.000e-01      
      360      1.578e-01      
      361      2.376e-01      
      366      1.617e-01      
      367      1.054e-01      
      1203      1.582e-01      
      1204      2.554e-01      
      1205      3.499e-01      
      1206      4.083e-01      
      1209      3.309e-01      
      1210      2.742e-01      
      1211      2.160e-01      
      1212      1.595e-01      
      2561      2.181e-01      
      2562      3.828e-01      
      2563      5.526e-01      
      2566      4.947e-01      
      2567      3.323e-01      
      2568      1.975e-01      


3624   1.975e-01