0.0      1.000e-01      
      1      1.000e-01      
      363      1.498e-01      
      364      2.639e-01      
      365      5.323e-01      
      366      1.015e+00      
      367      1.661e+00      
      368      2.255e+00      
      369      2.527e+00      
      370      2.354e+00      
      371      1.857e+00      
      372      1.279e+00      
      373      8.051e-01      
      374      4.942e-01      
      375      3.177e-01      
      376      2.256e-01      
      377      1.794e-01      
      402      2.620e-01      
      403      2.950e-01      
      404      3.403e-01      
      405      3.966e-01      
      406      4.573e-01      
      407      5.140e-01      
      408      5.640e-01      
      409      6.145e-01      
      410      6.790e-01      
      411      7.710e-01      
      412      8.963e-01      
      413      1.045e+00      
      414      1.187e+00      
      415      1.287e+00      
      421      1.253e+00      
      422      1.397e+00      
      423      1.626e+00      
      424      1.914e+00      
      425      2.207e+00      
      426      2.441e+00      
      427      2.585e+00      
      428      2.666e+00      
      429      2.738e+00      
      430      2.839e+00      
      431      2.975e+00      
      432      3.126e+00      
      433      3.269e+00      
      434      3.396e+00      
      435      3.519e+00      
      436      3.664e+00      
      437      3.851e+00      
      438      4.075e+00      
      439      4.302e+00      
      440      4.487e+00      
      441      4.603e+00      
      447      4.530e+00      
      448      4.486e+00      
      449      4.429e+00      
      450      4.357e+00      
      451      4.266e+00      
      452      4.155e+00      
      453      4.035e+00      
      454      3.922e+00      
      455      3.835e+00      
      456      3.786e+00      
      462      3.694e+00      
      463      3.648e+00      
      465      3.550e+00      
      466      3.500e+00      
      468      3.401e+00      
      469      3.347e+00      
      470      3.288e+00      
      471      3.221e+00      
      472      3.145e+00      
      473      3.060e+00      
      474      2.965e+00      
      475      2.864e+00      
      476      2.764e+00      
      477      2.671e+00      
      478      2.597e+00      
      482      2.500e+00      
      483      2.495e+00      
      487      2.420e+00      
      488      2.394e+00      
      496      2.298e+00      
      497      2.255e+00      
      499      2.170e+00      
      500      2.129e+00      
      515      2.037e+00      
      516      2.015e+00      
      518      1.952e+00      
      519      1.912e+00      
      521      1.819e+00      
      522      1.770e+00      
      524      1.688e+00      
      525      1.657e+00      
      543      1.566e+00      
      544      1.528e+00      
      547      1.436e+00      
      548      1.414e+00      
      553      1.314e+00      
      554      1.312e+00      
      569      1.222e+00      
      570      1.190e+00      
      572      1.116e+00      
      573      1.084e+00      
      590      9.940e-01      
      591      9.763e-01      
      595      8.786e-01      
      596      8.382e-01      
      598      7.597e-01      
      599      7.324e-01      
      639      6.370e-01      
      640      6.295e-01      
      645      5.351e-01      
      646      5.243e-01      
      691      4.407e-01      
      692      4.205e-01      
      762      3.249e-01      
      763      3.204e-01      
      787      2.324e-01      
      788      2.203e-01      
      1067      2.062e-01      
      1068      3.341e-01      
      1069      5.954e-01      
      1070      9.973e-01      
      1071      1.439e+00      
      1072      1.733e+00      
      1073      1.734e+00      
      1074      1.457e+00      
      1075      1.058e+00      
      1076      6.987e-01      
      1077      4.529e-01      
      1078      3.126e-01      
      1079      2.398e-01      
      1080      2.027e-01      
      1206      2.910e-01      
      1207      4.830e-01      
      1208      8.528e-01      
      1209      1.411e+00      
      1210      2.061e+00      
      1211      2.621e+00      
      1212      2.912e+00      
      1213      2.868e+00      
      1214      2.559e+00      
      1215      2.136e+00      
      1216      1.741e+00      
      1217      1.450e+00      
      1218      1.276e+00      
      1219      1.195e+00      
      1220      1.170e+00      
      1225      1.229e+00      
      1226      1.294e+00      
      1227      1.391e+00      
      1228      1.509e+00      
      1229      1.634e+00      
      1230      1.751e+00      
      1231      1.854e+00      
      1232      1.945e+00      
      1233      2.025e+00      
      1234      2.093e+00      
      1235      2.147e+00      
      1243      2.093e+00      
      1244      2.042e+00      
      1256      1.969e+00      
      1257      1.931e+00      
      1259      1.853e+00      
      1260      1.816e+00      
      1266      1.717e+00      
      1267      1.688e+00      
      1269      1.603e+00      
      1270      1.560e+00      
      1276      1.464e+00      
      1277      1.455e+00      
      1282      1.549e+00      
      1283      1.574e+00      
      1288      1.515e+00      
      1289      1.465e+00      
      1290      1.405e+00      
      1291      1.337e+00      
      1292      1.266e+00      
      1293      1.195e+00      
      1294      1.134e+00      
      1295      1.089e+00      
      1308      1.188e+00      
      1309      1.194e+00      
      1313      1.130e+00      
      1314      1.081e+00      
      1315      1.026e+00      
      1316      9.687e-01      
      1318      8.720e-01      
      1319      8.408e-01      
      1344      7.421e-01      
      1345      7.385e-01      
      1386      6.484e-01      
      1387      6.362e-01      
      1392      5.376e-01      
      1393      5.233e-01      
      1411      4.358e-01      
      1412      4.150e-01      
      1455      3.163e-01      
      1456      3.149e-01      
      1520      4.101e-01      
      1521      4.213e-01      
      1548      3.224e-01      
      1549      3.103e-01      
      1581      2.126e-01      
      1582      2.004e-01      
      1984      2.168e-01      
      1985      3.779e-01      
      1986      6.928e-01      
      1987      1.148e+00      
      1988      1.601e+00      
      1989      1.839e+00      
      1990      1.749e+00      
      1991      1.409e+00      
      1992      1.008e+00      
      1993      6.798e-01      
      1994      4.579e-01      
      1995      3.188e-01      
      1996      2.349e-01      
      1997      1.870e-01      
      2094      2.356e-01      
      2095      3.359e-01      
      2096      5.583e-01      
      2097      9.276e-01      
      2098      1.370e+00      
      2099      1.711e+00      
      2100      1.790e+00      
      2101      1.585e+00      
      2102      1.218e+00      
      2103      8.475e-01      
      2104      5.671e-01      
      2105      3.927e-01      
      2106      2.974e-01      
      2107      2.486e-01      
      2137      3.299e-01      
      2138      3.503e-01      
      2189      2.519e-01      
      2190      2.500e-01      
      2196      2.940e-01      
      2197      4.055e-01      
      2198      6.551e-01      
      2199      1.094e+00      
      2200      1.690e+00      
      2201      2.285e+00      
      2202      2.648e+00      
      2203      2.621e+00      
      2204      2.234e+00      
      2205      1.681e+00      
      2206      1.176e+00      
      2207      8.378e-01      
      2208      6.732e-01      
      2210      6.865e-01      
      2211      7.800e-01      
      2212      8.866e-01      
      2213      9.815e-01      
      2214      1.053e+00      
      2216      1.144e+00      
      2217      1.181e+00      
      2219      1.253e+00      
      2220      1.284e+00      
      2229      1.188e+00      
      2230      1.174e+00      
      2245      1.090e+00      
      2246      1.072e+00      
      2249      1.006e+00      
      2250      9.716e-01      
      2252      8.934e-01      
      2253      8.616e-01      
      2276      7.707e-01      
      2277      7.534e-01      
      2290      6.549e-01      
      2291      6.402e-01      
      2300      5.507e-01      
      2301      5.249e-01      
      2324      4.371e-01      
      2325      4.190e-01      
      2346      3.316e-01      
      2347      3.113e-01      
      2497      2.122e-01      
      2498      2.110e-01      
      2588      2.452e-01      
      2589      3.144e-01      
      2590      4.139e-01      
      2591      5.126e-01      
      2594      4.670e-01      
      2595      3.762e-01      
      2596      3.030e-01      
      2597      2.561e-01      
      3088      1.576e-01      
      3089      1.556e-01      
      3343      2.081e-01      
      3344      3.139e-01      
      3345      4.634e-01      
      3346      6.119e-01      
      3349      5.626e-01      
      3350      4.250e-01      
      3351      3.081e-01      
      3352      2.304e-01      
      3353      1.858e-01      


3624   1.858e-01