0.0      3.700e-01      
      1      3.700e-01      
      287      2.776e-01      
      288      2.600e-01      
      361      3.037e-01      
      362      4.091e-01      
      363      5.371e-01      
      364      6.388e-01      
      366      6.178e-01      
      367      5.215e-01      
      368      4.219e-01      
      369      3.439e-01      
      371      2.590e-01      
      372      2.389e-01      
      398      3.387e-01      
      399      3.412e-01      
      434      4.409e-01      
      435      4.452e-01      
      458      5.441e-01      
      459      5.481e-01      
      488      6.461e-01      
      489      6.500e-01      
      810      5.500e-01      
      811      5.499e-01      
      969      4.500e-01      
      970      4.499e-01      
      1302      5.470e-01      
      1303      5.500e-01      
      1644      4.500e-01      
      1645      4.500e-01      
      1899      3.500e-01      
      1900      3.500e-01      
      2036      2.596e-01      
      2037      2.414e-01      
      2234      3.405e-01      
      2235      3.420e-01      
      2277      4.400e-01      
      2278      4.430e-01      
      3239      3.440e-01      
      3240      3.422e-01      
      3412      2.600e-01      
      3413      2.400e-01      


3624   2.400e-01