0.0      1.000e-01      
      1      1.000e-01      
      34      1.332e-01      
      35      2.500e-01      
      36      3.945e-01      
      37      5.149e-01      
      40      4.253e-01      
      41      3.216e-01      
      42      2.358e-01      
      43      1.741e-01      
      360      2.312e-01      
      361      5.340e-01      
      362      1.057e+00      
      363      1.786e+00      
      364      2.576e+00      
      365      3.173e+00      
      366      3.350e+00      
      367      3.064e+00      
      368      2.474e+00      
      369      1.819e+00      
      370      1.272e+00      
      371      8.929e-01      
      372      6.598e-01      
      373      5.256e-01      
      374      4.495e-01      
      375      4.053e-01      
      415      4.843e-01      
      416      5.104e-01      
      452      4.153e-01      
      453      4.036e-01      
      479      3.051e-01      
      480      3.023e-01      
      513      2.055e-01      
      514      2.008e-01      
      562      1.010e-01      
      563      1.004e-01      
      1066      1.415e-01      
      1067      2.208e-01      
      1068      3.217e-01      
      1069      4.240e-01      
      1074      3.603e-01      
      1075      2.974e-01      
      1078      1.988e-01      
      1079      1.855e-01      
      1205      2.276e-01      
      1206      4.034e-01      
      1207      6.591e-01      
      1208      9.388e-01      
      1209      1.152e+00      
      1211      1.164e+00      
      1212      1.009e+00      
      1213      8.343e-01      
      1214      6.851e-01      
      1215      5.751e-01      
      1216      4.984e-01      
      1217      4.444e-01      
      1221      3.467e-01      
      1222      3.391e-01      
      1264      2.429e-01      
      1265      2.387e-01      
      1292      1.434e-01      
      1293      1.371e-01      
      1571      2.029e-01      
      1572      2.845e-01      
      1573      3.577e-01      
      1574      3.940e-01      
      1576      3.385e-01      
      1577      2.819e-01      
      1579      1.878e-01      
      1580      1.568e-01      
      2094      1.412e-01      
      2095      2.693e-01      
      2096      4.334e-01      
      2097      5.794e-01      
      2100      5.285e-01      
      2101      4.116e-01      
      2102      3.068e-01      
      2103      2.271e-01      
      2104      1.715e-01      
      2196      2.396e-01      
      2197      4.725e-01      
      2198      8.509e-01      
      2199      1.369e+00      
      2200      1.956e+00      
      2201      2.472e+00      
      2202      2.761e+00      
      2203      2.746e+00      
      2204      2.474e+00      
      2205      2.076e+00      
      2206      1.683e+00      
      2207      1.365e+00      
      2208      1.138e+00      
      2209      9.866e-01      
      2210      8.877e-01      
      2211      8.232e-01      
      2214      7.285e-01      
      2215      7.131e-01      
      2226      6.163e-01      
      2227      5.976e-01      
      2240      5.020e-01      
      2241      4.952e-01      
      2250      4.071e-01      
      2251      3.928e-01      
      2268      2.978e-01      
      2269      2.916e-01      
      2284      1.936e-01      
      2285      1.902e-01      
      2561      1.727e-01      
      2562      4.369e-01      
      2563      9.406e-01      
      2564      1.681e+00      
      2565      2.500e+00      
      2566      3.132e+00      
      2567      3.360e+00      
      2568      3.153e+00      
      2569      2.653e+00      
      2570      2.065e+00      
      2571      1.545e+00      
      2572      1.159e+00      
      2573      9.039e-01      
      2574      7.469e-01      
      2575      6.524e-01      
      2576      5.947e-01      
      2580      4.987e-01      
      2581      4.872e-01      
      2603      3.909e-01      
      2604      3.852e-01      
      2614      2.888e-01      
      2615      2.842e-01      
      2636      1.914e-01      
      2637      1.838e-01      
      2773      2.481e-01      
      2774      2.917e-01      
      2779      2.066e-01      
      2780      1.854e-01      


3624   1.854e-01