0.0      1.000e-01      
      1      1.000e-01      
      360      1.769e-01      
      361      5.014e-01      
      362      1.167e+00      
      363      2.241e+00      
      364      3.579e+00      
      365      4.811e+00      
      366      5.547e+00      
      367      5.629e+00      
      368      5.192e+00      
      369      4.509e+00      
      370      3.800e+00      
      371      3.170e+00      
      372      2.638e+00      
      373      2.190e+00      
      374      1.808e+00      
      375      1.482e+00      
      376      1.206e+00      
      377      9.762e-01      
      378      7.898e-01      
      379      6.414e-01      
      380      5.254e-01      
      381      4.354e-01      
      382      3.653e-01      
      384      2.656e-01      
      385      2.291e-01      
      389      1.307e-01      
      390      1.151e-01      
      1063      1.116e-01      
      1064      2.348e-01      
      1065      4.508e-01      
      1066      8.061e-01      
      1067      1.332e+00      
      1068      1.988e+00      
      1069      2.633e+00      
      1070      3.085e+00      
      1071      3.234e+00      
      1072      3.098e+00      
      1073      2.780e+00      
      1074      2.395e+00      
      1075      2.013e+00      
      1076      1.667e+00      
      1077      1.367e+00      
      1078      1.113e+00      
      1079      9.025e-01      
      1080      7.317e-01      
      1081      5.957e-01      
      1082      4.891e-01      
      1083      4.063e-01      
      1084      3.419e-01      
      1086      2.505e-01      
      1087      2.167e-01      
      1091      1.230e-01      
      1092      1.078e-01      
      1209      1.589e-01      
      1210      2.261e-01      
      1217      1.378e-01      
      1218      1.231e-01      
      2041      1.461e-01      
      2042      2.904e-01      
      2043      4.616e-01      
      2044      5.953e-01      
      2046      5.893e-01      
      2047      4.950e-01      
      2048      4.009e-01      
      2049      3.275e-01      
      2051      2.349e-01      
      2052      2.038e-01      
      2057      1.117e-01      
      2058      1.007e-01      
      2198      1.104e-01      
      2199      2.639e-01      
      2200      5.490e-01      
      2201      9.833e-01      
      2202      1.505e+00      
      2203      1.970e+00      
      2204      2.227e+00      
      2205      2.215e+00      
      2206      1.995e+00      
      2207      1.683e+00      
      2208      1.374e+00      
      2209      1.109e+00      
      2210      8.953e-01      
      2211      7.262e-01      
      2212      5.934e-01      
      2213      4.891e-01      
      2214      4.071e-01      
      2215      3.425e-01      
      2217      2.506e-01      
      2218      2.174e-01      
      2222      1.291e-01      
      2223      1.140e-01      
      2560      2.080e-01      
      2561      4.491e-01      
      2562      7.864e-01      
      2563      1.130e+00      
      2564      1.356e+00      
      2566      1.259e+00      
      2567      1.048e+00      
      2568      8.374e-01      
      2569      6.656e-01      
      2570      5.361e-01      
      2571      4.393e-01      
      2572      3.654e-01      
      2573      3.076e-01      
      2574      2.615e-01      
      2577      1.693e-01      
      2578      1.498e-01      
      2663      1.437e-01      
      2664      3.769e-01      
      2665      8.003e-01      
      2666      1.392e+00      
      2667      2.013e+00      
      2668      2.473e+00      
      2669      2.646e+00      
      2670      2.542e+00      
      2671      2.263e+00      
      2672      1.923e+00      
      2673      1.594e+00      
      2674      1.305e+00      
      2675      1.062e+00      
      2676      8.619e-01      
      2677      7.012e-01      
      2678      5.739e-01      
      2679      4.740e-01      
      2680      3.955e-01      
      2681      3.337e-01      
      2682      2.845e-01      
      2685      1.858e-01      
      2686      1.627e-01      


3624   1.627e-01