0.0      1.000e-01      
      1      1.000e-01      
      35      1.402e-01      
      36      2.152e-01      
      41      1.447e-01      
      42      1.000e-01      
      366      1.202e-01      
      367      2.501e-01      
      368      5.060e-01      
      369      8.774e-01      
      370      1.246e+00      
      371      1.434e+00      
      372      1.353e+00      
      373      1.085e+00      
      374      7.929e-01      
      375      5.815e-01      
      376      4.627e-01      
      381      5.340e-01      
      382      6.018e-01      
      383      6.740e-01      
      384      7.470e-01      
      385      8.164e-01      
      386      8.797e-01      
      387      9.383e-01      
      388      9.976e-01      
      389      1.064e+00      
      390      1.142e+00      
      391      1.229e+00      
      392      1.319e+00      
      393      1.405e+00      
      394      1.485e+00      
      395      1.562e+00      
      396      1.641e+00      
      397      1.720e+00      
      398      1.798e+00      
      399      1.872e+00      
      400      1.943e+00      
      401      2.006e+00      
      402      2.054e+00      
      408      1.976e+00      
      409      1.938e+00      
      410      1.957e+00      
      411      2.070e+00      
      412      2.288e+00      
      413      2.567e+00      
      414      2.807e+00      
      415      2.912e+00      
      416      2.863e+00      
      417      2.736e+00      
      420      2.814e+00      
      421      3.019e+00      
      422      3.278e+00      
      423      3.653e+00      
      424      4.212e+00      
      425      4.897e+00      
      426      5.481e+00      
      427      5.702e+00      
      428      5.478e+00      
      429      4.968e+00      
      430      4.435e+00      
      431      4.057e+00      
      432      3.860e+00      
      433      3.776e+00      
      434      3.727e+00      
      435      3.672e+00      
      436      3.599e+00      
      437      3.512e+00      
      438      3.416e+00      
      439      3.319e+00      
      440      3.225e+00      
      441      3.138e+00      
      442      3.062e+00      
      443      2.994e+00      
      444      2.930e+00      
      445      2.868e+00      
      446      2.806e+00      
      447      2.741e+00      
      448      2.668e+00      
      449      2.579e+00      
      450      2.473e+00      
      451      2.353e+00      
      452      2.231e+00      
      453      2.117e+00      
      454      2.018e+00      
      455      1.936e+00      
      456      1.869e+00      
      457      1.813e+00      
      459      1.722e+00      
      460      1.681e+00      
      461      1.632e+00      
      462      1.570e+00      
      463      1.495e+00      
      464      1.417e+00      
      465      1.345e+00      
      466      1.287e+00      
      468      1.199e+00      
      469      1.160e+00      
      471      1.086e+00      
      472      1.049e+00      
      474      9.589e-01      
      475      9.063e-01      
      477      8.103e-01      
      478      7.754e-01      
      490      6.809e-01      
      491      6.739e-01      
      520      5.898e-01      
      521      5.552e-01      
      546      4.573e-01      
      547      4.500e-01      
      569      3.555e-01      
      570      3.477e-01      
      594      2.517e-01      
      595      2.378e-01      
      647      1.379e-01      
      648      1.360e-01      
      1067      1.000e-01      
      1068      2.443e-01      
      1069      5.138e-01      
      1070      8.583e-01      
      1071      1.141e+00      
      1072      1.207e+00      
      1073      1.020e+00      
      1074      6.901e-01      
      1075      3.774e-01      
      1076      1.702e-01      
      1206      2.506e-01      
      1207      6.259e-01      
      1208      1.288e+00      
      1209      2.185e+00      
      1210      3.091e+00      
      1211      3.713e+00      
      1212      3.862e+00      
      1213      3.553e+00      
      1214      2.955e+00      
      1215      2.286e+00      
      1216      1.721e+00      
      1217      1.352e+00      
      1218      1.196e+00      
      1219      1.219e+00      
      1220      1.365e+00      
      1221      1.576e+00      
      1222      1.808e+00      
      1223      2.035e+00      
      1224      2.253e+00      
      1225      2.472e+00      
      1226      2.702e+00      
      1227      2.935e+00      
      1228      3.148e+00      
      1229      3.312e+00      
      1230      3.407e+00      
      1231      3.433e+00      
      1233      3.343e+00      
      1234      3.276e+00      
      1240      3.191e+00      
      1241      3.122e+00      
      1242      3.027e+00      
      1243      2.910e+00      
      1244      2.772e+00      
      1245      2.612e+00      
      1246      2.437e+00      
      1247      2.266e+00      
      1248      2.118e+00      
      1249      2.002e+00      
      1250      1.919e+00      
      1251      1.860e+00      
      1253      1.782e+00      
      1254      1.747e+00      
      1256      1.657e+00      
      1257      1.603e+00      
      1258      1.547e+00      
      1259      1.491e+00      
      1260      1.435e+00      
      1261      1.375e+00      
      1262      1.310e+00      
      1263      1.241e+00      
      1264      1.169e+00      
      1265      1.095e+00      
      1266      1.019e+00      
      1267      9.455e-01      
      1268      8.815e-01      
      1269      8.322e-01      
      1276      7.352e-01      
      1277      7.317e-01      
      1290      6.342e-01      
      1291      5.982e-01      
      1294      4.987e-01      
      1295      4.852e-01      
      1317      3.859e-01      
      1318      3.717e-01      
      1341      2.776e-01      
      1342      2.552e-01      
      1387      1.584e-01      
      1388      1.434e-01      
      1993      2.280e-01      
      1994      2.597e-01      
      1998      1.908e-01      
      1999      1.125e-01      
      2096      1.492e-01      
      2097      2.940e-01      
      2098      4.568e-01      
      2099      5.612e-01      
      2100      5.468e-01      
      2101      4.245e-01      
      2102      2.649e-01      
      2103      1.355e-01      
      2195      1.643e-01      
      2196      3.605e-01      
      2197      6.649e-01      
      2198      1.063e+00      
      2199      1.509e+00      
      2200      1.915e+00      
      2201      2.145e+00      
      2202      2.075e+00      
      2203      1.702e+00      
      2204      1.171e+00      
      2205      6.719e-01      
      2206      3.235e-01      
      2207      1.344e-01      
      2215      1.812e-01      
      2216      2.619e-01      
      2217      3.619e-01      
      2218      4.752e-01      
      2219      5.913e-01      
      2220      6.965e-01      
      2221      7.763e-01      
      2222      8.214e-01      
      2235      7.275e-01      
      2236      7.188e-01      
      2243      6.221e-01      
      2244      6.043e-01      
      2248      5.239e-01      
      2249      4.908e-01      
      2251      4.125e-01      
      2252      3.758e-01      
      2272      2.766e-01      
      2273      2.734e-01      
      2293      1.823e-01      
      2294      1.699e-01      
      2406      1.300e-01      
      2407      3.065e-01      
      2408      5.749e-01      
      2409      8.706e-01      
      2410      1.104e+00      
      2411      1.258e+00      
      2412      1.413e+00      
      2413      1.624e+00      
      2414      1.808e+00      
      2415      1.822e+00      
      2416      1.614e+00      
      2417      1.275e+00      
      2418      9.334e-01      
      2419      6.717e-01      
      2420      5.105e-01      
      2424      5.978e-01      
      2425      7.070e-01      
      2426      8.278e-01      
      2427      9.560e-01      
      2428      1.087e+00      
      2429      1.214e+00      
      2430      1.331e+00      
      2431      1.433e+00      
      2432      1.515e+00      
      2433      1.572e+00      
      2436      1.653e+00      
      2437      1.690e+00      
      2443      1.610e+00      
      2444      1.555e+00      
      2446      1.466e+00      
      2447      1.434e+00      
      2449      1.372e+00      
      2450      1.332e+00      
      2452      1.243e+00      
      2453      1.204e+00      
      2455      1.126e+00      
      2456      1.078e+00      
      2457      1.024e+00      
      2458      9.679e-01      
      2460      8.763e-01      
      2461      8.434e-01      
      2463      7.791e-01      
      2464      7.365e-01      
      2465      6.846e-01      
      2466      6.265e-01      
      2467      5.681e-01      
      2468      5.167e-01      
      2489      4.510e-01      
      2490      4.159e-01      
      2493      3.250e-01      
      2494      3.039e-01      
      2536      2.100e-01      
      2537      2.024e-01      
      2562      1.119e-01      
      2563      1.000e-01      
      2566      1.589e-01      
      2567      3.233e-01      
      2568      6.067e-01      
      2569      9.637e-01      
      2570      1.270e+00      
      2571      1.392e+00      
      2572      1.285e+00      
      2573      1.024e+00      
      2574      7.377e-01      
      2575      5.224e-01      
      2576      4.052e-01      
      2600      5.016e-01      
      2601      5.060e-01      
      2618      4.157e-01      
      2619      3.993e-01      
      2632      3.089e-01      
      2633      2.767e-01      
      2637      1.857e-01      
      2638      1.765e-01      
      2947      1.672e-01      
      2948      4.053e-01      
      2949      7.720e-01      
      2950      1.152e+00      
      2951      1.350e+00      
      2952      1.245e+00      
      2953      9.078e-01      
      2954      5.277e-01      
      2955      2.486e-01      
      2956      1.000e-01      
      3140      1.055e-01      
      3141      2.360e-01      
      3142      4.462e-01      
      3143      7.218e-01      
      3144      1.001e+00      
      3145      1.180e+00      
      3146      1.174e+00      
      3147      9.854e-01      
      3148      7.129e-01      
      3149      4.718e-01      
      3150      3.130e-01      
      3151      2.201e-01      
      3152      1.573e-01      
      3344      1.411e-01      
      3345      4.101e-01      
      3346      9.394e-01      
      3347      1.695e+00      
      3348      2.408e+00      
      3349      2.691e+00      
      3350      2.367e+00      
      3351      1.641e+00      
      3352      9.010e-01      
      3353      3.957e-01      
      3354      1.428e-01      
      3392      2.281e-01      
      3393      2.986e-01      
      3394      4.322e-01      
      3395      6.067e-01      
      3396      7.747e-01      
      3397      8.818e-01      
      3399      8.044e-01      
      3400      6.636e-01      
      3401      5.267e-01      
      3402      4.354e-01      
      3403      3.995e-01      
      3406      4.852e-01      
      3407      5.365e-01      
      3409      6.331e-01      
      3410      6.699e-01      
      3416      7.635e-01      
      3417      7.798e-01      
      3420      8.667e-01      
      3421      8.806e-01      
      3423      8.231e-01      
      3424      7.608e-01      
      3425      6.939e-01      
      3426      6.363e-01      
      3430      6.912e-01      
      3431      7.559e-01      
      3436      6.760e-01      
      3437      6.441e-01      
      3440      5.674e-01      
      3441      5.416e-01      
      3447      4.446e-01      
      3448      4.104e-01      
      3450      3.276e-01      
      3451      2.954e-01      
      3474      2.097e-01      
      3475      1.856e-01      
      3549      1.986e-01      
      3550      4.064e-01      
      3551      8.492e-01      
      3552      1.546e+00      
      3553      2.315e+00      
      3554      2.811e+00      
      3555      2.785e+00      
      3556      2.292e+00      
      3557      1.618e+00      
      3558      1.023e+00      
      3559      6.107e-01      
      3560      3.674e-01      
      3561      2.437e-01      
      3570      3.400e-01      
      3571      3.491e-01      
      3575      4.386e-01      
      3576      4.773e-01      
      3578      5.533e-01      
      3579      5.815e-01      
      3592      4.917e-01      
      3593      4.440e-01      
      3595      3.525e-01      
      3596      3.202e-01      
      3614      2.288e-01      
      3615      2.151e-01      
      3618      1.297e-01      
      3619      1.000e-01      


3624   1.000e-01