0.0      1.000e-01      
      1      1.000e-01      
      2096      1.967e-01      
      2097      2.241e-01      
      2099      1.644e-01      
      2100      1.122e-01      
      2559      1.876e-01      
      2560      3.720e-01      
      2561      6.575e-01      
      2562      9.575e-01      
      2563      1.120e+00      
      2564      1.047e+00      
      2565      7.874e-01      
      2566      4.870e-01      
      2567      2.613e-01      
      2568      1.371e-01      


3624   1.371e-01