0.0      1.100e-01      
      1      1.100e-01      
      35      1.943e-01      
      36      2.282e-01      
      41      1.335e-01      
      42      1.201e-01      
      358      1.546e-01      
      359      2.458e-01      
      360      4.457e-01      
      361      7.851e-01      
      362      1.213e+00      
      363      1.573e+00      
      364      1.682e+00      
      365      1.479e+00      
      366      1.079e+00      
      367      6.713e-01      
      368      3.810e-01      
      369      2.230e-01      
      371      1.270e-01      
      372      1.171e-01      
      420      2.161e-01      
      421      2.342e-01      
      574      1.403e-01      
      575      1.338e-01      
      1061      1.999e-01      
      1062      2.477e-01      
      1064      3.341e-01      
      1065      4.130e-01      
      1066      5.551e-01      
      1067      7.336e-01      
      1068      8.606e-01      
      1069      8.533e-01      
      1070      7.092e-01      
      1071      5.052e-01      
      1072      3.268e-01      
      1073      2.126e-01      
      1082      1.140e-01      
      1083      1.122e-01      
      1208      2.094e-01      
      1209      2.360e-01      
      1214      1.439e-01      
      1215      1.330e-01      
      2094      1.907e-01      
      2095      2.638e-01      
      2096      3.401e-01      
      2097      3.811e-01      
      2099      2.991e-01      
      2100      2.253e-01      
      2102      1.376e-01      
      2103      1.225e-01      
      2191      2.100e-01      
      2192      2.616e-01      
      2198      3.148e-01      
      2199      3.947e-01      
      2200      4.742e-01      
      2201      5.194e-01      
      2203      4.265e-01      
      2204      3.221e-01      
      2205      2.295e-01      
      2206      1.691e-01      
      2562      2.611e-01      
      2563      3.212e-01      
      2564      4.151e-01      
      2565      5.152e-01      
      2568      4.465e-01      
      2569      3.288e-01      
      2570      2.343e-01      
      2571      1.788e-01      


3624   1.788e-01