0.0      1.000e-01      
      1      1.000e-01      
      361      1.000e-01      
      362      2.255e-01      
      363      4.090e-01      
      364      5.947e-01      
      367      4.996e-01      
      368      3.209e-01      
      369      1.815e-01      
      1065      2.815e-01      
      1066      3.502e-01      
      1067      4.518e-01      
      1068      5.469e-01      
      1069      5.763e-01      
      1070      5.130e-01      
      1071      3.850e-01      
      1072      2.483e-01      
      1073      1.434e-01      
      2043      2.308e-01      
      2044      2.553e-01      
      2046      1.750e-01      
      2047      1.146e-01      
      2198      1.560e-01      
      2199      2.277e-01      
      2200      2.920e-01      
      2201      3.352e-01      
      2204      2.665e-01      
      2205      1.949e-01      
      2560      2.568e-01      
      2561      4.628e-01      
      2562      6.809e-01      
      2563      8.157e-01      
      2564      7.981e-01      
      2565      6.431e-01      
      2566      4.346e-01      
      2567      2.553e-01      
      2568      1.394e-01      
      2665      2.148e-01      
      2666      3.156e-01      
      2669      3.020e-01      
      2670      2.130e-01      
      2671      1.359e-01      
      2672      1.000e-01      


3624   1.000e-01