0.0      1.000e-01      
      1      1.000e-01      
      369      1.757e-01      
      370      2.729e-01      
      371      3.950e-01      
      372      5.407e-01      
      373      7.092e-01      
      374      8.876e-01      
      375      1.052e+00      
      376      1.191e+00      
      377      1.316e+00      
      378      1.448e+00      
      379      1.597e+00      
      380      1.757e+00      
      381      1.917e+00      
      382      2.067e+00      
      383      2.204e+00      
      384      2.329e+00      
      385      2.447e+00      
      386      2.562e+00      
      387      2.663e+00      
      390      2.579e+00      
      391      2.396e+00      
      392      2.201e+00      
      393      2.039e+00      
      394      1.930e+00      
      404      1.940e+00      
      405      1.794e+00      
      406      1.607e+00      
      407      1.429e+00      
      408      1.312e+00      
      411      1.361e+00      
      412      1.417e+00      
      413      1.480e+00      
      414      1.551e+00      
      415      1.625e+00      
      416      1.687e+00      
      418      1.772e+00      
      419      1.820e+00      
      420      1.889e+00      
      421      1.975e+00      
      422      2.073e+00      
      423      2.181e+00      
      424      2.308e+00      
      425      2.455e+00      
      426      2.601e+00      
      427      2.720e+00      
      431      2.675e+00      
      432      2.533e+00      
      433      2.372e+00      
      434      2.230e+00      
      437      2.273e+00      
      438      2.499e+00      
      439      2.758e+00      
      440      2.940e+00      
      442      2.858e+00      
      443      2.696e+00      
      444      2.567e+00      
      446      2.468e+00      
      447      2.441e+00      
      450      2.346e+00      
      451      2.322e+00      
      452      2.277e+00      
      453      2.197e+00      
      454      2.090e+00      
      455      1.973e+00      
      456      1.862e+00      
      457      1.758e+00      
      458      1.645e+00      
      459      1.510e+00      
      460      1.346e+00      
      461      1.164e+00      
      462      9.855e-01      
      463      8.326e-01      
      464      7.222e-01      
      470      6.269e-01      
      471      5.359e-01      
      472      4.463e-01      
      473      3.820e-01      
      491      2.823e-01      
      492      2.800e-01      
      507      2.139e-01      
      508      1.586e-01      
      1070      2.202e-01      
      1071      3.267e-01      
      1074      2.579e-01      
      1075      1.514e-01      
      1208      1.688e-01      
      1209      3.004e-01      
      1210      4.469e-01      
      1211      5.756e-01      
      1212      6.756e-01      
      1213      7.661e-01      
      1214      8.736e-01      
      1215      1.010e+00      
      1216      1.176e+00      
      1217      1.385e+00      
      1218      1.656e+00      
      1219      2.004e+00      
      1220      2.423e+00      
      1221      2.884e+00      
      1222      3.334e+00      
      1223      3.707e+00      
      1224      3.941e+00      
      1226      3.934e+00      
      1227      3.745e+00      
      1228      3.486e+00      
      1229      3.192e+00      
      1230      2.890e+00      
      1231      2.597e+00      
      1232      2.323e+00      
      1233      2.073e+00      
      1234      1.855e+00      
      1235      1.678e+00      
      1236      1.547e+00      
      1237      1.457e+00      
      1238      1.402e+00      
      1240      1.331e+00      
      1241      1.264e+00      
      1242      1.144e+00      
      1243      9.672e-01      
      1244      7.629e-01      
      1245      5.765e-01      
      1246      4.441e-01      
      1251      4.890e-01      
      1252      5.751e-01      
      1253      6.534e-01      
      1254      7.000e-01      
      1257      6.444e-01      
      1258      5.959e-01      
      1263      6.332e-01      
      1264      7.148e-01      
      1266      7.163e-01      
      1267      6.012e-01      
      1268      4.589e-01      
      1269      3.463e-01      
      1278      4.301e-01      
      1279      4.649e-01      
      1283      3.866e-01      
      1284      3.594e-01      
      1288      2.908e-01      
      1289      2.444e-01      
      1290      1.886e-01      
      1291      1.328e-01      
      1376      2.323e-01      
      1377      2.495e-01      
      1384      1.785e-01      
      1385      1.395e-01      
      2108      2.071e-01      
      2109      3.493e-01      
      2110      5.030e-01      
      2111      6.336e-01      
      2112      7.224e-01      
      2113      7.736e-01      
      2118      8.666e-01      
      2119      8.758e-01      
      2123      7.906e-01      
      2124      7.180e-01      
      2125      6.220e-01      
      2126      5.103e-01      
      2127      3.949e-01      
      2128      2.872e-01      
      2129      1.954e-01      
      2130      1.236e-01      
      2209      2.161e-01      
      2210      3.003e-01      
      2211      3.812e-01      
      2212      4.495e-01      
      2213      5.058e-01      
      2214      5.550e-01      
      2216      6.360e-01      
      2217      6.639e-01      
      2226      6.068e-01      
      2227      5.313e-01      
      2228      4.363e-01      
      2229      3.318e-01      
      2230      2.315e-01      
      2231      1.477e-01      
      2232      1.000e-01      
      2421      1.966e-01      
      2422      2.724e-01      
      2423      3.518e-01      
      2424      4.228e-01      
      2426      5.173e-01      
      2427      5.484e-01      
      2429      6.154e-01      
      2430      6.586e-01      
      2431      7.093e-01      
      2432      7.658e-01      
      2433      8.232e-01      
      2434      8.736e-01      
      2439      8.158e-01      
      2440      7.130e-01      
      2441      5.847e-01      
      2442      4.466e-01      
      2443      3.172e-01      
      2444      2.111e-01      
      2445      1.352e-01      
      2446      1.000e-01      
      2623      1.682e-01      
      2624      2.030e-01      
      2633      1.036e-01      
      2634      1.000e-01      
      3344      1.077e-01      
      3345      2.674e-01      
      3346      5.225e-01      
      3347      8.063e-01      
      3348      9.863e-01      
      3349      9.614e-01      
      3350      7.533e-01      
      3351      4.839e-01      
      3352      2.736e-01      
      3356      3.455e-01      
      3357      4.408e-01      
      3358      5.297e-01      
      3359      6.166e-01      
      3360      6.962e-01      
      3361      7.572e-01      
      3362      8.056e-01      
      3363      8.733e-01      
      3364      9.900e-01      
      3365      1.148e+00      
      3366      1.302e+00      
      3367      1.410e+00      
      3369      1.491e+00      
      3370      1.518e+00      
      3372      1.612e+00      
      3373      1.649e+00      
      3375      1.596e+00      
      3376      1.491e+00      
      3377      1.351e+00      
      3378      1.201e+00      
      3379      1.063e+00      
      3380      9.469e-01      
      3381      8.512e-01      
      3382      7.703e-01      
      3383      7.035e-01      
      3384      6.523e-01      
      3393      7.421e-01      
      3394      8.298e-01      
      3395      9.431e-01      
      3396      1.061e+00      
      3397      1.151e+00      
      3398      1.192e+00      
      3404      1.275e+00      
      3405      1.318e+00      
      3407      1.411e+00      
      3408      1.451e+00      
      3414      1.374e+00      
      3415      1.343e+00      
      3417      1.257e+00      
      3418      1.193e+00      
      3419      1.129e+00      
      3420      1.073e+00      
      3421      1.020e+00      
      3422      9.608e-01      
      3423      8.911e-01      
      3424      8.122e-01      
      3425      7.272e-01      
      3426      6.422e-01      
      3427      5.689e-01      
      3428      5.246e-01      
      3430      5.724e-01      
      3431      6.564e-01      
      3432      7.586e-01      
      3433      8.628e-01      
      3434      9.547e-01      
      3435      1.017e+00      
      3437      9.926e-01      
      3438      9.149e-01      
      3439      8.310e-01      
      3440      7.712e-01      
      3450      6.872e-01      
      3451      6.143e-01      
      3452      5.361e-01      
      3453      4.650e-01      
      3456      5.405e-01      
      3457      7.214e-01      
      3458      9.291e-01      
      3459      1.082e+00      
      3461      1.039e+00      
      3462      8.899e-01      
      3463      7.291e-01      
      3464      5.930e-01      
      3465      4.927e-01      
      3466      4.245e-01      
      3467      3.806e-01      
      3476      2.852e-01      
      3477      2.691e-01      
      3481      1.741e-01      
      3482      1.598e-01      
      3551      2.533e-01      
      3552      3.330e-01      
      3553      3.872e-01      
      3554      4.426e-01      
      3555      5.476e-01      
      3556      7.284e-01      
      3557      9.640e-01      
      3558      1.209e+00      
      3559      1.447e+00      
      3560      1.732e+00      
      3561      2.153e+00      
      3562      2.765e+00      
      3563      3.506e+00      
      3564      4.212e+00      
      3565      4.707e+00      
      3566      4.903e+00      
      3567      4.835e+00      
      3568      4.590e+00      
      3569      4.250e+00      
      3570      3.867e+00      
      3571      3.486e+00      
      3572      3.147e+00      
      3573      2.866e+00      
      3574      2.636e+00      
      3575      2.441e+00      
      3576      2.275e+00      
      3577      2.144e+00      
      3578      2.048e+00      
      3579      1.974e+00      
      3580      1.903e+00      
      3581      1.815e+00      
      3582      1.693e+00      
      3583      1.533e+00      
      3584      1.346e+00      
      3585      1.154e+00      
      3586      9.793e-01      
      3587      8.351e-01      
      3588      7.200e-01      
      3589      6.242e-01      
      3590      5.352e-01      
      3591      4.430e-01      
      3592      3.455e-01      
      3593      2.487e-01      
      3594      1.635e-01      


3624   1.635e-01