0.0      1.000e-01      
      1      1.000e-01      
      364      1.157e-01      
      365      2.918e-01      
      366      6.194e-01      
      367      1.081e+00      
      368      1.545e+00      
      369      1.816e+00      
      370      1.779e+00      
      371      1.485e+00      
      372      1.101e+00      
      373      7.807e-01      
      374      5.899e-01      
      379      6.772e-01      
      380      7.334e-01      
      382      8.208e-01      
      383      8.558e-01      
      385      9.385e-01      
      386      9.987e-01      
      387      1.069e+00      
      388      1.135e+00      
      395      1.039e+00      
      396      1.006e+00      
      399      9.177e-01      
      400      8.826e-01      
      405      9.144e-01      
      406      9.929e-01      
      408      1.092e+00      
      409      1.119e+00      
      410      1.175e+00      
      411      1.301e+00      
      412      1.523e+00      
      413      1.834e+00      
      414      2.180e+00      
      415      2.474e+00      
      416      2.641e+00      
      421      2.666e+00      
      422      2.882e+00      
      423      3.219e+00      
      424      3.672e+00      
      425      4.177e+00      
      426      4.613e+00      
      427      4.859e+00      
      428      4.878e+00      
      429      4.723e+00      
      430      4.485e+00      
      431      4.231e+00      
      432      4.000e+00      
      433      3.807e+00      
      434      3.656e+00      
      435      3.544e+00      
      436      3.462e+00      
      437      3.398e+00      
      438      3.340e+00      
      439      3.281e+00      
      440      3.220e+00      
      441      3.158e+00      
      442      3.094e+00      
      443      3.028e+00      
      444      2.960e+00      
      445      2.896e+00      
      446      2.837e+00      
      447      2.779e+00      
      448      2.716e+00      
      449      2.639e+00      
      450      2.544e+00      
      451      2.434e+00      
      452      2.319e+00      
      453      2.213e+00      
      454      2.129e+00      
      455      2.068e+00      
      457      1.985e+00      
      458      1.944e+00      
      460      1.851e+00      
      461      1.802e+00      
      463      1.705e+00      
      464      1.655e+00      
      465      1.604e+00      
      466      1.550e+00      
      467      1.493e+00      
      468      1.432e+00      
      469      1.366e+00      
      470      1.298e+00      
      471      1.232e+00      
      472      1.170e+00      
      473      1.112e+00      
      474      1.059e+00      
      476      9.597e-01      
      477      9.156e-01      
      480      8.175e-01      
      481      7.976e-01      
      496      6.982e-01      
      497      6.914e-01      
      508      5.936e-01      
      509      5.751e-01      
      516      4.771e-01      
      517      4.703e-01      
      523      3.734e-01      
      524      3.593e-01      
      581      2.671e-01      
      582      2.565e-01      
      594      1.594e-01      
      595      1.541e-01      
      1069      2.343e-01      
      1070      4.605e-01      
      1071      7.356e-01      
      1072      9.512e-01      
      1074      8.631e-01      
      1075      6.236e-01      
      1076      3.901e-01      
      1077      2.240e-01      
      1078      1.285e-01      
      1079      1.000e-01      
      1207      1.826e-01      
      1208      4.013e-01      
      1209      7.553e-01      
      1210      1.195e+00      
      1211      1.590e+00      
      1212      1.789e+00      
      1213      1.725e+00      
      1214      1.453e+00      
      1215      1.105e+00      
      1216      7.994e-01      
      1217      5.925e-01      
      1218      4.865e-01      
      1221      5.389e-01      
      1222      6.146e-01      
      1223      7.012e-01      
      1224      7.950e-01      
      1225      8.915e-01      
      1226      9.821e-01      
      1227      1.059e+00      
      1228      1.120e+00      
      1229      1.173e+00      
      1230      1.226e+00      
      1231      1.279e+00      
      1232      1.328e+00      
      1241      1.265e+00      
      1242      1.210e+00      
      1243      1.155e+00      
      1244      1.109e+00      
      1252      1.012e+00      
      1253      9.949e-01      
      1256      9.255e-01      
      1257      8.933e-01      
      1259      8.181e-01      
      1260      7.830e-01      
      1263      7.035e-01      
      1264      6.741e-01      
      1266      5.978e-01      
      1267      5.583e-01      
      1271      4.642e-01      
      1272      4.553e-01      
      1295      3.613e-01      
      1296      3.528e-01      
      1334      2.560e-01      
      1335      2.488e-01      
      1380      1.500e-01      
      1381      1.323e-01      
      1986      2.250e-01      
      1987      4.201e-01      
      1988      6.358e-01      
      1989      7.895e-01      
      1992      7.391e-01      
      1993      6.635e-01      
      1994      5.543e-01      
      1995      4.134e-01      
      1996      2.744e-01      
      1997      1.691e-01      
      2096      2.590e-01      
      2097      4.994e-01      
      2098      7.866e-01      
      2099      1.005e+00      
      2101      9.059e-01      
      2102      6.637e-01      
      2103      4.276e-01      
      2104      2.565e-01      
      2105      1.551e-01      
      2198      1.807e-01      
      2199      3.472e-01      
      2200      5.979e-01      
      2201      8.823e-01      
      2202      1.096e+00      
      2203      1.138e+00      
      2204      9.907e-01      
      2205      7.368e-01      
      2206      4.920e-01      
      2207      3.267e-01      
      2208      2.468e-01      
      2209      2.253e-01      
      2212      3.035e-01      
      2213      3.463e-01      
      2216      4.394e-01      
      2217      4.575e-01      
      2220      5.343e-01      
      2221      5.582e-01      
      2231      4.730e-01      
      2232      4.567e-01      
      2246      3.576e-01      
      2247      3.483e-01      
      2252      2.529e-01      
      2253      2.209e-01      
      2263      1.253e-01      
      2264      1.189e-01      
      3344      1.726e-01      
      3345      3.441e-01      
      3346      5.592e-01      
      3347      7.380e-01      
      3349      7.100e-01      
      3350      5.348e-01      
      3351      3.514e-01      
      3352      2.124e-01      
      3353      1.270e-01      
      3354      1.000e-01      


3624   1.000e-01