0.0      1.000e-01      
      1      1.000e-01      
      424      1.701e-01      
      425      2.945e-01      
      426      4.417e-01      
      427      5.605e-01      
      429      5.557e-01      
      430      4.556e-01      
      431      3.514e-01      
      432      2.755e-01      
      433      2.332e-01      
      440      1.396e-01      
      441      1.223e-01      
      1069      1.611e-01      
      1070      2.855e-01      
      1071      4.104e-01      
      1074      3.896e-01      
      1075      2.799e-01      
      1076      1.819e-01      
      1077      1.121e-01      
      1207      1.008e-01      
      1208      2.300e-01      
      1209      4.320e-01      
      1210      6.771e-01      
      1211      8.984e-01      
      1212      1.026e+00      
      1214      9.261e-01      
      1215      7.765e-01      
      1216      6.372e-01      
      1217      5.445e-01      
      1218      5.059e-01      
      1224      4.108e-01      
      1225      3.596e-01      
      1228      2.704e-01      
      1229      2.583e-01      
      1233      1.857e-01      
      1234      1.482e-01      
      2198      2.222e-01      
      2199      3.945e-01      
      2200      5.967e-01      
      2201      7.636e-01      
      2203      7.593e-01      
      2204      6.016e-01      
      2205      4.224e-01      
      2206      2.772e-01      
      2207      1.874e-01      
      2208      1.466e-01      
      2408      1.586e-01      
      2409      2.717e-01      
      2410      3.966e-01      
      2411      5.258e-01      
      2412      6.787e-01      
      2413      8.724e-01      
      2414      1.070e+00      
      2415      1.178e+00      
      2416      1.126e+00      
      2417      9.264e-01      
      2418      6.669e-01      
      2419      4.364e-01      
      2420      2.765e-01      
      2421      1.843e-01      
      2422      1.398e-01      
      2568      1.832e-01      
      2569      2.977e-01      
      2570      3.943e-01      
      2571      4.313e-01      
      2572      3.972e-01      
      2573      3.158e-01      
      2574      2.240e-01      
      2575      1.473e-01      
      3551      1.353e-01      
      3552      3.169e-01      
      3553      5.976e-01      
      3554      9.127e-01      
      3555      1.137e+00      
      3556      1.168e+00      
      3557      1.004e+00      
      3558      7.391e-01      
      3559      4.802e-01      
      3560      2.870e-01      
      3561      1.652e-01      


3624   1.652e-01