0.0      1.000e-01      
      1      1.000e-01      
      359      1.919e-01      
      360      3.113e-01      
      361      4.408e-01      
      362      5.365e-01      
      363      5.574e-01      
      364      4.950e-01      
      365      3.798e-01      
      366      2.574e-01      
      367      1.598e-01      
      368      1.000e-01      
      410      1.944e-01      
      411      2.069e-01      
      522      1.178e-01      
      523      1.009e-01      
      1063      1.493e-01      
      1064      2.129e-01      
      1071      1.348e-01      
      1072      1.000e-01      
      1201      1.462e-01      
      1202      3.021e-01      
      1203      5.549e-01      
      1204      8.524e-01      
      1205      1.085e+00      
      1207      1.093e+00      
      1208      9.467e-01      
      1209      7.921e-01      
      1210      6.448e-01      
      1211      4.968e-01      
      1212      3.566e-01      
      1213      2.479e-01      
      1215      1.556e-01      
      1216      1.467e-01      
      1228      2.367e-01      
      1229      2.586e-01      
      1334      1.590e-01      
      1335      1.578e-01      
      2560      1.471e-01      
      2561      2.599e-01      
      2562      3.988e-01      
      2563      5.063e-01      
      2565      4.445e-01      
      2566      3.129e-01      
      2567      1.903e-01      


3624   1.903e-01