0.0      1.000e-01      
      1      1.000e-01      
      34      1.857e-01      
      35      3.526e-01      
      36      5.237e-01      
      38      5.551e-01      
      39      3.971e-01      
      40      2.232e-01      
      41      1.000e-01      
      362      1.383e-01      
      363      3.614e-01      
      364      7.526e-01      
      365      1.251e+00      
      366      1.663e+00      
      367      1.773e+00      
      368      1.521e+00      
      369      1.056e+00      
      370      5.977e-01      
      371      2.791e-01      
      372      1.103e-01      
      411      2.096e-01      
      412      3.402e-01      
      413      4.534e-01      
      414      5.202e-01      
      415      5.546e-01      
      419      4.946e-01      
      420      3.596e-01      
      421      2.416e-01      
      422      1.711e-01      
      423      1.406e-01      
      551      2.235e-01      
      552      2.643e-01      
      563      1.815e-01      
      564      1.611e-01      
      716      2.195e-01      
      717      2.953e-01      
      718      3.752e-01      
      719      4.421e-01      
      725      3.787e-01      
      726      3.304e-01      
      728      2.479e-01      
      729      2.163e-01      
      733      1.227e-01      
      734      1.104e-01      
      1063      1.452e-01      
      1064      2.272e-01      
      1065      3.895e-01      
      1066      6.373e-01      
      1067      9.231e-01      
      1068      1.157e+00      
      1069      1.259e+00      
      1070      1.208e+00      
      1071      1.037e+00      
      1072      8.010e-01      
      1073      5.584e-01      
      1074      3.563e-01      
      1075      2.200e-01      
      1076      1.462e-01      
      1077      1.145e-01      
      1205      1.886e-01      
      1206      3.367e-01      
      1207      6.082e-01      
      1208      9.832e-01      
      1209      1.351e+00      
      1210      1.554e+00      
      1211      1.492e+00      
      1212      1.200e+00      
      1213      8.161e-01      
      1214      4.836e-01      
      1215      2.685e-01      
      1216      1.605e-01      
      1437      2.462e-01      
      1438      2.833e-01      
      1444      1.889e-01      
      1445      1.641e-01      
      1984      2.067e-01      
      1985      2.793e-01      
      1989      2.348e-01      
      1990      1.691e-01      
      2095      1.889e-01      
      2096      2.846e-01      
      2097      4.128e-01      
      2098      5.378e-01      
      2101      5.041e-01      
      2102      3.703e-01      
      2103      2.476e-01      
      2104      1.652e-01      
      2105      1.231e-01      
      2196      2.153e-01      
      2197      4.241e-01      
      2198      8.352e-01      
      2199      1.454e+00      
      2200      2.138e+00      
      2201      2.617e+00      
      2202      2.661e+00      
      2203      2.251e+00      
      2204      1.592e+00      
      2205      9.543e-01      
      2206      5.039e-01      
      2207      2.593e-01      
      2208      1.544e-01      
      2396      2.170e-01      
      2397      3.918e-01      
      2398      7.114e-01      
      2399      1.159e+00      
      2400      1.604e+00      
      2401      1.864e+00      
      2402      1.864e+00      
      2403      1.702e+00      
      2404      1.513e+00      
      2405      1.322e+00      
      2406      1.079e+00      
      2407      7.909e-01      
      2408      5.361e-01      
      2409      3.783e-01      
      2410      3.091e-01      
      2411      2.772e-01      
      2413      1.962e-01      
      2414      1.528e-01      
      2493      2.438e-01      
      2494      3.076e-01      
      2495      3.661e-01      
      2496      4.114e-01      
      2502      3.359e-01      
      2503      2.935e-01      
      2505      2.041e-01      
      2506      1.636e-01      
      2564      2.084e-01      
      2565      3.138e-01      
      2566      4.509e-01      
      2567      5.901e-01      
      2568      6.977e-01      
      2571      6.402e-01      
      2572      4.989e-01      
      2573      3.482e-01      
      2574      2.279e-01      
      2575      1.540e-01      
      2576      1.185e-01      
      2845      2.089e-01      
      2846      2.185e-01      
      2854      3.082e-01      
      2855      4.085e-01      
      2859      3.089e-01      
      2860      2.095e-01      
      2862      1.155e-01      
      2863      1.042e-01      
      3343      1.573e-01      
      3344      2.288e-01      
      3347      1.573e-01      
      3348      1.000e-01      


3624   1.000e-01