0.0      1.000e-01      
      1      1.000e-01      
      361      1.666e-01      
      362      3.041e-01      
      363      4.531e-01      
      364      5.529e-01      
      365      5.565e-01      
      366      4.679e-01      
      367      3.364e-01      
      368      2.146e-01      
      369      1.282e-01      
      370      1.000e-01      
      1067      1.852e-01      
      1068      2.299e-01      
      1071      1.694e-01      
      1072      1.174e-01      


3624   1.174e-01