0.0      1.000e-01      
      1      1.000e-01      
      333      1.496e-01      
      334      2.199e-01      
      339      1.292e-01      
      340      1.000e-01      
      358      1.538e-01      
      359      3.229e-01      
      360      5.549e-01      
      361      7.894e-01      
      362      9.434e-01      
      364      8.535e-01      
      365      6.665e-01      
      366      4.635e-01      
      367      2.899e-01      
      368      1.661e-01      
      1060      2.307e-01      
      1061      2.893e-01      
      1062      3.774e-01      
      1063      5.110e-01      
      1064      6.827e-01      
      1065      8.425e-01      
      1067      8.575e-01      
      1068      6.892e-01      
      1069      4.798e-01      
      1070      2.950e-01      
      1071      1.658e-01      
      1197      1.016e-01      
      1198      4.240e-01      
      1199      1.406e+00      
      1200      3.723e+00      
      1201      7.910e+00      
      1202      1.357e+01      
      1203      1.892e+01      
      1204      2.164e+01      
      1205      2.049e+01      
      1206      1.627e+01      
      1207      1.102e+01      
      1208      6.524e+00      
      1209      3.497e+00      
      1210      1.766e+00      
      1211      8.722e-01      
      1212      4.298e-01      
      1213      2.141e-01      
      1214      1.102e-01      
      2094      1.914e-01      
      2095      2.386e-01      
      2098      1.390e-01      
      2099      1.000e-01      
      2187      1.271e-01      
      2188      2.195e-01      
      2189      3.114e-01      
      2190      3.689e-01      
      2192      3.312e-01      
      2193      2.651e-01      
      2194      1.952e-01      
      2195      1.344e-01      


3624   1.344e-01