0.0      1.000e-01      
      1      1.000e-01      
      35      1.822e-01      
      36      2.958e-01      
      37      3.915e-01      
      38      4.317e-01      
      40      3.491e-01      
      41      2.807e-01      
      42      2.221e-01      
      43      1.774e-01      
      367      1.577e-01      
      368      3.070e-01      
      369      5.285e-01      
      370      7.625e-01      
      371      9.144e-01      
      372      9.229e-01      
      373      8.059e-01      
      374      6.350e-01      
      375      4.754e-01      
      376      3.549e-01      
      377      2.729e-01      
      378      2.210e-01      
      400      3.002e-01      
      401      3.382e-01      
      403      4.358e-01      
      404      4.964e-01      
      405      5.590e-01      
      406      6.148e-01      
      409      7.103e-01      
      410      7.497e-01      
      411      8.372e-01      
      412      1.013e+00      
      413      1.293e+00      
      414      1.627e+00      
      415      1.900e+00      
      416      2.008e+00      
      417      1.941e+00      
      418      1.772e+00      
      419      1.597e+00      
      420      1.475e+00      
      422      1.512e+00      
      423      1.768e+00      
      424      2.264e+00      
      425      2.970e+00      
      426      3.698e+00      
      427      4.179e+00      
      428      4.247e+00      
      429      3.959e+00      
      430      3.515e+00      
      431      3.098e+00      
      432      2.790e+00      
      433      2.592e+00      
      434      2.478e+00      
      441      2.556e+00      
      442      2.591e+00      
      451      2.503e+00      
      452      2.473e+00      
      460      2.390e+00      
      461      2.345e+00      
      462      2.288e+00      
      463      2.226e+00      
      472      2.137e+00      
      473      2.050e+00      
      474      1.950e+00      
      475      1.857e+00      
      476      1.787e+00      
      483      1.863e+00      
      484      1.894e+00      
      491      1.824e+00      
      492      1.773e+00      
      494      1.681e+00      
      495      1.644e+00      
      497      1.576e+00      
      498      1.540e+00      
      500      1.462e+00      
      501      1.432e+00      
      506      1.529e+00      
      507      1.532e+00      
      510      1.457e+00      
      511      1.424e+00      
      520      1.326e+00      
      521      1.284e+00      
      522      1.233e+00      
      523      1.181e+00      
      526      1.085e+00      
      527      1.076e+00      
      538      1.175e+00      
      539      1.177e+00      
      568      1.078e+00      
      569      1.050e+00      
      571      9.722e-01      
      572      9.338e-01      
      593      8.404e-01      
      594      8.135e-01      
      596      7.435e-01      
      597      7.093e-01      
      616      6.154e-01      
      617      6.023e-01      
      638      5.042e-01      
      639      4.965e-01      
      715      4.010e-01      
      716      3.906e-01      
      741      2.967e-01      
      742      2.904e-01      
      763      1.972e-01      
      764      1.734e-01      
      1067      2.334e-01      
      1068      5.559e-01      
      1069      1.063e+00      
      1070      1.641e+00      
      1071      2.066e+00      
      1072      2.154e+00      
      1073      1.906e+00      
      1074      1.483e+00      
      1075      1.065e+00      
      1076      7.437e-01      
      1077      5.265e-01      
      1078      3.853e-01      
      1079      2.917e-01      
      1080      2.270e-01      
      1082      1.461e-01      
      1083      1.200e-01      
      1098      1.833e-01      
      1099      2.619e-01      
      1100      3.468e-01      
      1101      4.259e-01      
      1108      3.430e-01      
      1109      2.955e-01      
      1111      2.200e-01      
      1112      1.915e-01      
      1205      1.409e-01      
      1206      4.438e-01      
      1207      1.116e+00      
      1208      2.257e+00      
      1209      3.721e+00      
      1210      5.096e+00      
      1211      5.952e+00      
      1212      6.130e+00      
      1213      5.770e+00      
      1214      5.118e+00      
      1215      4.370e+00      
      1216      3.632e+00      
      1217      2.958e+00      
      1218      2.374e+00      
      1219      1.897e+00      
      1220      1.532e+00      
      1221      1.275e+00      
      1222      1.110e+00      
      1223      1.019e+00      
      1224      9.851e-01      
      1226      1.048e+00      
      1227      1.140e+00      
      1228      1.277e+00      
      1229      1.465e+00      
      1230      1.704e+00      
      1231      1.978e+00      
      1232      2.254e+00      
      1233      2.497e+00      
      1234      2.681e+00      
      1235      2.794e+00      
      1238      2.769e+00      
      1239      2.690e+00      
      1240      2.601e+00      
      1241      2.518e+00      
      1242      2.450e+00      
      1243      2.400e+00      
      1251      2.320e+00      
      1252      2.275e+00      
      1253      2.207e+00      
      1254      2.123e+00      
      1255      2.029e+00      
      1256      1.930e+00      
      1257      1.825e+00      
      1258      1.715e+00      
      1259      1.600e+00      
      1260      1.483e+00      
      1261      1.370e+00      
      1262      1.262e+00      
      1263      1.163e+00      
      1264      1.073e+00      
      1265      9.936e-01      
      1266      9.237e-01      
      1267      8.655e-01      
      1268      8.225e-01      
      1278      7.400e-01      
      1279      7.183e-01      
      1285      6.237e-01      
      1286      6.083e-01      
      1290      5.293e-01      
      1291      5.078e-01      
      1303      5.896e-01      
      1304      6.105e-01      
      1329      6.980e-01      
      1330      7.193e-01      
      1382      6.206e-01      
      1383      6.128e-01      
      1389      5.145e-01      
      1390      5.010e-01      
      1409      4.300e-01      
      1410      3.940e-01      
      1414      2.985e-01      
      1415      2.884e-01      
      1437      1.966e-01      
      1438      1.858e-01      
      1508      2.747e-01      
      1509      2.934e-01      
      1546      2.032e-01      
      1547      1.830e-01      
      1595      2.467e-01      
      1596      3.095e-01      
      1597      3.860e-01      
      1598      4.678e-01      
      1599      5.444e-01      
      1600      6.051e-01      
      1605      5.507e-01      
      1606      5.017e-01      
      1608      4.137e-01      
      1609      3.776e-01      
      1613      2.785e-01      
      1614      2.625e-01      
      1626      1.698e-01      
      1627      1.537e-01      
      1988      1.910e-01      
      1989      2.831e-01      
      1994      2.048e-01      
      1995      1.602e-01      
      2096      1.138e-01      
      2097      2.720e-01      
      2098      5.433e-01      
      2099      9.086e-01      
      2100      1.271e+00      
      2101      1.490e+00      
      2102      1.476e+00      
      2103      1.260e+00      
      2104      9.635e-01      
      2105      6.941e-01      
      2106      4.963e-01      
      2107      3.641e-01      
      2108      2.763e-01      
      2109      2.155e-01      
      2111      1.391e-01      
      2112      1.148e-01      
      2196      2.136e-01      
      2197      5.259e-01      
      2198      1.118e+00      
      2199      2.013e+00      
      2200      3.040e+00      
      2201      3.840e+00      
      2202      4.076e+00      
      2203      3.696e+00      
      2204      2.947e+00      
      2205      2.157e+00      
      2206      1.528e+00      
      2207      1.100e+00      
      2208      8.293e-01      
      2209      6.598e-01      
      2210      5.503e-01      
      2211      4.763e-01      
      2212      4.246e-01      
      2226      5.129e-01      
      2227      5.463e-01      
      2229      6.146e-01      
      2230      6.495e-01      
      2232      7.178e-01      
      2233      7.498e-01      
      2237      8.494e-01      
      2238      8.754e-01      
      2240      9.648e-01      
      2241      1.027e+00      
      2242      1.087e+00      
      2243      1.132e+00      
      2247      1.076e+00      
      2248      1.029e+00      
      2250      9.331e-01      
      2251      8.849e-01      
      2252      8.350e-01      
      2253      7.826e-01      
      2254      7.280e-01      
      2255      6.734e-01      
      2257      5.744e-01      
      2258      5.327e-01      
      2261      4.345e-01      
      2262      4.079e-01      
      2266      3.181e-01      
      2267      2.974e-01      
      2272      1.982e-01      
      2273      1.805e-01      
      2410      2.051e-01      
      2411      2.815e-01      
      2412      4.280e-01      
      2413      7.076e-01      
      2414      1.129e+00      
      2415      1.604e+00      
      2416      1.981e+00      
      2417      2.140e+00      
      2418      2.053e+00      
      2419      1.780e+00      
      2420      1.424e+00      
      2421      1.085e+00      
      2422      8.219e-01      
      2423      6.463e-01      
      2424      5.394e-01      
      2425      4.748e-01      
      2426      4.323e-01      
      2429      3.470e-01      
      2430      3.221e-01      
      2443      4.174e-01      
      2444      4.434e-01      
      2447      5.425e-01      
      2448      5.842e-01      
      2450      6.713e-01      
      2451      7.126e-01      
      2453      7.898e-01      
      2454      8.316e-01      
      2455      8.825e-01      
      2456      9.460e-01      
      2457      1.020e+00      
      2458      1.096e+00      
      2459      1.165e+00      
      2460      1.219e+00      
      2466      1.131e+00      
      2467      1.086e+00      
      2471      9.899e-01      
      2472      9.843e-01      
      2478      9.043e-01      
      2479      8.748e-01      
      2485      7.821e-01      
      2486      7.695e-01      
      2489      6.726e-01      
      2490      6.245e-01      
      2491      5.736e-01      
      2492      5.230e-01      
      2494      4.298e-01      
      2495      3.907e-01      
      2499      3.001e-01      
      2500      2.904e-01      
      2515      1.933e-01      
      2516      1.782e-01      
      2566      2.093e-01      
      2567      2.949e-01      
      2568      4.002e-01      
      2569      4.895e-01      
      2570      5.326e-01      
      2573      4.420e-01      
      2574      3.990e-01      
      2580      3.197e-01      
      2581      2.943e-01      
      2585      2.055e-01      
      2586      1.890e-01      
      2948      1.816e-01      
      2949      4.385e-01      
      2950      8.428e-01      
      2951      1.297e+00      
      2952      1.615e+00      
      2953      1.654e+00      
      2954      1.435e+00      
      2955      1.100e+00      
      2956      7.883e-01      
      2957      5.587e-01      
      2958      4.062e-01      
      2959      3.058e-01      
      2960      2.369e-01      
      2961      1.874e-01      
      3141      2.226e-01      
      3142      2.982e-01      
      3149      3.748e-01      
      3150      4.864e-01      
      3153      4.770e-01      
      3154      3.744e-01      
      3155      2.830e-01      
      3156      2.163e-01      
      3158      1.392e-01      
      3159      1.155e-01      
      3394      2.111e-01      
      3395      5.289e-01      
      3396      1.067e+00      
      3397      1.742e+00      
      3398      2.324e+00      
      3399      2.571e+00      
      3400      2.407e+00      
      3401      1.965e+00      
      3402      1.459e+00      
      3403      1.037e+00      
      3404      7.453e-01      
      3405      5.610e-01      
      3406      4.472e-01      
      3407      3.748e-01      
      3408      3.264e-01      
      3425      4.202e-01      
      3426      4.482e-01      
      3429      5.336e-01      
      3430      5.637e-01      
      3434      6.626e-01      
      3435      6.717e-01      
      3452      5.817e-01      
      3453      5.705e-01      
      3463      4.737e-01      
      3464      4.343e-01      
      3466      3.366e-01      
      3467      2.889e-01      
      3469      2.089e-01      
      3470      1.769e-01      


3624   1.769e-01