0.0      1.700e-01      
      1      1.700e-01      
      36      2.431e-01      
      37      2.769e-01      
      43      1.801e-01      
      44      1.741e-01      
      367      2.178e-01      
      368      2.861e-01      
      369      3.906e-01      
      370      5.005e-01      
      377      5.977e-01      
      378      7.527e-01      
      379      9.622e-01      
      380      1.200e+00      
      381      1.439e+00      
      382      1.656e+00      
      383      1.826e+00      
      386      1.767e+00      
      387      1.568e+00      
      388      1.338e+00      
      389      1.120e+00      
      390      9.416e-01      
      391      8.223e-01      
      408      9.098e-01      
      409      9.266e-01      
      411      9.958e-01      
      412      1.126e+00      
      413      1.373e+00      
      414      1.724e+00      
      415      2.114e+00      
      416      2.463e+00      
      417      2.728e+00      
      418      2.912e+00      
      419      3.034e+00      
      420      3.107e+00      
      421      3.141e+00      
      422      3.181e+00      
      423      3.309e+00      
      424      3.596e+00      
      425      4.020e+00      
      426      4.447e+00      
      427      4.724e+00      
      429      4.704e+00      
      430      4.536e+00      
      431      4.337e+00      
      432      4.124e+00      
      433      3.904e+00      
      434      3.684e+00      
      435      3.469e+00      
      436      3.263e+00      
      437      3.070e+00      
      438      2.897e+00      
      439      2.749e+00      
      440      2.623e+00      
      441      2.520e+00      
      442      2.441e+00      
      443      2.388e+00      
      447      2.298e+00      
      448      2.232e+00      
      449      2.135e+00      
      450      2.019e+00      
      451      1.899e+00      
      452      1.790e+00      
      453      1.695e+00      
      454      1.615e+00      
      455      1.550e+00      
      456      1.500e+00      
      460      1.408e+00      
      461      1.392e+00      
      465      1.300e+00      
      466      1.289e+00      
      472      1.197e+00      
      473      1.158e+00      
      476      1.059e+00      
      477      1.034e+00      
      480      9.492e-01      
      481      9.163e-01      
      488      8.183e-01      
      489      8.123e-01      
      516      7.139e-01      
      517      7.119e-01      
      529      6.120e-01      
      530      5.974e-01      
      564      5.063e-01      
      565      4.857e-01      
      640      3.860e-01      
      641      3.840e-01      
      670      3.000e-01      
      671      2.824e-01      
      886      1.840e-01      
      887      1.822e-01      
      1067      2.105e-01      
      1068      2.959e-01      
      1069      4.751e-01      
      1070      7.482e-01      
      1071      1.028e+00      
      1072      1.168e+00      
      1073      1.085e+00      
      1074      8.370e-01      
      1075      5.632e-01      
      1076      3.650e-01      
      1077      2.583e-01      
      1206      2.606e-01      
      1207      3.787e-01      
      1208      5.961e-01      
      1209      9.012e-01      
      1210      1.221e+00      
      1211      1.453e+00      
      1216      1.483e+00      
      1217      1.780e+00      
      1218      2.260e+00      
      1219      2.836e+00      
      1220      3.370e+00      
      1221      3.721e+00      
      1222      3.802e+00      
      1223      3.611e+00      
      1224      3.216e+00      
      1225      2.721e+00      
      1226      2.225e+00      
      1227      1.793e+00      
      1228      1.454e+00      
      1229      1.205e+00      
      1230      1.025e+00      
      1231      8.925e-01      
      1232      7.927e-01      
      1233      7.206e-01      
      1287      6.244e-01      
      1288      6.132e-01      
      1329      5.164e-01      
      1330      5.092e-01      
      1341      4.140e-01      
      1342      3.943e-01      
      1364      4.800e-01      
      1365      5.413e-01      
      1368      4.923e-01      
      1369      4.306e-01      
      1384      3.310e-01      
      1385      3.304e-01      
      1555      2.304e-01      
      1556      2.301e-01      
      1987      2.619e-01      
      1988      3.502e-01      
      1989      4.757e-01      
      1990      5.968e-01      
      1992      6.074e-01      
      1993      4.916e-01      
      1994      3.655e-01      
      1995      2.732e-01      
      1996      2.224e-01      
      2096      3.200e-01      
      2097      4.329e-01      
      2098      5.556e-01      
      2101      5.076e-01      
      2102      3.872e-01      
      2103      2.945e-01      
      2104      2.430e-01      
      2198      2.907e-01      
      2199      3.641e-01      
      2200      4.979e-01      
      2201      6.728e-01      
      2202      8.186e-01      
      2204      7.596e-01      
      2205      5.931e-01      
      2206      4.411e-01      
      2207      3.521e-01      
      2208      3.252e-01      
      2391      2.260e-01      
      2392      2.240e-01      
      2408      3.207e-01      
      2409      3.538e-01      
      2424      4.234e-01      
      2425      4.798e-01      
      2427      5.789e-01      
      2428      6.033e-01      
      2431      5.460e-01      
      2432      5.024e-01      
      2434      4.202e-01      
      2435      3.918e-01      
      2501      2.940e-01      
      2502      2.913e-01      
      3094      3.397e-01      
      3095      3.963e-01      
      3103      3.126e-01      
      3104      2.878e-01      
      3343      2.677e-01      
      3344      4.184e-01      
      3345      7.552e-01      
      3346      1.316e+00      
      3347      1.981e+00      
      3348      2.469e+00      
      3349      2.530e+00      
      3350      2.157e+00      
      3351      1.587e+00      
      3352      1.086e+00      
      3353      7.797e-01      
      3354      6.501e-01      
      3359      7.485e-01      
      3360      8.150e-01      
      3361      8.992e-01      
      3362      9.844e-01      
      3363      1.054e+00      
      3364      1.098e+00      
      3382      1.042e+00      
      3383      9.872e-01      
      3384      9.307e-01      
      3385      8.808e-01      
      3393      9.453e-01      
      3394      1.122e+00      
      3395      1.394e+00      
      3396      1.698e+00      
      3397      1.931e+00      
      3398      2.031e+00      
      3400      2.065e+00      
      3401      2.168e+00      
      3402      2.337e+00      
      3403      2.505e+00      
      3404      2.610e+00      
      3406      2.538e+00      
      3407      2.395e+00      
      3408      2.224e+00      
      3409      2.055e+00      
      3410      1.910e+00      
      3411      1.798e+00      
      3412      1.718e+00      
      3413      1.662e+00      
      3415      1.565e+00      
      3416      1.510e+00      
      3418      1.414e+00      
      3419      1.391e+00      
      3422      1.443e+00      
      3423      1.511e+00      
      3424      1.605e+00      
      3425      1.697e+00      
      3440      1.624e+00      
      3441      1.580e+00      
      3443      1.491e+00      
      3444      1.447e+00      
      3446      1.371e+00      
      3447      1.341e+00      
      3453      1.430e+00      
      3454      1.441e+00      
      3456      1.382e+00      
      3457      1.331e+00      
      3459      1.234e+00      
      3460      1.198e+00      
      3477      1.104e+00      
      3478      1.090e+00      
      3483      9.954e-01      
      3484      9.807e-01      
      3488      8.893e-01      
      3489      8.692e-01      
      3507      7.725e-01      
      3508      7.681e-01      
      3515      6.862e-01      
      3516      6.653e-01      
      3549      7.393e-01      
      3550      9.077e-01      
      3551      1.122e+00      
      3552      1.327e+00      
      3553      1.502e+00      
      3554      1.698e+00      
      3555      1.998e+00      
      3556      2.422e+00      
      3557      2.894e+00      
      3558      3.323e+00      
      3559      3.703e+00      
      3560      4.142e+00      
      3561      4.754e+00      
      3562      5.510e+00      
      3563      6.211e+00      
      3564      6.614e+00      
      3565      6.586e+00      
      3566      6.162e+00      
      3567      5.489e+00      
      3568      4.738e+00      
      3569      4.042e+00      
      3570      3.472e+00      
      3571      3.056e+00      
      3572      2.789e+00      
      3573      2.645e+00      
      3578      2.547e+00      
      3579      2.488e+00      
      3580      2.406e+00      
      3581      2.309e+00      
      3582      2.207e+00      
      3583      2.111e+00      
      3584      2.029e+00      
      3585      1.965e+00      
      3586      1.921e+00      
      3589      1.831e+00      
      3590      1.780e+00      
      3591      1.716e+00      
      3592      1.646e+00      
      3593      1.581e+00      
      3594      1.524e+00      
      3596      1.435e+00      
      3597      1.399e+00      
      3600      1.302e+00      
      3601      1.274e+00      
      3607      1.187e+00      
      3608      1.168e+00      
      3620      1.071e+00      
      3621      1.061e+00      


3624   1.061e+00