0.0      1.000e-01      
      1      1.000e-01      
      35      1.341e-01      
      36      2.035e-01      
      40      1.294e-01      
      41      1.000e-01      
      368      1.670e-01      
      369      2.896e-01      
      370      4.025e-01      
      373      3.138e-01      
      374      2.066e-01      
      375      1.250e-01      
      376      1.000e-01      
      412      1.148e-01      
      413      2.210e-01      
      414      3.371e-01      
      417      3.275e-01      
      418      2.277e-01      
      419      1.444e-01      
      420      1.000e-01      
      422      1.342e-01      
      423      2.856e-01      
      424      5.727e-01      
      425      9.599e-01      
      426      1.309e+00      
      427      1.449e+00      
      428      1.312e+00      
      429      9.865e-01      
      430      6.336e-01      
      431      3.643e-01      
      432      2.007e-01      
      433      1.139e-01      
      434      1.000e-01      
      464      1.946e-01      
      465      2.197e-01      
      474      3.196e-01      
      475      3.236e-01      
      480      4.145e-01      
      481      4.408e-01      
      490      5.329e-01      
      491      5.675e-01      
      493      6.491e-01      
      494      6.798e-01      
      524      5.803e-01      
      525      5.703e-01      
      569      4.856e-01      
      570      4.556e-01      
      588      3.664e-01      
      589      3.519e-01      
      615      2.536e-01      
      616      2.407e-01      
      679      1.476e-01      
      680      1.300e-01      
      1067      1.448e-01      
      1068      3.368e-01      
      1069      6.238e-01      
      1070      9.229e-01      
      1071      1.096e+00      
      1072      1.054e+00      
      1073      8.334e-01      
      1074      5.565e-01      
      1075      3.280e-01      
      1076      1.824e-01      
      1206      2.751e-01      
      1207      6.822e-01      
      1208      1.351e+00      
      1209      2.161e+00      
      1210      2.831e+00      
      1211      3.111e+00      
      1212      2.954e+00      
      1213      2.505e+00      
      1214      1.955e+00      
      1215      1.432e+00      
      1216      9.948e-01      
      1217      6.581e-01      
      1218      4.172e-01      
      1219      2.561e-01      
      1220      1.553e-01      
      1989      2.420e-01      
      1990      2.698e-01      
      1992      1.985e-01      
      1993      1.377e-01      
      2097      2.035e-01      
      2098      3.608e-01      
      2099      5.330e-01      
      2100      6.609e-01      
      2102      6.093e-01      
      2103      4.597e-01      
      2104      3.044e-01      
      2105      1.857e-01      
      2196      1.209e-01      
      2197      3.034e-01      
      2198      6.453e-01      
      2199      1.150e+00      
      2200      1.697e+00      
      2201      2.059e+00      
      2202      2.051e+00      
      2203      1.687e+00      
      2204      1.164e+00      
      2205      6.943e-01      
      2206      3.766e-01      
      2207      1.997e-01      
      2411      2.491e-01      
      2412      3.384e-01      
      2413      5.048e-01      
      2414      7.347e-01      
      2415      9.421e-01      
      2417      9.476e-01      
      2418      7.612e-01      
      2419      5.492e-01      
      2420      3.709e-01      
      2421      2.467e-01      
      2422      1.710e-01      
      2423      1.273e-01      
      2567      1.593e-01      
      2568      2.485e-01      
      2573      1.894e-01      
      2574      1.416e-01      
      2948      1.634e-01      
      2949      3.728e-01      
      2950      6.754e-01      
      2951      9.736e-01      
      2952      1.121e+00      
      2953      1.041e+00      
      2954      7.901e-01      
      2955      5.058e-01      
      2956      2.878e-01      
      2957      1.578e-01      
      3149      2.570e-01      
      3150      3.493e-01      
      3153      2.864e-01      
      3154      1.909e-01      
      3394      1.288e-01      
      3395      3.053e-01      
      3396      5.810e-01      
      3397      8.910e-01      
      3398      1.108e+00      
      3399      1.125e+00      
      3400      9.448e-01      
      3401      6.688e-01      
      3402      4.112e-01      
      3403      2.305e-01      
      3404      1.262e-01      


3624   1.262e-01