0.0      1.000e-01      
      1      1.000e-01      
      36      1.797e-01      
      37      2.346e-01      
      41      1.395e-01      
      42      1.000e-01      
      363      1.178e-01      
      364      3.328e-01      
      365      8.163e-01      
      366      1.637e+00      
      367      2.649e+00      
      368      3.460e+00      
      369      3.666e+00      
      370      3.186e+00      
      371      2.309e+00      
      372      1.432e+00      
      373      7.924e-01      
      374      4.152e-01      
      375      2.217e-01      
      376      1.283e-01      
      377      1.000e-01      
      386      1.931e-01      
      387      3.259e-01      
      388      4.974e-01      
      389      6.861e-01      
      390      8.645e-01      
      391      1.011e+00      
      392      1.115e+00      
      394      1.209e+00      
      395      1.225e+00      
      397      1.324e+00      
      398      1.453e+00      
      399      1.626e+00      
      400      1.800e+00      
      401      1.928e+00      
      407      2.005e+00      
      408      2.064e+00      
      409      2.156e+00      
      410      2.302e+00      
      411      2.530e+00      
      412      2.863e+00      
      413      3.306e+00      
      414      3.829e+00      
      415      4.373e+00      
      416      4.867e+00      
      417      5.267e+00      
      418      5.574e+00      
      419      5.843e+00      
      420      6.141e+00      
      421      6.513e+00      
      422      6.984e+00      
      423      7.556e+00      
      424      8.181e+00      
      425      8.740e+00      
      426      9.096e+00      
      428      9.090e+00      
      429      8.896e+00      
      430      8.693e+00      
      431      8.512e+00      
      432      8.355e+00      
      433      8.209e+00      
      434      8.057e+00      
      435      7.869e+00      
      436      7.618e+00      
      437      7.298e+00      
      438      6.934e+00      
      439      6.565e+00      
      440      6.219e+00      
      441      5.908e+00      
      442      5.619e+00      
      443      5.340e+00      
      444      5.056e+00      
      445      4.768e+00      
      446      4.482e+00      
      447      4.203e+00      
      448      3.935e+00      
      449      3.674e+00      
      450      3.422e+00      
      451      3.187e+00      
      452      2.976e+00      
      453      2.795e+00      
      454      2.643e+00      
      455      2.515e+00      
      456      2.405e+00      
      457      2.312e+00      
      458      2.232e+00      
      459      2.163e+00      
      460      2.096e+00      
      461      2.025e+00      
      462      1.952e+00      
      463      1.878e+00      
      464      1.808e+00      
      465      1.741e+00      
      466      1.675e+00      
      467      1.607e+00      
      468      1.532e+00      
      469      1.450e+00      
      470      1.361e+00      
      471      1.266e+00      
      472      1.170e+00      
      473      1.076e+00      
      474      9.875e-01      
      475      9.042e-01      
      476      8.241e-01      
      477      7.476e-01      
      478      6.782e-01      
      479      6.204e-01      
      480      5.770e-01      
      484      4.894e-01      
      485      4.754e-01      
      500      3.853e-01      
      501      3.673e-01      
      517      2.762e-01      
      518      2.655e-01      
      530      1.664e-01      
      531      1.641e-01      
      1067      1.118e-01      
      1068      2.691e-01      
      1069      5.749e-01      
      1070      1.029e+00      
      1071      1.516e+00      
      1072      1.834e+00      
      1073      1.830e+00      
      1074      1.528e+00      
      1075      1.105e+00      
      1076      7.415e-01      
      1077      5.234e-01      
      1084      4.659e-01      
      1085      4.202e-01      
      1086      3.648e-01      
      1087      3.083e-01      
      1089      2.202e-01      
      1090      1.924e-01      
      1206      1.696e-01      
      1207      3.794e-01      
      1208      7.822e-01      
      1209      1.388e+00      
      1210      2.094e+00      
      1211      2.710e+00      
      1212      3.071e+00      
      1214      2.999e+00      
      1215      2.824e+00      
      1218      2.919e+00      
      1219      3.116e+00      
      1220      3.314e+00      
      1221      3.481e+00      
      1222      3.603e+00      
      1223      3.679e+00      
      1224      3.715e+00      
      1227      3.659e+00      
      1228      3.612e+00      
      1230      3.517e+00      
      1231      3.468e+00      
      1232      3.417e+00      
      1233      3.364e+00      
      1234      3.312e+00      
      1235      3.259e+00      
      1236      3.205e+00      
      1237      3.148e+00      
      1238      3.090e+00      
      1239      3.033e+00      
      1240      2.980e+00      
      1241      2.927e+00      
      1242      2.872e+00      
      1243      2.806e+00      
      1244      2.721e+00      
      1245      2.613e+00      
      1246      2.486e+00      
      1247      2.350e+00      
      1248      2.221e+00      
      1249      2.111e+00      
      1250      2.025e+00      
      1251      1.961e+00      
      1253      1.870e+00      
      1254      1.825e+00      
      1255      1.772e+00      
      1256      1.709e+00      
      1257      1.641e+00      
      1258      1.573e+00      
      1259      1.512e+00      
      1260      1.458e+00      
      1262      1.358e+00      
      1263      1.308e+00      
      1264      1.255e+00      
      1265      1.201e+00      
      1266      1.145e+00      
      1267      1.085e+00      
      1268      1.018e+00      
      1269      9.478e-01      
      1270      8.766e-01      
      1271      8.097e-01      
      1272      7.520e-01      
      1273      7.063e-01      
      1276      6.273e-01      
      1277      6.053e-01      
      1280      5.142e-01      
      1281      4.861e-01      
      1289      4.026e-01      
      1290      3.762e-01      
      1293      2.766e-01      
      1294      2.462e-01      
      1318      1.555e-01      
      1319      1.414e-01      
      1984      1.573e-01      
      1985      4.002e-01      
      1986      8.610e-01      
      1987      1.510e+00      
      1988      2.144e+00      
      1989      2.467e+00      
      1990      2.318e+00      
      1991      1.804e+00      
      1992      1.191e+00      
      1993      6.943e-01      
      1994      3.822e-01      
      1995      2.198e-01      
      2010      1.294e-01      
      2011      1.128e-01      
      2095      2.114e-01      
      2096      4.789e-01      
      2097      9.289e-01      
      2098      1.485e+00      
      2099      1.947e+00      
      2100      2.118e+00      
      2101      1.958e+00      
      2102      1.610e+00      
      2103      1.278e+00      
      2104      1.091e+00      
      2106      1.138e+00      
      2107      1.242e+00      
      2108      1.322e+00      
      2109      1.355e+00      
      2111      1.292e+00      
      2112      1.228e+00      
      2113      1.163e+00      
      2114      1.106e+00      
      2120      1.009e+00      
      2121      1.001e+00      
      2125      9.148e-01      
      2126      8.815e-01      
      2128      7.947e-01      
      2129      7.403e-01      
      2130      6.801e-01      
      2131      6.177e-01      
      2132      5.579e-01      
      2133      5.050e-01      
      2136      4.051e-01      
      2137      3.884e-01      
      2153      3.014e-01      
      2154      2.738e-01      
      2157      1.837e-01      
      2158      1.565e-01      
      2196      1.786e-01      
      2197      3.402e-01      
      2198      6.994e-01      
      2199      1.329e+00      
      2200      2.189e+00      
      2201      3.072e+00      
      2202      3.679e+00      
      2203      3.817e+00      
      2204      3.533e+00      
      2205      3.076e+00      
      2206      2.711e+00      
      2207      2.561e+00      
      2208      2.603e+00      
      2209      2.739e+00      
      2210      2.883e+00      
      2211      2.988e+00      
      2216      2.907e+00      
      2217      2.858e+00      
      2218      2.810e+00      
      2219      2.756e+00      
      2220      2.690e+00      
      2221      2.609e+00      
      2222      2.514e+00      
      2223      2.409e+00      
      2224      2.300e+00      
      2225      2.189e+00      
      2226      2.076e+00      
      2227      1.957e+00      
      2228      1.829e+00      
      2229      1.698e+00      
      2230      1.574e+00      
      2231      1.467e+00      
      2232      1.385e+00      
      2233      1.327e+00      
      2238      1.233e+00      
      2239      1.223e+00      
      2244      1.136e+00      
      2245      1.096e+00      
      2246      1.047e+00      
      2247      9.907e-01      
      2248      9.295e-01      
      2249      8.637e-01      
      2250      7.946e-01      
      2251      7.248e-01      
      2252      6.577e-01      
      2253      5.967e-01      
      2255      5.030e-01      
      2256      4.723e-01      
      2267      3.810e-01      
      2268      3.568e-01      
      2272      2.629e-01      
      2273      2.379e-01      
      2278      1.383e-01      
      2279      1.300e-01      
      2410      1.877e-01      
      2411      2.360e-01      
      2427      1.400e-01      
      2428      1.242e-01      
      2588      1.422e-01      
      2589      2.545e-01      
      2590      4.136e-01      
      2591      5.712e-01      
      2594      5.156e-01      
      2595      3.733e-01      
      2596      2.546e-01      
      2597      1.767e-01      
      2598      1.329e-01      
      2857      2.010e-01      
      2858      2.907e-01      
      2862      2.344e-01      
      2863      1.638e-01      
      3343      2.267e-01      
      3344      4.782e-01      
      3345      8.323e-01      
      3346      1.176e+00      
      3347      1.346e+00      
      3348      1.258e+00      
      3349      9.742e-01      
      3350      6.427e-01      
      3351      3.790e-01      
      3352      2.147e-01      
      3353      1.271e-01      
      3354      1.000e-01      


3624   1.000e-01