0.0      1.000e-01      
      1      1.000e-01      
      37      1.563e-01      
      38      2.416e-01      
      42      1.779e-01      
      43      1.135e-01      
      414      1.791e-01      
      415      3.372e-01      
      416      5.122e-01      
      417      6.249e-01      
      418      6.167e-01      
      419      5.006e-01      
      420      3.453e-01      
      421      2.153e-01      
      422      1.363e-01      
      423      1.070e-01      
      424      1.273e-01      
      425      2.108e-01      
      426      3.663e-01      
      427      5.645e-01      
      428      7.296e-01      
      430      7.121e-01      
      431      5.671e-01      
      432      4.254e-01      
      433      3.338e-01      
      434      2.995e-01      
      436      3.468e-01      
      437      4.014e-01      
      438      4.664e-01      
      439      5.375e-01      
      440      6.127e-01      
      441      6.914e-01      
      442      7.742e-01      
      443      8.595e-01      
      444      9.428e-01      
      445      1.018e+00      
      447      1.116e+00      
      448      1.131e+00      
      452      1.044e+00      
      453      1.018e+00      
      470      9.403e-01      
      471      8.987e-01      
      472      8.502e-01      
      473      7.944e-01      
      474      7.333e-01      
      475      6.723e-01      
      477      5.810e-01      
      478      5.602e-01      
      499      4.922e-01      
      500      4.473e-01      
      502      3.645e-01      
      503      3.383e-01      
      510      2.412e-01      
      511      2.294e-01      
      523      1.452e-01      
      524      1.287e-01      
      1069      1.432e-01      
      1070      2.820e-01      
      1071      4.402e-01      
      1072      5.486e-01      
      1074      4.560e-01      
      1075      3.183e-01      
      1076      1.965e-01      
      1211      2.253e-01      
      1212      3.976e-01      
      1213      6.018e-01      
      1214      7.702e-01      
      1216      7.642e-01      
      1217      6.090e-01      
      1218      4.326e-01      
      1219      2.839e-01      
      1220      1.792e-01      
      1245      2.734e-01      
      1246      2.872e-01      
      1253      3.869e-01      
      1254      3.917e-01      
      1266      3.021e-01      
      1267      2.753e-01      
      1287      1.839e-01      
      1288      1.743e-01      
      1993      1.790e-01      
      1994      2.770e-01      
      1998      2.002e-01      
      1999      1.274e-01      
      2196      1.419e-01      
      2197      3.370e-01      
      2198      6.418e-01      
      2199      9.871e-01      
      2200      1.241e+00      
      2202      1.172e+00      
      2203      9.333e-01      
      2204      6.748e-01      
      2205      4.496e-01      
      2206      2.788e-01      
      2207      1.644e-01      
      2240      2.471e-01      
      2241      2.692e-01      
      2264      1.742e-01      
      2265      1.541e-01      
      2409      2.102e-01      
      2410      3.288e-01      
      2411      4.154e-01      
      2412      4.379e-01      
      2420      4.039e-01      
      2421      3.259e-01      
      2422      2.353e-01      
      2423      1.550e-01      
      2440      2.493e-01      
      2441      2.677e-01      
      2467      1.790e-01      
      2468      1.625e-01      
      3397      2.269e-01      
      3398      4.975e-01      
      3399      8.832e-01      
      3400      1.270e+00      
      3401      1.486e+00      
      3402      1.424e+00      
      3403      1.131e+00      
      3404      7.597e-01      
      3405      4.450e-01      
      3406      2.390e-01      
      3407      1.258e-01      
      3552      1.013e-01      
      3553      2.650e-01      
      3554      5.518e-01      
      3555      9.189e-01      
      3556      1.231e+00      
      3557      1.338e+00      
      3558      1.193e+00      
      3559      8.876e-01      
      3560      5.649e-01      
      3561      3.201e-01      
      3562      1.713e-01      
      3589      2.544e-01      
      3590      2.749e-01      
      3617      1.753e-01      
      3618      1.572e-01      


3624   1.572e-01