0.0      1.000e-01      
      1      1.000e-01      
      367      1.159e-01      
      368      2.200e-01      
      369      3.782e-01      
      370      5.479e-01      
      371      6.555e-01      
      373      5.681e-01      
      374      4.566e-01      
      375      3.632e-01      
      376      2.949e-01      
      385      3.662e-01      
      386      4.003e-01      
      391      4.874e-01      
      392      5.022e-01      
      399      5.959e-01      
      400      6.083e-01      
      410      6.466e-01      
      411      7.316e-01      
      412      8.884e-01      
      413      1.096e+00      
      414      1.287e+00      
      417      1.240e+00      
      418      1.134e+00      
      421      1.216e+00      
      422      1.338e+00      
      423      1.532e+00      
      424      1.832e+00      
      425      2.194e+00      
      426      2.485e+00      
      428      2.413e+00      
      429      2.123e+00      
      430      1.836e+00      
      431      1.641e+00      
      437      1.722e+00      
      438      1.747e+00      
      442      1.666e+00      
      443      1.619e+00      
      444      1.567e+00      
      445      1.514e+00      
      447      1.416e+00      
      448      1.375e+00      
      450      1.303e+00      
      451      1.273e+00      
      456      1.177e+00      
      457      1.163e+00      
      461      1.077e+00      
      462      1.057e+00      
      469      9.577e-01      
      470      9.228e-01      
      472      8.352e-01      
      473      7.899e-01      
      475      7.051e-01      
      476      6.656e-01      
      478      5.896e-01      
      479      5.522e-01      
      482      4.552e-01      
      483      4.323e-01      
      492      3.386e-01      
      493      3.277e-01      
      498      2.340e-01      
      499      2.172e-01      
      521      1.178e-01      
      522      1.159e-01      
      541      1.971e-01      
      542      2.259e-01      
      551      1.474e-01      
      552      1.228e-01      
      1068      1.166e-01      
      1069      2.682e-01      
      1070      4.891e-01      
      1071      7.083e-01      
      1072      8.168e-01      
      1073      7.536e-01      
      1074      5.615e-01      
      1075      3.438e-01      
      1076      1.789e-01      
      1207      2.170e-01      
      1208      4.671e-01      
      1209      8.199e-01      
      1210      1.191e+00      
      1211      1.459e+00      
      1213      1.412e+00      
      1214      1.154e+00      
      1215      8.483e-01      
      1216      5.667e-01      
      1217      3.512e-01      
      1218      2.108e-01      
      1219      1.332e-01      
      1220      1.000e-01      
      1227      1.781e-01      
      1228      2.036e-01      
      1232      2.905e-01      
      1233      3.068e-01      
      1236      3.941e-01      
      1237      4.647e-01      
      1238      5.621e-01      
      1239      6.754e-01      
      1240      7.858e-01      
      1241      8.760e-01      
      1242      9.372e-01      
      1265      8.454e-01      
      1266      8.144e-01      
      1269      7.165e-01      
      1270      6.867e-01      
      1275      5.902e-01      
      1276      5.769e-01      
      1285      4.811e-01      
      1286      4.632e-01      
      1290      3.822e-01      
      1291      3.599e-01      
      1296      2.671e-01      
      1297      2.589e-01      
      1316      1.617e-01      
      1317      1.413e-01      
      1990      2.188e-01      
      1991      2.566e-01      
      1993      2.059e-01      
      1994      1.484e-01      
      2099      2.482e-01      
      2100      2.499e-01      
      2101      2.053e-01      
      2102      1.409e-01      
      2197      1.320e-01      
      2198      2.630e-01      
      2199      4.706e-01      
      2200      7.503e-01      
      2201      1.043e+00      
      2202      1.233e+00      
      2203      1.219e+00      
      2204      9.993e-01      
      2205      6.790e-01      
      2206      3.870e-01      
      2207      1.909e-01      
      2407      1.805e-01      
      2408      3.195e-01      
      2409      4.639e-01      
      2410      5.615e-01      
      2411      5.975e-01      
      2414      6.938e-01      
      2415      7.086e-01      
      2416      6.569e-01      
      2417      5.495e-01      
      2418      4.206e-01      
      2419      3.002e-01      
      2420      2.063e-01      
      2421      1.464e-01      
      2428      2.205e-01      
      2429      2.517e-01      
      2496      1.558e-01      
      2497      1.501e-01      
      2568      2.022e-01      
      2569      3.555e-01      
      2570      5.159e-01      
      2573      4.943e-01      
      2574      3.421e-01      
      2575      2.075e-01      
      2576      1.174e-01      
      2577      1.000e-01      
      2948      1.475e-01      
      2949      2.836e-01      
      2950      4.290e-01      
      2953      3.747e-01      
      2954      2.372e-01      
      2955      1.290e-01      
      3142      1.509e-01      
      3143      2.910e-01      
      3144      4.542e-01      
      3145      5.789e-01      
      3147      5.536e-01      
      3148      4.497e-01      
      3149      3.497e-01      
      3150      2.707e-01      
      3151      2.047e-01      
      3152      1.445e-01      
      3344      1.849e-01      
      3345      5.015e-01      
      3346      1.081e+00      
      3347      1.856e+00      
      3348      2.542e+00      
      3349      2.785e+00      
      3350      2.449e+00      
      3351      1.739e+00      
      3352      1.009e+00      
      3353      4.894e-01      
      3354      2.075e-01      
      3355      1.000e-01      
      3393      1.982e-01      
      3394      3.228e-01      
      3395      4.862e-01      
      3396      6.460e-01      
      3399      6.462e-01      
      3400      5.083e-01      
      3401      3.817e-01      
      3402      2.958e-01      
      3403      2.517e-01      
      3410      3.497e-01      
      3411      3.678e-01      
      3418      4.500e-01      
      3419      4.768e-01      
      3425      3.957e-01      
      3426      3.721e-01      
      3429      4.720e-01      
      3430      5.631e-01      
      3435      4.654e-01      
      3436      4.230e-01      
      3471      3.470e-01      
      3472      3.135e-01      
      3474      2.417e-01      
      3475      2.117e-01      
      3497      1.161e-01      
      3498      1.102e-01      
      3549      1.459e-01      
      3550      3.353e-01      
      3551      6.805e-01      
      3552      1.170e+00      
      3553      1.689e+00      
      3554      2.060e+00      
      3556      1.990e+00      
      3557      1.664e+00      
      3558      1.290e+00      
      3559      9.330e-01      
      3560      6.211e-01      
      3561      3.771e-01      
      3562      2.138e-01      
      3563      1.250e-01      
      3564      1.000e-01      
      3578      1.988e-01      
      3579      2.015e-01      
      3604      2.989e-01      
      3605      3.115e-01      
      3618      2.222e-01      
      3619      1.956e-01      


3624   1.956e-01