0.0      1.000e-01      
      1      1.000e-01      
      361      1.694e-01      
      362      3.351e-01      
      363      5.372e-01      
      364      6.936e-01      
      366      6.160e-01      
      367      4.356e-01      
      368      2.645e-01      
      369      1.463e-01      
      2093      1.146e-01      
      2094      2.741e-01      
      2095      5.364e-01      
      2096      8.414e-01      
      2097      1.056e+00      
      2098      1.064e+00      
      2099      8.700e-01      
      2100      5.868e-01      
      2101      3.368e-01      
      2102      1.742e-01      
      2559      1.914e-01      
      2560      4.304e-01      
      2561      8.126e-01      
      2562      1.241e+00      
      2563      1.524e+00      
      2564      1.517e+00      
      2565      1.243e+00      
      2566      8.593e-01      
      2567      5.197e-01      
      2568      2.880e-01      
      2569      1.553e-01      
      3534      1.165e-01      
      3535      2.708e-01      
      3536      5.106e-01      
      3537      7.656e-01      
      3538      9.104e-01      
      3539      8.628e-01      
      3540      6.594e-01      
      3541      4.160e-01      
      3542      2.265e-01      
      3543      1.154e-01      


3624   1.154e-01