0.0      1.000e-01      
      1      1.000e-01      
      366      1.653e-01      
      367      2.180e-01      
      368      2.924e-01      
      369      3.818e-01      
      370      4.654e-01      
      371      5.189e-01      
      378      4.315e-01      
      379      3.914e-01      
      381      3.127e-01      
      382      2.897e-01      
      385      3.384e-01      
      386      3.900e-01      
      387      4.474e-01      
      388      4.990e-01      
      391      5.904e-01      
      392      6.141e-01      
      403      6.894e-01      
      404      7.371e-01      
      406      8.228e-01      
      407      8.597e-01      
      409      9.448e-01      
      410      1.039e+00      
      411      1.210e+00      
      412      1.464e+00      
      413      1.763e+00      
      414      2.027e+00      
      415      2.184e+00      
      420      2.259e+00      
      421      2.382e+00      
      422      2.576e+00      
      423      2.867e+00      
      424      3.247e+00      
      425      3.653e+00      
      426      3.992e+00      
      427      4.209e+00      
      428      4.308e+00      
      429      4.321e+00      
      430      4.269e+00      
      431      4.154e+00      
      432      3.979e+00      
      433      3.763e+00      
      434      3.539e+00      
      435      3.333e+00      
      436      3.160e+00      
      437      3.013e+00      
      438      2.882e+00      
      439      2.756e+00      
      440      2.636e+00      
      441      2.542e+00      
      442      2.483e+00      
      444      2.406e+00      
      445      2.323e+00      
      446      2.192e+00      
      447      2.030e+00      
      448      1.858e+00      
      449      1.694e+00      
      450      1.548e+00      
      451      1.423e+00      
      452      1.323e+00      
      453      1.245e+00      
      454      1.187e+00      
      456      1.110e+00      
      457      1.082e+00      
      460      9.870e-01      
      461      9.427e-01      
      462      8.906e-01      
      463      8.348e-01      
      465      7.449e-01      
      466      7.235e-01      
      473      6.385e-01      
      474      6.054e-01      
      477      5.067e-01      
      478      4.823e-01      
      481      4.056e-01      
      482      3.776e-01      
      494      2.848e-01      
      495      2.759e-01      
      500      1.822e-01      
      501      1.721e-01      
      1068      1.510e-01      
      1069      2.832e-01      
      1070      4.388e-01      
      1071      5.549e-01      
      1073      4.690e-01      
      1074      3.131e-01      
      1075      1.714e-01      
      1207      1.757e-01      
      1208      3.541e-01      
      1209      5.855e-01      
      1210      8.084e-01      
      1211      9.572e-01      
      1216      1.056e+00      
      1217      1.201e+00      
      1218      1.387e+00      
      1219      1.578e+00      
      1220      1.742e+00      
      1221      1.863e+00      
      1222      1.934e+00      
      1223      1.964e+00      
      1235      1.916e+00      
      1236      1.849e+00      
      1237      1.788e+00      
      1238      1.737e+00      
      1240      1.651e+00      
      1241      1.598e+00      
      1242      1.530e+00      
      1243      1.452e+00      
      1244      1.377e+00      
      1245      1.312e+00      
      1247      1.218e+00      
      1248      1.184e+00      
      1252      1.095e+00      
      1253      1.078e+00      
      1256      9.865e-01      
      1257      9.332e-01      
      1258      8.726e-01      
      1259      8.100e-01      
      1260      7.493e-01      
      1261      6.931e-01      
      1262      6.412e-01      
      1263      5.904e-01      
      1264      5.367e-01      
      1265      4.799e-01      
      1266      4.250e-01      
      1267      3.791e-01      
      1275      2.815e-01      
      1276      2.766e-01      
      1288      1.847e-01      
      1289      1.631e-01      
      2098      2.435e-01      
      2099      3.210e-01      
      2101      3.021e-01      
      2102      2.196e-01      
      2103      1.345e-01      
      2104      1.000e-01      
      2196      1.065e-01      
      2197      2.341e-01      
      2198      4.218e-01      
      2199      6.348e-01      
      2200      8.150e-01      
      2204      7.272e-01      
      2205      6.949e-01      
      2206      7.642e-01      
      2207      9.196e-01      
      2208      1.110e+00      
      2209      1.285e+00      
      2210      1.411e+00      
      2217      1.346e+00      
      2218      1.294e+00      
      2220      1.196e+00      
      2221      1.153e+00      
      2223      1.073e+00      
      2224      1.029e+00      
      2226      9.292e-01      
      2227      8.842e-01      
      2232      7.894e-01      
      2233      7.777e-01      
      2241      6.911e-01      
      2242      6.638e-01      
      2244      5.846e-01      
      2245      5.418e-01      
      2247      4.649e-01      
      2248      4.330e-01      
      2252      3.416e-01      
      2253      3.265e-01      
      2262      2.299e-01      
      2263      2.056e-01      
      2274      1.078e-01      
      2275      1.000e-01      
      2406      1.221e-01      
      2407      2.344e-01      
      2408      3.650e-01      
      2409      4.728e-01      
      2410      5.381e-01      
      2411      5.908e-01      
      2412      6.863e-01      
      2413      8.540e-01      
      2414      1.077e+00      
      2415      1.320e+00      
      2416      1.567e+00      
      2417      1.818e+00      
      2418      2.075e+00      
      2419      2.333e+00      
      2420      2.578e+00      
      2421      2.781e+00      
      2422      2.914e+00      
      2424      3.009e+00      
      2425      3.058e+00      
      2426      3.148e+00      
      2427      3.262e+00      
      2428      3.360e+00      
      2429      3.406e+00      
      2431      3.315e+00      
      2432      3.201e+00      
      2433      3.061e+00      
      2434      2.902e+00      
      2435      2.736e+00      
      2436      2.577e+00      
      2437      2.435e+00      
      2438      2.306e+00      
      2439      2.180e+00      
      2440      2.049e+00      
      2441      1.916e+00      
      2442      1.794e+00      
      2443      1.689e+00      
      2444      1.603e+00      
      2445      1.529e+00      
      2446      1.462e+00      
      2447      1.399e+00      
      2448      1.342e+00      
      2449      1.290e+00      
      2451      1.200e+00      
      2452      1.158e+00      
      2454      1.077e+00      
      2455      1.037e+00      
      2457      9.556e-01      
      2458      9.154e-01      
      2460      8.364e-01      
      2461      7.955e-01      
      2463      7.016e-01      
      2464      6.495e-01      
      2465      5.960e-01      
      2466      5.416e-01      
      2467      4.872e-01      
      2468      4.348e-01      
      2470      3.497e-01      
      2471      3.227e-01      
      2485      2.362e-01      
      2486      2.193e-01      
      2492      1.275e-01      
      2493      1.071e-01      
      2569      1.431e-01      
      2570      2.150e-01      
      2577      3.146e-01      
      2578      3.598e-01      
      2597      2.645e-01      
      2598      2.516e-01      
      2611      3.303e-01      
      2612      3.587e-01      
      2626      2.604e-01      
      2627      2.587e-01      
      2633      1.601e-01      
      2634      1.391e-01      
      3143      2.301e-01      
      3144      2.777e-01      
      3146      2.301e-01      
      3147      1.750e-01      
      3345      2.664e-01      
      3346      4.274e-01      
      3347      5.669e-01      
      3349      5.540e-01      
      3350      4.052e-01      
      3351      2.430e-01      
      3352      1.216e-01      
      3394      1.508e-01      
      3395      2.231e-01      
      3396      2.960e-01      
      3397      3.548e-01      
      3400      4.518e-01      
      3401      4.746e-01      
      3406      3.896e-01      
      3407      3.693e-01      
      3418      4.431e-01      
      3419      5.133e-01      
      3420      5.853e-01      
      3421      6.430e-01      
      3444      5.474e-01      
      3445      5.179e-01      
      3449      4.253e-01      
      3450      4.022e-01      
      3453      3.077e-01      
      3454      2.724e-01      
      3457      1.916e-01      
      3458      1.696e-01      
      3554      2.640e-01      
      3555      3.766e-01      
      3556      5.279e-01      
      3557      6.469e-01      
      3559      5.988e-01      
      3560      5.050e-01      
      3562      5.106e-01      
      3563      6.247e-01      
      3564      7.637e-01      
      3565      8.845e-01      
      3569      8.532e-01      
      3570      7.391e-01      
      3571      6.194e-01      
      3572      5.150e-01      
      3573      4.367e-01      
      3574      3.840e-01      
      3577      2.963e-01      
      3578      2.670e-01      
      3592      1.675e-01      
      3593      1.451e-01      


3624   1.451e-01