0.0      1.000e-01      
      1      1.000e-01      
      32      1.000e-01      
      33      2.287e-01      
      34      5.681e-01      
      35      1.111e+00      
      36      1.716e+00      
      37      2.105e+00      
      38      2.067e+00      
      39      1.644e+00      
      40      1.081e+00      
      41      6.076e-01      
      42      3.097e-01      
      43      1.563e-01      
      359      2.037e-01      
      360      6.004e-01      
      361      1.624e+00      
      362      3.963e+00      
      363      8.460e+00      
      364      1.542e+01      
      365      2.370e+01      
      366      3.069e+01      
      367      3.365e+01      
      368      3.158e+01      
      369      2.574e+01      
      370      1.857e+01      
      371      1.211e+01      
      372      7.320e+00      
      373      4.193e+00      
      374      2.317e+00      
      375      1.250e+00      
      376      6.646e-01      
      377      3.531e-01      
      378      1.933e-01      
      411      1.892e-01      
      412      2.987e-01      
      413      4.814e-01      
      414      7.114e-01      
      415      9.100e-01      
      417      9.425e-01      
      418      7.897e-01      
      419      6.001e-01      
      420      4.250e-01      
      421      2.905e-01      
      422      2.005e-01      
      423      1.453e-01      
      1062      2.093e-01      
      1063      3.360e-01      
      1064      5.160e-01      
      1065      8.238e-01      
      1066      1.422e+00      
      1067      2.574e+00      
      1068      4.563e+00      
      1069      7.444e+00      
      1070      1.073e+01      
      1071      1.337e+01      
      1072      1.429e+01      
      1073      1.313e+01      
      1074      1.047e+01      
      1075      7.359e+00      
      1076      4.649e+00      
      1077      2.702e+00      
      1078      1.480e+00      
      1079      7.851e-01      
      1080      4.158e-01      
      1081      2.299e-01      
      1082      1.403e-01      
      1083      1.000e-01      
      1203      1.146e-01      
      1204      4.322e-01      
      1205      1.319e+00      
      1206      3.276e+00      
      1207      6.676e+00      
      1208      1.126e+01      
      1209      1.586e+01      
      1210      1.888e+01      
      1211      1.924e+01      
      1212      1.704e+01      
      1213      1.336e+01      
      1214      9.471e+00      
      1215      6.208e+00      
      1216      3.837e+00      
      1217      2.268e+00      
      1218      1.294e+00      
      1219      7.209e-01      
      1220      4.017e-01      
      1221      2.331e-01      
      1222      1.475e-01      
      1223      1.040e-01      
      1673      1.000e-01      
      1674      3.056e-01      
      1675      9.203e-01      
      1676      2.222e+00      
      1677      4.335e+00      
      1678      6.916e+00      
      1679      9.184e+00      
      1680      1.039e+01      
      1681      1.027e+01      
      1682      9.055e+00      
      1683      7.211e+00      
      1684      5.223e+00      
      1685      3.472e+00      
      1686      2.156e+00      
      1687      1.282e+00      
      1688      7.503e-01      
      1689      4.409e-01      
      1690      2.647e-01      
      1691      1.664e-01      
      1692      1.128e-01      
      1982      1.710e-01      
      1983      4.071e-01      
      1984      7.904e-01      
      1985      1.258e+00      
      1986      1.648e+00      
      1987      1.789e+00      
      1988      1.619e+00      
      1989      1.235e+00      
      1990      8.094e-01      
      1991      4.710e-01      
      1992      2.576e-01      
      1993      1.433e-01      
      2093      1.766e-01      
      2094      4.677e-01      
      2095      1.003e+00      
      2096      1.767e+00      
      2097      2.603e+00      
      2098      3.262e+00      
      2099      3.515e+00      
      2100      3.272e+00      
      2101      2.630e+00      
      2102      1.831e+00      
      2103      1.121e+00      
      2104      6.275e-01      
      2105      3.435e-01      
      2106      1.991e-01      
      2194      1.725e-01      
      2195      5.060e-01      
      2196      1.262e+00      
      2197      2.752e+00      
      2198      5.362e+00      
      2199      9.390e+00      
      2200      1.466e+01      
      2201      2.013e+01      
      2202      2.396e+01      
      2203      2.460e+01      
      2204      2.183e+01      
      2205      1.693e+01      
      2206      1.167e+01      
      2207      7.336e+00      
      2208      4.309e+00      
      2209      2.423e+00      
      2210      1.333e+00      
      2211      7.331e-01      
      2212      4.142e-01      
      2213      2.499e-01      
      2214      1.672e-01      
      2215      1.248e-01      
      2397      1.018e-01      
      2398      2.515e-01      
      2399      4.916e-01      
      2400      7.636e-01      
      2401      9.483e-01      
      2402      9.514e-01      
      2403      7.842e-01      
      2404      5.470e-01      
      2405      3.405e-01      
      2406      2.067e-01      
      2407      1.360e-01      
      2408      1.021e-01      
      2559      1.000e-01      
      2560      3.087e-01      
      2561      1.147e+00      
      2562      3.457e+00      
      2563      8.500e+00      
      2564      1.714e+01      
      2565      2.858e+01      
      2566      3.971e+01      
      2567      4.653e+01      
      2568      4.660e+01      
      2569      4.055e+01      
      2570      3.126e+01      
      2571      2.181e+01      
      2572      1.408e+01      
      2573      8.603e+00      
      2574      5.059e+00      
      2575      2.903e+00      
      2576      1.641e+00      
      2577      9.265e-01      
      2578      5.340e-01      
      2579      3.256e-01      
      2580      2.181e-01      
      2582      1.306e-01      
      2583      1.100e-01      
      2768      1.000e-01      
      2769      2.206e-01      
      2770      5.251e-01      
      2771      1.024e+00      
      2772      1.643e+00      
      2773      2.176e+00      
      2774      2.389e+00      
      2775      2.188e+00      
      2776      1.694e+00      
      2777      1.136e+00      
      2778      6.871e-01      
      2779      3.969e-01      
      2780      2.341e-01      
      2781      1.491e-01      
      2782      1.052e-01      
      2945      1.883e-01      
      2946      3.328e-01      
      2947      4.735e-01      
      2950      4.069e-01      
      2951      2.766e-01      
      2952      1.708e-01      
      3273      2.167e-01      
      3274      4.134e-01      
      3275      6.237e-01      
      3276      7.477e-01      
      3277      7.176e-01      
      3278      5.587e-01      
      3279      3.614e-01      
      3280      2.029e-01      
      3281      1.065e-01      
      3282      1.000e-01      
      3339      1.035e-01      
      3340      2.842e-01      
      3341      6.261e-01      
      3342      1.111e+00      
      3343      1.600e+00      
      3344      1.882e+00      
      3345      1.826e+00      
      3346      1.483e+00      
      3347      1.027e+00      
      3348      6.238e-01      
      3349      3.471e-01      
      3350      1.877e-01      
      3423      2.664e-01      
      3424      4.142e-01      
      3425      5.158e-01      
      3427      4.400e-01      
      3428      3.231e-01      
      3429      2.213e-01      
      3430      1.534e-01      
      3431      1.137e-01      
      3539      1.760e-01      
      3540      2.183e-01      
      3543      1.305e-01      
      3544      1.000e-01      


3624   1.000e-01