0.0      1.000e-01      
      1      1.000e-01      
      36      1.528e-01      
      37      2.699e-01      
      38      3.960e-01      
      42      2.970e-01      
      43      2.014e-01      
      44      1.335e-01      
      45      1.000e-01      
      374      1.943e-01      
      375      2.157e-01      
      379      1.347e-01      
      380      1.017e-01      
      412      1.206e-01      
      413      2.187e-01      
      414      4.256e-01      
      415      7.489e-01      
      416      1.105e+00      
      417      1.338e+00      
      418      1.331e+00      
      419      1.109e+00      
      420      8.015e-01      
      421      5.346e-01      
      422      3.619e-01      
      425      4.535e-01      
      426      7.288e-01      
      427      1.080e+00      
      428      1.371e+00      
      430      1.337e+00      
      431      1.076e+00      
      432      8.118e-01      
      433      6.256e-01      
      434      5.315e-01      
      435      5.085e-01      
      437      5.749e-01      
      438      6.336e-01      
      439      7.032e-01      
      440      7.849e-01      
      441      8.795e-01      
      442      9.868e-01      
      443      1.105e+00      
      444      1.228e+00      
      445      1.351e+00      
      446      1.463e+00      
      447      1.552e+00      
      448      1.604e+00      
      458      1.691e+00      
      459      1.781e+00      
      460      1.886e+00      
      461      1.990e+00      
      462      2.072e+00      
      463      2.129e+00      
      466      2.220e+00      
      467      2.242e+00      
      486      2.176e+00      
      487      2.125e+00      
      488      2.067e+00      
      489      2.009e+00      
      491      1.912e+00      
      492      1.871e+00      
      494      1.790e+00      
      495      1.751e+00      
      497      1.655e+00      
      498      1.591e+00      
      499      1.514e+00      
      500      1.433e+00      
      501      1.357e+00      
      502      1.296e+00      
      510      1.207e+00      
      511      1.190e+00      
      514      1.104e+00      
      515      1.073e+00      
      518      9.761e-01      
      519      9.305e-01      
      520      8.746e-01      
      521      8.134e-01      
      522      7.552e-01      
      523      7.063e-01      
      527      6.103e-01      
      528      6.021e-01      
      540      5.110e-01      
      541      4.880e-01      
      546      3.958e-01      
      547      3.814e-01      
      560      4.799e-01      
      561      5.065e-01      
      591      4.084e-01      
      592      3.983e-01      
      596      3.157e-01      
      597      2.853e-01      
      642      1.942e-01      
      643      1.805e-01      
      1068      1.342e-01      
      1069      3.232e-01      
      1070      6.354e-01      
      1071      1.005e+00      
      1072      1.282e+00      
      1073      1.333e+00      
      1074      1.151e+00      
      1075      8.480e-01      
      1076      5.544e-01      
      1077      3.387e-01      
      1078      2.048e-01      
      1079      1.288e-01      
      1080      1.000e-01      
      1208      1.454e-01      
      1209      3.010e-01      
      1210      5.448e-01      
      1211      8.632e-01      
      1212      1.218e+00      
      1213      1.544e+00      
      1214      1.753e+00      
      1215      1.768e+00      
      1216      1.584e+00      
      1217      1.272e+00      
      1218      9.357e-01      
      1219      6.468e-01      
      1220      4.313e-01      
      1221      2.831e-01      
      1222      1.859e-01      
      1223      1.241e-01      
      1239      1.764e-01      
      1240      2.351e-01      
      1241      3.080e-01      
      1242      3.871e-01      
      1243      4.610e-01      
      1244      5.212e-01      
      1246      6.041e-01      
      1247      6.406e-01      
      1249      7.221e-01      
      1250      7.605e-01      
      1277      8.540e-01      
      1278      8.631e-01      
      1288      7.798e-01      
      1289      7.527e-01      
      1292      6.537e-01      
      1293      6.245e-01      
      1337      5.284e-01      
      1338      5.154e-01      
      1357      4.163e-01      
      1358      4.133e-01      
      1371      3.146e-01      
      1372      3.111e-01      
      1390      2.227e-01      
      1391      2.088e-01      
      1411      1.289e-01      
      1412      1.080e-01      
      1991      1.403e-01      
      1992      3.098e-01      
      1993      5.619e-01      
      1994      8.263e-01      
      1995      9.872e-01      
      1996      9.677e-01      
      1997      7.934e-01      
      1998      5.612e-01      
      1999      3.590e-01      
      2000      2.207e-01      
      2001      1.384e-01      
      2002      1.000e-01      
      2195      1.215e-01      
      2196      3.220e-01      
      2197      7.143e-01      
      2198      1.298e+00      
      2199      1.933e+00      
      2200      2.385e+00      
      2201      2.487e+00      
      2202      2.254e+00      
      2203      1.829e+00      
      2204      1.361e+00      
      2205      9.399e-01      
      2206      6.074e-01      
      2207      3.740e-01      
      2208      2.270e-01      
      2209      1.414e-01      
      2210      1.000e-01      
      2409      1.945e-01      
      2410      3.021e-01      
      2411      3.885e-01      
      2412      4.310e-01      
      2414      4.897e-01      
      2415      5.716e-01      
      2416      6.726e-01      
      2417      7.520e-01      
      2418      7.835e-01      
      2419      7.580e-01      
      2420      6.750e-01      
      2421      5.468e-01      
      2422      4.030e-01      
      2423      2.761e-01      
      2424      1.833e-01      
      2425      1.239e-01      
      2453      2.176e-01      
      2454      2.289e-01      
      2517      1.329e-01      
      2518      1.256e-01      
      2611      2.147e-01      
      2612      2.256e-01      
      2634      1.272e-01      
      2635      1.104e-01      
      3396      1.754e-01      
      3397      4.751e-01      
      3398      1.056e+00      
      3399      1.897e+00      
      3400      2.757e+00      
      3401      3.258e+00      
      3402      3.165e+00      
      3403      2.569e+00      
      3404      1.786e+00      
      3405      1.100e+00      
      3406      6.274e-01      
      3407      3.489e-01      
      3408      1.992e-01      
      3552      2.001e-01      
      3553      5.046e-01      
      3554      1.036e+00      
      3555      1.719e+00      
      3556      2.317e+00      
      3557      2.567e+00      
      3558      2.374e+00      
      3559      1.873e+00      
      3560      1.294e+00      
      3561      8.088e-01      
      3562      4.753e-01      
      3563      2.744e-01      
      3564      1.627e-01      


3624   1.627e-01