0.0      1.000e-01      
      1      1.000e-01      
      422      1.990e-01      
      423      2.325e-01      
      427      1.580e-01      
      428      1.221e-01      
      2195      1.456e-01      
      2196      5.022e-01      
      2197      1.398e+00      
      2198      3.175e+00      
      2199      5.948e+00      
      2200      9.301e+00      
      2201      1.228e+01      
      2202      1.381e+01      
      2203      1.338e+01      
      2204      1.129e+01      
      2205      8.437e+00      
      2206      5.731e+00      
      2207      3.652e+00      
      2208      2.255e+00      
      2209      1.385e+00      
      2210      8.582e-01      
      2211      5.428e-01      
      2212      3.545e-01      
      2213      2.415e-01      
      2214      1.718e-01      
      2215      1.266e-01      
      2402      1.818e-01      
      2403      2.640e-01      
      2404      3.866e-01      
      2405      5.296e-01      
      2406      6.421e-01      
      2408      6.237e-01      
      2409      5.165e-01      
      2410      3.984e-01      
      2411      2.976e-01      
      2412      2.217e-01      
      2413      1.669e-01      


3624   1.669e-01