0.0      1.000e-01      
      1      1.000e-01      
      36      1.321e-01      
      37      2.123e-01      
      43      1.262e-01      
      44      1.000e-01      
      363      1.916e-01      
      364      4.450e-01      
      365      8.378e-01      
      366      1.283e+00      
      367      1.610e+00      
      368      1.672e+00      
      369      1.460e+00      
      370      1.097e+00      
      371      7.335e-01      
      372      4.557e-01      
      373      2.760e-01      
      374      1.699e-01      
      413      2.594e-01      
      414      3.902e-01      
      415      5.190e-01      
      416      6.363e-01      
      417      7.341e-01      
      418      7.889e-01      
      419      7.706e-01      
      420      6.732e-01      
      421      5.270e-01      
      422      3.772e-01      
      423      2.552e-01      
      424      1.692e-01      
      425      1.129e-01      
      1209      1.402e-01      
      1210      2.396e-01      
      1211      3.419e-01      
      1217      2.550e-01      
      1218      2.048e-01      
      1220      1.193e-01      
      1221      1.000e-01      
      2098      1.574e-01      
      2099      2.205e-01      
      2105      1.257e-01      
      2106      1.000e-01      
      2198      1.000e-01      
      2199      2.660e-01      
      2200      5.852e-01      
      2201      1.063e+00      
      2202      1.595e+00      
      2203      1.983e+00      
      2204      2.058e+00      
      2205      1.806e+00      
      2206      1.368e+00      
      2207      9.209e-01      
      2208      5.726e-01      
      2209      3.444e-01      
      2210      2.092e-01      
      2211      1.318e-01      
      2212      1.000e-01      
      2397      1.667e-01      
      2398      4.426e-01      
      2399      9.662e-01      
      2400      1.710e+00      
      2401      2.456e+00      
      2402      2.886e+00      
      2403      2.815e+00      
      2404      2.345e+00      
      2405      1.763e+00      
      2406      1.317e+00      
      2407      1.100e+00      
      2410      1.053e+00      
      2411      9.393e-01      
      2412      7.658e-01      
      2413      5.864e-01      
      2414      4.367e-01      
      2415      3.228e-01      
      2416      2.368e-01      
      2417      1.714e-01      
      2669      2.008e-01      
      2670      3.414e-01      
      2671      4.801e-01      
      2674      4.735e-01      
      2675      3.612e-01      
      2676      2.564e-01      
      2677      1.768e-01      
      2678      1.224e-01      
      2774      2.094e-01      
      2775      3.303e-01      
      2776      4.645e-01      
      2777      5.964e-01      
      2778      7.048e-01      
      2781      6.216e-01      
      2782      4.764e-01      
      2783      3.368e-01      
      2784      2.282e-01      
      2785      1.537e-01      
      2786      1.052e-01      
      2852      1.000e-01      
      2853      2.300e-01      
      2854      5.582e-01      
      2855      1.126e+00      
      2856      1.870e+00      
      2857      2.559e+00      
      2858      2.901e+00      
      2859      2.753e+00      
      2860      2.220e+00      
      2861      1.558e+00      
      2862      9.834e-01      
      2863      5.834e-01      
      2864      3.419e-01      
      2865      2.068e-01      
      2866      1.322e-01      
      2867      1.000e-01      
      3141      1.634e-01      
      3142      2.417e-01      
      3148      1.511e-01      
      3149      1.244e-01      
      3343      1.874e-01      
      3344      3.456e-01      
      3345      5.250e-01      
      3346      6.641e-01      
      3348      6.496e-01      
      3349      5.229e-01      
      3350      3.810e-01      
      3351      2.606e-01      
      3352      1.738e-01      
      3353      1.163e-01      
      3550      2.013e-01      
      3551      2.690e-01      
      3555      2.091e-01      
      3556      1.542e-01      


3624   1.542e-01