0.0      1.000e-01      
      1      1.000e-01      
      424      1.177e-01      
      425      2.318e-01      
      426      3.808e-01      
      427      5.169e-01      
      429      5.276e-01      
      430      3.976e-01      
      431      2.503e-01      
      432      1.359e-01      
      1068      1.651e-01      
      1069      3.974e-01      
      1070      7.504e-01      
      1071      1.113e+00      
      1072      1.299e+00      
      1073      1.198e+00      
      1074      8.804e-01      
      1075      5.223e-01      
      1076      2.572e-01      
      1077      1.112e-01      
      1207      2.085e-01      
      1208      4.933e-01      
      1209      9.333e-01      
      1210      1.418e+00      
      1211      1.745e+00      
      1212      1.760e+00      
      1213      1.481e+00      
      1214      1.065e+00      
      1215      6.737e-01      
      1216      3.869e-01      
      1217      2.075e-01      
      1218      1.069e-01      
      1228      1.906e-01      
      1229      2.317e-01      
      1231      3.185e-01      
      1232      3.642e-01      
      1234      4.606e-01      
      1235      5.109e-01      
      1236      5.652e-01      
      1237      6.289e-01      
      1238      7.055e-01      
      1239      7.912e-01      
      1240      8.754e-01      
      1241      9.481e-01      
      1242      1.005e+00      
      1243      1.050e+00      
      1245      1.137e+00      
      1246      1.195e+00      
      1247      1.260e+00      
      1248      1.319e+00      
      1254      1.220e+00      
      1255      1.209e+00      
      1270      1.118e+00      
      1271      1.103e+00      
      1290      1.013e+00      
      1291      9.419e-01      
      1292      8.719e-01      
      1293      8.111e-01      
      1298      7.136e-01      
      1299      7.044e-01      
      1308      6.066e-01      
      1309      5.945e-01      
      1312      5.100e-01      
      1313      4.688e-01      
      1315      3.869e-01      
      1316      3.547e-01      
      1334      2.688e-01      
      1335      2.477e-01      
      1359      1.529e-01      
      1360      1.434e-01      
      1605      1.937e-01      
      1606      3.150e-01      
      1607      4.343e-01      
      1610      3.384e-01      
      1611      2.205e-01      
      1612      1.360e-01      
      1613      1.000e-01      
      1991      1.806e-01      
      1992      3.000e-01      
      1993      4.401e-01      
      1994      5.464e-01      
      1996      4.657e-01      
      1997      3.170e-01      
      1998      1.795e-01      
      2097      1.578e-01      
      2098      2.937e-01      
      2099      4.399e-01      
      2102      4.253e-01      
      2103      2.874e-01      
      2104      1.656e-01      
      2195      1.647e-01      
      2196      4.219e-01      
      2197      9.186e-01      
      2198      1.735e+00      
      2199      2.889e+00      
      2200      4.253e+00      
      2201      5.473e+00      
      2202      6.040e+00      
      2203      5.614e+00      
      2204      4.344e+00      
      2205      2.793e+00      
      2206      1.519e+00      
      2207      7.493e-01      
      2208      4.114e-01      
      2211      4.615e-01      
      2212      5.742e-01      
      2213      7.005e-01      
      2214      8.372e-01      
      2215      9.810e-01      
      2216      1.128e+00      
      2217      1.276e+00      
      2218      1.419e+00      
      2219      1.554e+00      
      2220      1.673e+00      
      2221      1.775e+00      
      2222      1.864e+00      
      2223      1.944e+00      
      2224      2.017e+00      
      2225      2.075e+00      
      2241      1.996e+00      
      2242      1.969e+00      
      2247      1.874e+00      
      2248      1.803e+00      
      2249      1.712e+00      
      2250      1.613e+00      
      2251      1.523e+00      
      2252      1.451e+00      
      2264      1.366e+00      
      2265      1.321e+00      
      2266      1.265e+00      
      2267      1.207e+00      
      2268      1.151e+00      
      2269      1.095e+00      
      2270      1.033e+00      
      2271      9.654e-01      
      2272      8.931e-01      
      2273      8.207e-01      
      2274      7.528e-01      
      2275      6.931e-01      
      2277      6.068e-01      
      2278      5.852e-01      
      2296      4.968e-01      
      2297      4.652e-01      
      2309      3.687e-01      
      2310      3.603e-01      
      2321      2.691e-01      
      2322      2.488e-01      
      2343      1.506e-01      
      2344      1.400e-01      
      2407      1.844e-01      
      2408      4.245e-01      
      2409      7.948e-01      
      2410      1.231e+00      
      2411      1.624e+00      
      2412      1.902e+00      
      2413      2.057e+00      
      2414      2.083e+00      
      2415      1.951e+00      
      2416      1.662e+00      
      2417      1.290e+00      
      2418      9.315e-01      
      2419      6.420e-01      
      2420      4.264e-01      
      2421      2.764e-01      
      2422      1.882e-01      
      2423      1.581e-01      
      2425      2.322e-01      
      2426      3.100e-01      
      2427      4.002e-01      
      2428      4.981e-01      
      2429      6.039e-01      
      2430      7.185e-01      
      2431      8.413e-01      
      2432      9.690e-01      
      2433      1.097e+00      
      2434      1.218e+00      
      2435      1.326e+00      
      2436      1.413e+00      
      2437      1.476e+00      
      2459      1.389e+00      
      2460      1.363e+00      
      2462      1.272e+00      
      2463      1.209e+00      
      2464      1.137e+00      
      2465      1.059e+00      
      2466      9.817e-01      
      2467      9.121e-01      
      2469      8.163e-01      
      2470      7.934e-01      
      2487      7.246e-01      
      2488      6.833e-01      
      2490      5.940e-01      
      2491      5.567e-01      
      2509      4.641e-01      
      2510      4.507e-01      
      2513      3.544e-01      
      2514      3.138e-01      
      2517      2.236e-01      
      2518      2.101e-01      
      2537      1.326e-01      
      2538      1.013e-01      
      2543      1.641e-01      
      2544      2.341e-01      
      2560      1.427e-01      
      2561      1.147e-01      
      2566      1.518e-01      
      2567      2.851e-01      
      2568      5.098e-01      
      2569      7.971e-01      
      2570      1.049e+00      
      2572      1.045e+00      
      2573      8.133e-01      
      2574      5.727e-01      
      2575      4.064e-01      
      2581      3.154e-01      
      2582      2.865e-01      
      2586      1.946e-01      
      2587      1.831e-01      
      2604      2.780e-01      
      2605      2.895e-01      
      2619      3.715e-01      
      2620      3.904e-01      
      2632      3.309e-01      
      2633      2.885e-01      
      2635      2.044e-01      
      2636      1.722e-01      
      2951      2.358e-01      
      2952      2.754e-01      
      2954      1.881e-01      
      2955      1.140e-01      
      3141      1.366e-01      
      3142      2.476e-01      
      3143      4.049e-01      
      3144      5.925e-01      
      3145      7.529e-01      
      3147      7.087e-01      
      3148      5.137e-01      
      3149      3.138e-01      
      3150      1.723e-01      
      3398      2.663e-01      
      3399      3.584e-01      
      3400      4.457e-01      
      3401      4.774e-01      
      3402      4.232e-01      
      3403      3.070e-01      
      3404      1.846e-01      
      3549      1.126e-01      
      3550      3.926e-01      
      3551      1.104e+00      
      3552      2.506e+00      
      3553      4.600e+00      
      3554      6.842e+00      
      3555      8.283e+00      
      3556      8.212e+00      
      3557      6.731e+00      
      3558      4.625e+00      
      3559      2.724e+00      
      3560      1.436e+00      
      3561      7.521e-01      
      3562      4.764e-01      
      3565      5.540e-01      
      3566      6.579e-01      
      3567      7.688e-01      
      3568      8.855e-01      
      3569      1.012e+00      
      3570      1.154e+00      
      3571      1.311e+00      
      3572      1.469e+00      
      3573      1.610e+00      
      3574      1.718e+00      
      3575      1.793e+00      
      3576      1.844e+00      
      3583      1.935e+00      
      3584      1.966e+00      
      3591      1.933e+00      
      3592      1.858e+00      
      3593      1.772e+00      
      3594      1.681e+00      
      3595      1.594e+00      
      3596      1.522e+00      
      3612      1.439e+00      
      3613      1.415e+00      
      3615      1.340e+00      
      3616      1.288e+00      
      3617      1.229e+00      
      3618      1.164e+00      
      3619      1.096e+00      
      3620      1.032e+00      
      3622      9.410e-01      
      3623      9.198e-01      


3624   9.198e-01