0.0      1.000e-01      
      1      1.000e-01      
      14      1.929e-01      
      15      2.148e-01      
      26      1.200e-01      
      27      1.024e-01      
      32      1.565e-01      
      33      3.194e-01      
      34      6.743e-01      
      35      1.255e+00      
      36      1.940e+00      
      37      2.463e+00      
      38      2.592e+00      
      39      2.314e+00      
      40      1.818e+00      
      41      1.325e+00      
      42      9.473e-01      
      43      6.969e-01      
      44      5.408e-01      
      45      4.440e-01      
      46      3.827e-01      
      57      2.835e-01      
      58      2.779e-01      
      166      1.908e-01      
      167      1.700e-01      
      307      2.380e-01      
      308      2.713e-01      
      320      1.815e-01      
      321      1.583e-01      
      333      2.445e-01      
      334      2.989e-01      
      357      3.424e-01      
      358      6.522e-01      
      359      1.607e+00      
      360      4.029e+00      
      361      9.016e+00      
      362      1.713e+01      
      363      2.713e+01      
      364      3.567e+01      
      365      3.914e+01      
      366      3.634e+01      
      367      2.930e+01      
      368      2.136e+01      
      369      1.488e+01      
      370      1.054e+01      
      371      7.927e+00      
      372      6.414e+00      
      373      5.509e+00      
      374      4.924e+00      
      375      4.512e+00      
      376      4.201e+00      
      377      3.959e+00      
      378      3.775e+00      
      379      3.634e+00      
      380      3.523e+00      
      381      3.423e+00      
      382      3.323e+00      
      383      3.216e+00      
      384      3.101e+00      
      385      2.980e+00      
      386      2.856e+00      
      387      2.734e+00      
      388      2.616e+00      
      389      2.509e+00      
      390      2.417e+00      
      391      2.343e+00      
      392      2.283e+00      
      393      2.230e+00      
      395      2.135e+00      
      396      2.094e+00      
      400      1.995e+00      
      401      1.971e+00      
      407      2.070e+00      
      408      2.303e+00      
      409      2.576e+00      
      410      2.811e+00      
      411      2.961e+00      
      412      3.058e+00      
      413      3.179e+00      
      414      3.375e+00      
      415      3.615e+00      
      416      3.801e+00      
      418      3.728e+00      
      419      3.505e+00      
      420      3.257e+00      
      421      3.050e+00      
      422      2.910e+00      
      423      2.832e+00      
      424      2.781e+00      
      425      2.722e+00      
      426      2.637e+00      
      427      2.530e+00      
      428      2.419e+00      
      429      2.318e+00      
      430      2.230e+00      
      431      2.147e+00      
      432      2.063e+00      
      433      1.980e+00      
      434      1.906e+00      
      435      1.844e+00      
      437      1.760e+00      
      438      1.735e+00      
      444      1.640e+00      
      445      1.619e+00      
      452      1.545e+00      
      453      1.517e+00      
      468      1.434e+00      
      469      1.384e+00      
      470      1.325e+00      
      471      1.269e+00      
      475      1.173e+00      
      476      1.169e+00      
      480      1.101e+00      
      481      1.064e+00      
      493      9.644e-01      
      494      9.397e-01      
      510      8.458e-01      
      511      8.334e-01      
      528      7.377e-01      
      529      7.269e-01      
      557      6.333e-01      
      558      6.170e-01      
      604      5.262e-01      
      605      5.124e-01      
      652      4.226e-01      
      653      4.124e-01      
      721      3.153e-01      
      722      3.120e-01      
      823      2.130e-01      
      824      2.003e-01      
      1041      1.004e-01      
      1042      1.001e-01      
      1058      1.907e-01      
      1059      3.489e-01      
      1060      6.534e-01      
      1061      1.104e+00      
      1062      1.607e+00      
      1063      2.022e+00      
      1064      2.285e+00      
      1065      2.489e+00      
      1066      2.809e+00      
      1067      3.350e+00      
      1068      4.044e+00      
      1069      4.665e+00      
      1070      4.970e+00      
      1071      4.854e+00      
      1072      4.397e+00      
      1073      3.780e+00      
      1074      3.176e+00      
      1075      2.679e+00      
      1076      2.310e+00      
      1077      2.054e+00      
      1078      1.884e+00      
      1079      1.774e+00      
      1080      1.697e+00      
      1081      1.636e+00      
      1082      1.576e+00      
      1083      1.517e+00      
      1084      1.459e+00      
      1085      1.407e+00      
      1088      1.309e+00      
      1089      1.286e+00      
      1097      1.197e+00      
      1098      1.175e+00      
      1105      1.075e+00      
      1106      1.051e+00      
      1117      9.527e-01      
      1118      9.338e-01      
      1124      8.345e-01      
      1125      8.182e-01      
      1136      7.238e-01      
      1137      7.168e-01      
      1155      6.211e-01      
      1156      6.149e-01      
      1185      5.157e-01      
      1186      4.977e-01      
      1203      5.082e-01      
      1204      6.514e-01      
      1205      9.970e-01      
      1206      1.665e+00      
      1207      2.687e+00      
      1208      3.896e+00      
      1209      4.940e+00      
      1210      5.462e+00      
      1211      5.333e+00      
      1212      4.715e+00      
      1213      3.919e+00      
      1214      3.197e+00      
      1215      2.650e+00      
      1216      2.263e+00      
      1217      1.983e+00      
      1218      1.769e+00      
      1219      1.601e+00      
      1220      1.468e+00      
      1221      1.366e+00      
      1222      1.294e+00      
      1223      1.248e+00      
      1230      1.157e+00      
      1231      1.137e+00      
      1236      1.041e+00      
      1237      1.019e+00      
      1253      9.204e-01      
      1254      9.071e-01      
      1258      8.244e-01      
      1259      7.924e-01      
      1269      7.057e-01      
      1270      6.919e-01      
      1307      5.963e-01      
      1308      5.879e-01      
      1334      5.015e-01      
      1335      4.866e-01      
      1410      3.906e-01      
      1411      3.865e-01      
      1518      4.727e-01      
      1519      5.027e-01      
      1529      5.530e-01      
      1530      6.410e-01      
      1531      7.417e-01      
      1532      8.196e-01      
      1533      8.456e-01      
      1534      8.145e-01      
      1535      7.446e-01      
      1536      6.627e-01      
      1537      5.896e-01      
      1539      4.973e-01      
      1540      4.753e-01      
      1550      3.798e-01      
      1551      3.747e-01      
      1570      4.195e-01      
      1571      5.102e-01      
      1572      6.229e-01      
      1573      7.219e-01      
      1574      7.733e-01      
      1576      7.204e-01      
      1577      6.592e-01      
      1578      6.024e-01      
      1579      5.585e-01      
      1588      4.680e-01      
      1589      4.550e-01      
      1604      3.620e-01      
      1605      3.482e-01      
      1662      2.512e-01      
      1663      2.340e-01      
      1674      3.035e-01      
      1675      3.410e-01      
      1676      4.248e-01      
      1677      6.015e-01      
      1678      8.973e-01      
      1679      1.272e+00      
      1680      1.611e+00      
      1681      1.796e+00      
      1682      1.787e+00      
      1683      1.638e+00      
      1684      1.445e+00      
      1685      1.281e+00      
      1686      1.171e+00      
      1687      1.103e+00      
      1688      1.050e+00      
      1689      9.926e-01      
      1690      9.266e-01      
      1691      8.602e-01      
      1692      8.022e-01      
      1694      7.153e-01      
      1695      6.792e-01      
      1698      5.837e-01      
      1699      5.599e-01      
      1709      4.627e-01      
      1710      4.586e-01      
      1712      5.020e-01      
      1713      5.755e-01      
      1714      6.867e-01      
      1715      8.103e-01      
      1716      9.062e-01      
      1717      9.436e-01      
      1719      8.542e-01      
      1720      7.749e-01      
      1721      7.014e-01      
      1722      6.438e-01      
      1733      5.509e-01      
      1734      5.359e-01      
      1780      4.430e-01      
      1781      4.351e-01      
      1848      3.387e-01      
      1849      3.302e-01      
      1949      2.318e-01      
      1950      2.245e-01      
      1980      2.830e-01      
      1981      3.316e-01      
      1982      4.271e-01      
      1983      5.725e-01      
      1984      7.422e-01      
      1985      8.861e-01      
      1989      7.910e-01      
      1990      7.086e-01      
      1991      6.425e-01      
      1992      5.929e-01      
      1995      4.963e-01      
      1996      4.739e-01      
      2005      3.799e-01      
      2006      3.701e-01      
      2092      3.696e-01      
      2093      5.374e-01      
      2094      9.145e-01      
      2095      1.554e+00      
      2096      2.349e+00      
      2097      3.016e+00      
      2098      3.276e+00      
      2099      3.067e+00      
      2100      2.565e+00      
      2101      2.009e+00      
      2102      1.551e+00      
      2103      1.227e+00      
      2104      1.014e+00      
      2105      8.748e-01      
      2106      7.862e-01      
      2107      7.320e-01      
      2111      6.436e-01      
      2112      6.155e-01      
      2115      5.245e-01      
      2116      5.073e-01      
      2149      4.095e-01      
      2150      4.061e-01      
      2191      4.538e-01      
      2192      5.208e-01      
      2193      6.668e-01      
      2194      1.044e+00      
      2195      1.991e+00      
      2196      4.048e+00      
      2197      7.750e+00      
      2198      1.322e+01      
      2199      1.974e+01      
      2200      2.570e+01      
      2201      2.913e+01      
      2202      2.882e+01      
      2203      2.515e+01      
      2204      1.982e+01      
      2205      1.468e+01      
      2206      1.076e+01      
      2207      8.176e+00      
      2208      6.594e+00      
      2209      5.624e+00      
      2210      5.000e+00      
      2211      4.573e+00      
      2212      4.264e+00      
      2213      4.026e+00      
      2214      3.830e+00      
      2215      3.660e+00      
      2216      3.503e+00      
      2217      3.355e+00      
      2218      3.212e+00      
      2219      3.079e+00      
      2220      2.961e+00      
      2221      2.864e+00      
      2222      2.787e+00      
      2223      2.722e+00      
      2224      2.656e+00      
      2225      2.587e+00      
      2226      2.519e+00      
      2227      2.454e+00      
      2228      2.387e+00      
      2229      2.315e+00      
      2230      2.242e+00      
      2231      2.178e+00      
      2232      2.130e+00      
      2234      2.056e+00      
      2235      2.013e+00      
      2237      1.917e+00      
      2238      1.877e+00      
      2241      1.789e+00      
      2242      1.758e+00      
      2245      1.663e+00      
      2246      1.642e+00      
      2253      1.543e+00      
      2254      1.521e+00      
      2257      1.430e+00      
      2258      1.397e+00      
      2264      1.300e+00      
      2265      1.287e+00      
      2271      1.199e+00      
      2272      1.175e+00      
      2277      1.090e+00      
      2278      1.073e+00      
      2282      9.737e-01      
      2283      9.459e-01      
      2295      8.691e-01      
      2296      8.451e-01      
      2323      7.540e-01      
      2324      7.421e-01      
      2348      6.540e-01      
      2349      6.312e-01      
      2388      5.392e-01      
      2389      5.207e-01      
      2395      5.696e-01      
      2396      6.431e-01      
      2397      7.356e-01      
      2398      8.207e-01      
      2402      8.416e-01      
      2403      9.330e-01      
      2404      1.151e+00      
      2405      1.465e+00      
      2406      1.771e+00      
      2407      1.961e+00      
      2409      1.906e+00      
      2410      1.758e+00      
      2411      1.592e+00      
      2412      1.431e+00      
      2413      1.291e+00      
      2414      1.178e+00      
      2415      1.091e+00      
      2416      1.024e+00      
      2418      9.341e-01      
      2419      9.049e-01      
      2422      8.308e-01      
      2423      8.009e-01      
      2427      7.033e-01      
      2428      6.886e-01      
      2456      5.902e-01      
      2457      5.866e-01      
      2506      4.966e-01      
      2507      4.841e-01      
      2559      4.813e-01      
      2560      6.591e-01      
      2561      1.210e+00      
      2562      2.566e+00      
      2563      5.171e+00      
      2564      9.007e+00      
      2565      1.318e+01      
      2566      1.617e+01      
      2567      1.683e+01      
      2568      1.519e+01      
      2569      1.229e+01      
      2570      9.303e+00      
      2571      6.901e+00      
      2572      5.209e+00      
      2573      4.077e+00      
      2574      3.319e+00      
      2575      2.809e+00      
      2576      2.468e+00      
      2577      2.248e+00      
      2578      2.104e+00      
      2579      2.002e+00      
      2580      1.919e+00      
      2581      1.842e+00      
      2582      1.770e+00      
      2583      1.705e+00      
      2585      1.611e+00      
      2586      1.580e+00      
      2589      1.490e+00      
      2590      1.460e+00      
      2594      1.372e+00      
      2595      1.352e+00      
      2598      1.271e+00      
      2599      1.240e+00      
      2604      1.142e+00      
      2605      1.137e+00      
      2609      1.041e+00      
      2610      1.019e+00      
      2627      9.251e-01      
      2628      9.025e-01      
      2639      8.042e-01      
      2640      7.934e-01      
      2683      6.968e-01      
      2684      6.834e-01      
      2706      5.843e-01      
      2707      5.733e-01      
      2725      4.745e-01      
      2726      4.721e-01      
      2768      5.258e-01      
      2769      6.819e-01      
      2770      1.028e+00      
      2771      1.610e+00      
      2772      2.341e+00      
      2773      2.983e+00      
      2774      3.284e+00      
      2775      3.157e+00      
      2776      2.732e+00      
      2777      2.225e+00      
      2778      1.792e+00      
      2779      1.481e+00      
      2780      1.273e+00      
      2781      1.132e+00      
      2782      1.030e+00      
      2783      9.533e-01      
      2784      8.961e-01      
      2787      8.103e-01      
      2788      7.943e-01      
      2791      7.190e-01      
      2792      6.934e-01      
      2803      6.040e-01      
      2804      5.889e-01      
      2888      4.967e-01      
      2889      4.872e-01      
      2914      3.928e-01      
      2915      3.841e-01      
      2944      4.636e-01      
      2945      5.826e-01      
      2946      7.068e-01      
      2947      7.976e-01      
      2948      8.301e-01      
      2950      7.500e-01      
      2951      6.834e-01      
      2952      6.216e-01      
      2953      5.700e-01      
      2956      4.769e-01      
      2957      4.642e-01      
      2993      3.676e-01      
      2994      3.608e-01      
      3079      2.744e-01      
      3080      2.576e-01      
      3217      1.707e-01      
      3218      1.561e-01      
      3271      2.215e-01      
      3272      3.173e-01      
      3273      5.118e-01      
      3274      8.128e-01      
      3275      1.152e+00      
      3276      1.398e+00      
      3278      1.311e+00      
      3279      1.082e+00      
      3280      8.591e-01      
      3281      6.883e-01      
      3282      5.701e-01      
      3283      4.900e-01      
      3284      4.357e-01      
      3295      3.407e-01      
      3296      3.323e-01      
      3334      2.352e-01      
      3335      2.211e-01      
      3338      2.907e-01      
      3339      4.667e-01      
      3340      8.391e-01      
      3341      1.452e+00      
      3342      2.212e+00      
      3343      2.871e+00      
      3344      3.173e+00      
      3345      3.044e+00      
      3346      2.621e+00      
      3347      2.118e+00      
      3348      1.686e+00      
      3349      1.381e+00      
      3350      1.188e+00      
      3351      1.072e+00      
      3352      9.971e-01      
      3353      9.374e-01      
      3354      8.824e-01      
      3355      8.322e-01      
      3357      7.558e-01      
      3358      7.283e-01      
      3362      6.354e-01      
      3363      6.098e-01      
      3371      6.616e-01      
      3372      7.603e-01      
      3373      8.836e-01      
      3374      1.004e+00      
      3375      1.086e+00      
      3376      1.107e+00      
      3377      1.068e+00      
      3378      9.905e-01      
      3379      9.049e-01      
      3380      8.353e-01      
      3389      9.310e-01      
      3390      1.089e+00      
      3391      1.282e+00      
      3392      1.462e+00      
      3393      1.589e+00      
      3396      1.515e+00      
      3397      1.381e+00      
      3398      1.245e+00      
      3399      1.133e+00      
      3400      1.055e+00      
      3401      1.007e+00      
      3404      9.313e-01      
      3405      9.040e-01      
      3407      8.360e-01      
      3408      8.020e-01      
      3420      8.817e-01      
      3421      9.330e-01      
      3422      1.015e+00      
      3423      1.131e+00      
      3424      1.253e+00      
      3428      1.204e+00      
      3429      1.115e+00      
      3430      1.043e+00      
      3431      9.919e-01      
      3440      8.971e-01      
      3441      8.432e-01      
      3443      7.571e-01      
      3444      7.390e-01      
      3460      6.608e-01      
      3461      6.341e-01      
      3491      5.497e-01      
      3492      5.318e-01      
      3541      5.972e-01      
      3542      6.319e-01      
      3543      6.845e-01      
      3544      7.531e-01      
      3545      8.255e-01      
      3546      8.834e-01      
      3551      8.003e-01      
      3552      7.579e-01      
      3554      6.779e-01      
      3555      6.413e-01      
      3560      5.517e-01      
      3561      5.385e-01      
      3583      4.488e-01      
      3584      4.374e-01      


3624   4.374e-01