0.0      1.000e-01      
      1      1.000e-01      
      32      1.422e-01      
      33      2.343e-01      
      34      4.396e-01      
      35      7.855e-01      
      36      1.213e+00      
      37      1.567e+00      
      38      1.697e+00      
      39      1.567e+00      
      40      1.276e+00      
      41      9.590e-01      
      42      7.033e-01      
      43      5.287e-01      
      44      4.191e-01      
      45      3.520e-01      
      46      3.101e-01      
      203      2.101e-01      
      204      2.100e-01      
      356      2.467e-01      
      357      3.152e-01      
      358      5.799e-01      
      359      1.427e+00      
      360      3.653e+00      
      361      8.388e+00      
      362      1.638e+01      
      363      2.674e+01      
      364      3.633e+01      
      365      4.125e+01      
      366      3.956e+01      
      367      3.269e+01      
      368      2.400e+01      
      369      1.635e+01      
      370      1.089e+01      
      371      7.492e+00      
      372      5.504e+00      
      373      4.346e+00      
      374      3.639e+00      
      375      3.173e+00      
      376      2.842e+00      
      377      2.593e+00      
      378      2.402e+00      
      379      2.255e+00      
      380      2.142e+00      
      381      2.052e+00      
      382      1.977e+00      
      383      1.908e+00      
      384      1.842e+00      
      385      1.778e+00      
      386      1.720e+00      
      388      1.625e+00      
      389      1.587e+00      
      391      1.516e+00      
      392      1.478e+00      
      394      1.397e+00      
      395      1.362e+00      
      407      1.369e+00      
      408      1.520e+00      
      409      1.744e+00      
      410      2.002e+00      
      411      2.239e+00      
      412      2.423e+00      
      413      2.563e+00      
      414      2.689e+00      
      415      2.815e+00      
      416      2.929e+00      
      419      2.927e+00      
      420      2.795e+00      
      421      2.633e+00      
      422      2.470e+00      
      423      2.326e+00      
      424      2.205e+00      
      425      2.104e+00      
      426      2.012e+00      
      427      1.925e+00      
      428      1.844e+00      
      429      1.772e+00      
      430      1.711e+00      
      431      1.659e+00      
      433      1.578e+00      
      434      1.549e+00      
      439      1.454e+00      
      440      1.427e+00      
      448      1.327e+00      
      449      1.318e+00      
      458      1.221e+00      
      459      1.211e+00      
      464      1.118e+00      
      465      1.100e+00      
      472      1.012e+00      
      473      9.995e-01      
      494      9.012e-01      
      495      8.873e-01      
      505      9.614e-01      
      506      9.880e-01      
      513      8.898e-01      
      514      8.745e-01      
      546      7.783e-01      
      547      7.732e-01      
      577      6.790e-01      
      578      6.728e-01      
      590      5.754e-01      
      591      5.577e-01      
      627      4.591e-01      
      628      4.566e-01      
      713      3.578e-01      
      714      3.560e-01      
      864      2.560e-01      
      865      2.540e-01      
      1019      1.600e-01      
      1020      1.424e-01      
      1058      1.592e-01      
      1059      2.592e-01      
      1060      4.791e-01      
      1061      8.560e-01      
      1062      1.353e+00      
      1063      1.854e+00      
      1064      2.264e+00      
      1065      2.635e+00      
      1066      3.169e+00      
      1067      4.057e+00      
      1068      5.269e+00      
      1069      6.487e+00      
      1070      7.279e+00      
      1071      7.374e+00      
      1072      6.812e+00      
      1073      5.871e+00      
      1074      4.861e+00      
      1075      3.986e+00      
      1076      3.313e+00      
      1077      2.821e+00      
      1078      2.464e+00      
      1079      2.199e+00      
      1080      2.001e+00      
      1081      1.851e+00      
      1082      1.738e+00      
      1083      1.651e+00      
      1084      1.583e+00      
      1085      1.524e+00      
      1086      1.468e+00      
      1087      1.414e+00      
      1088      1.362e+00      
      1090      1.271e+00      
      1091      1.224e+00      
      1093      1.130e+00      
      1094      1.090e+00      
      1100      9.939e-01      
      1101      9.869e-01      
      1113      8.891e-01      
      1114      8.816e-01      
      1125      7.817e-01      
      1126      7.756e-01      
      1145      6.778e-01      
      1146      6.726e-01      
      1192      5.731e-01      
      1193      5.704e-01      
      1204      6.132e-01      
      1205      7.318e-01      
      1206      9.855e-01      
      1207      1.418e+00      
      1208      2.004e+00      
      1209      2.631e+00      
      1210      3.133e+00      
      1211      3.389e+00      
      1212      3.376e+00      
      1213      3.162e+00      
      1214      2.849e+00      
      1215      2.519e+00      
      1216      2.220e+00      
      1217      1.971e+00      
      1218      1.775e+00      
      1219      1.625e+00      
      1220      1.510e+00      
      1221      1.420e+00      
      1222      1.344e+00      
      1223      1.279e+00      
      1224      1.225e+00      
      1226      1.144e+00      
      1227      1.112e+00      
      1230      1.039e+00      
      1231      1.008e+00      
      1233      9.333e-01      
      1234      8.973e-01      
      1238      8.043e-01      
      1239      7.939e-01      
      1248      6.953e-01      
      1249      6.923e-01      
      1294      5.981e-01      
      1295      5.922e-01      
      1343      4.930e-01      
      1344      4.822e-01      
      1371      5.656e-01      
      1372      7.022e-01      
      1373      8.361e-01      
      1378      7.658e-01      
      1379      7.127e-01      
      1382      6.127e-01      
      1383      5.912e-01      
      1387      5.149e-01      
      1388      4.901e-01      
      1405      3.911e-01      
      1406      3.879e-01      
      1615      2.890e-01      
      1616      2.878e-01      
      1677      3.436e-01      
      1678      4.128e-01      
      1679      4.873e-01      
      1680      5.448e-01      
      1685      4.805e-01      
      1686      4.418e-01      
      1689      3.527e-01      
      1690      3.394e-01      
      1840      2.396e-01      
      1841      2.390e-01      
      1981      2.877e-01      
      1982      3.786e-01      
      1983      5.080e-01      
      1984      6.442e-01      
      1985      7.407e-01      
      1986      7.677e-01      
      1987      7.297e-01      
      1988      6.545e-01      
      1989      5.693e-01      
      1990      4.894e-01      
      1991      4.215e-01      
      1992      3.687e-01      
      1997      2.716e-01      
      1998      2.663e-01      
      2092      3.204e-01      
      2093      5.256e-01      
      2094      9.975e-01      
      2095      1.823e+00      
      2096      2.900e+00      
      2097      3.891e+00      
      2098      4.416e+00      
      2099      4.319e+00      
      2100      3.748e+00      
      2101      2.987e+00      
      2102      2.265e+00      
      2103      1.687e+00      
      2104      1.268e+00      
      2105      9.838e-01      
      2106      7.975e-01      
      2107      6.781e-01      
      2108      6.021e-01      
      2109      5.535e-01      
      2119      4.547e-01      
      2120      4.533e-01      
      2157      3.577e-01      
      2158      3.433e-01      
      2190      3.839e-01      
      2191      4.564e-01      
      2192      5.515e-01      
      2193      6.755e-01      
      2194      8.911e-01      
      2195      1.398e+00      
      2196      2.609e+00      
      2197      5.128e+00      
      2198      9.474e+00      
      2199      1.556e+01      
      2200      2.221e+01      
      2201      2.739e+01      
      2202      2.921e+01      
      2203      2.715e+01      
      2204      2.241e+01      
      2205      1.692e+01      
      2206      1.221e+01      
      2207      8.879e+00      
      2208      6.779e+00      
      2209      5.518e+00      
      2210      4.740e+00      
      2211      4.221e+00      
      2212      3.843e+00      
      2213      3.549e+00      
      2214      3.305e+00      
      2215      3.090e+00      
      2216      2.891e+00      
      2217      2.705e+00      
      2218      2.536e+00      
      2219      2.387e+00      
      2220      2.257e+00      
      2221      2.148e+00      
      2222      2.059e+00      
      2223      1.987e+00      
      2224      1.929e+00      
      2225      1.878e+00      
      2227      1.786e+00      
      2228      1.743e+00      
      2231      1.650e+00      
      2232      1.627e+00      
      2237      1.546e+00      
      2238      1.526e+00      
      2246      1.429e+00      
      2247      1.416e+00      
      2254      1.323e+00      
      2255      1.312e+00      
      2261      1.226e+00      
      2262      1.202e+00      
      2273      1.105e+00      
      2274      1.095e+00      
      2286      1.002e+00      
      2287      9.782e-01      
      2296      8.826e-01      
      2297      8.775e-01      
      2320      7.776e-01      
      2321      7.710e-01      
      2361      6.801e-01      
      2362      6.696e-01      
      2388      5.698e-01      
      2389      5.663e-01      
      2394      6.416e-01      
      2395      7.567e-01      
      2396      9.484e-01      
      2397      1.194e+00      
      2398      1.434e+00      
      2399      1.599e+00      
      2401      1.676e+00      
      2402      1.735e+00      
      2403      1.990e+00      
      2404      2.550e+00      
      2405      3.382e+00      
      2406      4.270e+00      
      2407      4.943e+00      
      2408      5.251e+00      
      2409      5.215e+00      
      2410      4.948e+00      
      2411      4.557e+00      
      2412      4.118e+00      
      2413      3.680e+00      
      2414      3.272e+00      
      2415      2.904e+00      
      2416      2.581e+00      
      2417      2.308e+00      
      2418      2.087e+00      
      2419      1.915e+00      
      2420      1.782e+00      
      2421      1.677e+00      
      2422      1.590e+00      
      2423      1.515e+00      
      2424      1.450e+00      
      2425      1.396e+00      
      2427      1.319e+00      
      2428      1.289e+00      
      2431      1.191e+00      
      2432      1.159e+00      
      2435      1.079e+00      
      2436      1.049e+00      
      2439      9.683e-01      
      2440      9.478e-01      
      2448      8.513e-01      
      2449      8.453e-01      
      2487      7.472e-01      
      2488      7.417e-01      
      2511      6.424e-01      
      2512      6.416e-01      
      2544      5.447e-01      
      2545      5.334e-01      
      2559      5.671e-01      
      2560      7.268e-01      
      2561      1.050e+00      
      2562      1.633e+00      
      2563      2.588e+00      
      2564      3.961e+00      
      2565      5.608e+00      
      2566      7.165e+00      
      2567      8.191e+00      
      2568      8.425e+00      
      2569      7.930e+00      
      2570      7.007e+00      
      2571      5.988e+00      
      2572      5.081e+00      
      2573      4.359e+00      
      2574      3.811e+00      
      2575      3.397e+00      
      2576      3.076e+00      
      2577      2.815e+00      
      2578      2.593e+00      
      2579      2.400e+00      
      2580      2.232e+00      
      2581      2.085e+00      
      2582      1.954e+00      
      2583      1.835e+00      
      2584      1.729e+00      
      2585      1.637e+00      
      2586      1.559e+00      
      2587      1.497e+00      
      2588      1.446e+00      
      2590      1.366e+00      
      2591      1.332e+00      
      2594      1.251e+00      
      2595      1.229e+00      
      2602      1.139e+00      
      2603      1.122e+00      
      2610      1.032e+00      
      2611      1.014e+00      
      2620      9.206e-01      
      2621      9.069e-01      
      2635      8.162e-01      
      2636      8.025e-01      
      2661      7.052e-01      
      2662      6.975e-01      
      2670      7.909e-01      
      2671      8.086e-01      
      2678      7.130e-01      
      2679      7.076e-01      
      2702      6.081e-01      
      2703      6.061e-01      
      2727      5.115e-01      
      2728      4.872e-01      
      2770      5.831e-01      
      2771      7.750e-01      
      2772      1.036e+00      
      2773      1.295e+00      
      2774      1.463e+00      
      2776      1.421e+00      
      2777      1.284e+00      
      2778      1.137e+00      
      2779      1.007e+00      
      2780      9.036e-01      
      2781      8.248e-01      
      2782      7.672e-01      
      2785      6.806e-01      
      2786      6.635e-01      
      2797      5.701e-01      
      2798      5.609e-01      
      2809      4.779e-01      
      2810      4.565e-01      
      2851      3.567e-01      
      2852      3.553e-01      
      3042      2.560e-01      
      3043      2.540e-01      
      3275      3.423e-01      
      3276      3.688e-01      
      3283      2.769e-01      
      3284      2.639e-01      
      3342      3.493e-01      
      3343      4.139e-01      
      3350      3.252e-01      
      3351      3.035e-01      
      3389      3.964e-01      
      3390      5.188e-01      
      3391      6.726e-01      
      3392      8.312e-01      
      3393      9.646e-01      
      3394      1.051e+00      
      3395      1.081e+00      
      3397      9.895e-01      
      3398      9.011e-01      
      3399      8.115e-01      
      3400      7.327e-01      
      3401      6.688e-01      
      3402      6.192e-01      
      3406      5.224e-01      
      3407      5.118e-01      
      3424      5.938e-01      
      3425      6.381e-01      
      3436      5.434e-01      
      3437      5.326e-01      
      3455      4.404e-01      
      3456      4.190e-01      
      3492      3.190e-01      
      3493      3.178e-01      
      3541      4.017e-01      
      3542      4.311e-01      
      3544      5.161e-01      
      3545      5.553e-01      
      3555      4.720e-01      
      3556      4.517e-01      
      3561      3.535e-01      
      3562      3.466e-01      


3624   3.466e-01