0.0      1.000e-01      
      1      1.000e-01      
      363      1.896e-01      
      364      2.022e-01      
      373      1.044e-01      
      374      1.000e-01      
      1068      1.960e-01      
      1069      2.099e-01      
      1078      1.155e-01      
      1079      1.093e-01      
      1204      1.577e-01      
      1205      2.157e-01      
      1206      2.757e-01      
      1207      3.288e-01      
      1215      2.430e-01      
      1216      2.144e-01      
      1222      1.196e-01      
      1223      1.120e-01      
      2560      1.257e-01      
      2561      2.352e-01      
      2562      4.056e-01      
      2563      5.894e-01      
      2564      7.022e-01      
      2565      6.900e-01      
      2566      5.771e-01      
      2567      4.363e-01      
      2568      3.239e-01      
      2569      2.524e-01      
      2570      2.097e-01      
      2576      1.129e-01      
      2577      1.055e-01      


3624   1.055e-01