0.0      1.000e-01      
      1      1.000e-01      
      399      1.494e-01      
      400      2.163e-01      
      401      2.867e-01      
      402      3.389e-01      
      406      2.441e-01      
      407      2.134e-01      
      411      2.906e-01      
      412      3.550e-01      
      413      4.630e-01      
      414      6.346e-01      
      415      8.566e-01      
      416      1.063e+00      
      417      1.168e+00      
      418      1.136e+00      
      419      1.015e+00      
      420      8.913e-01      
      424      9.405e-01      
      425      1.086e+00      
      426      1.282e+00      
      427      1.489e+00      
      428      1.648e+00      
      429      1.727e+00      
      430      1.753e+00      
      432      1.834e+00      
      433      1.910e+00      
      439      1.848e+00      
      440      1.808e+00      
      447      1.715e+00      
      448      1.686e+00      
      449      1.641e+00      
      450      1.585e+00      
      451      1.522e+00      
      452      1.453e+00      
      453      1.378e+00      
      454      1.299e+00      
      455      1.219e+00      
      456      1.141e+00      
      457      1.068e+00      
      458      1.004e+00      
      466      9.245e-01      
      467      8.983e-01      
      470      8.090e-01      
      471      7.755e-01      
      472      7.319e-01      
      473      6.734e-01      
      474      6.008e-01      
      475      5.221e-01      
      476      4.501e-01      
      477      3.956e-01      
      501      2.974e-01      
      502      2.636e-01      
      523      1.689e-01      
      524      1.600e-01      
      1069      1.499e-01      
      1070      2.802e-01      
      1071      4.123e-01      
      1074      3.212e-01      
      1075      1.888e-01      
      1207      1.324e-01      
      1208      3.269e-01      
      1209      6.421e-01      
      1210      1.014e+00      
      1211      1.311e+00      
      1212      1.427e+00      
      1213      1.356e+00      
      1214      1.169e+00      
      1215      9.392e-01      
      1216      7.130e-01      
      1217      5.180e-01      
      1218      3.733e-01      
      1219      2.856e-01      
      1220      2.505e-01      
      1222      3.054e-01      
      1223      3.841e-01      
      1224      4.928e-01      
      1225      6.282e-01      
      1226      7.842e-01      
      1227      9.515e-01      
      1228      1.121e+00      
      1229      1.289e+00      
      1230      1.462e+00      
      1231      1.646e+00      
      1232      1.834e+00      
      1233      2.006e+00      
      1234      2.138e+00      
      1235      2.224e+00      
      1236      2.274e+00      
      1242      2.205e+00      
      1243      2.113e+00      
      1244      2.002e+00      
      1245      1.883e+00      
      1246      1.769e+00      
      1247      1.668e+00      
      1248      1.584e+00      
      1249      1.503e+00      
      1250      1.412e+00      
      1251      1.311e+00      
      1252      1.214e+00      
      1253      1.135e+00      
      1254      1.075e+00      
      1255      1.019e+00      
      1256      9.591e-01      
      1257      8.910e-01      
      1258      8.211e-01      
      1259      7.562e-01      
      1260      6.985e-01      
      1261      6.435e-01      
      1262      5.853e-01      
      1263      5.216e-01      
      1264      4.552e-01      
      1265      3.912e-01      
      1266      3.341e-01      
      1267      2.870e-01      
      1287      1.919e-01      
      1288      1.847e-01      
      2197      2.000e-01      
      2198      3.799e-01      
      2199      5.775e-01      
      2200      7.142e-01      
      2202      6.566e-01      
      2203      5.178e-01      
      2204      3.634e-01      
      2205      2.236e-01      
      2206      1.186e-01      
      2413      1.323e-01      
      2414      2.880e-01      
      2415      5.030e-01      
      2416      7.112e-01      
      2417      8.254e-01      
      2418      8.041e-01      
      2419      6.767e-01      
      2420      5.055e-01      
      2421      3.393e-01      
      2422      2.031e-01      
      2423      1.067e-01      
      2424      1.000e-01      
      3395      1.000e-01      
      3396      2.157e-01      
      3397      4.882e-01      
      3398      8.938e-01      
      3399      1.325e+00      
      3400      1.590e+00      
      3401      1.544e+00      
      3402      1.213e+00      
      3403      7.704e-01      
      3404      3.976e-01      
      3405      1.688e-01      
      3553      1.770e-01      
      3554      3.479e-01      
      3555      5.394e-01      
      3556      6.616e-01      
      3557      6.446e-01      
      3558      5.014e-01      
      3559      3.139e-01      
      3560      1.603e-01      


3624   1.603e-01