0.0      1.000e-01      
      1      1.000e-01      
      366      1.818e-01      
      367      2.321e-01      
      371      1.533e-01      
      372      1.251e-01      
      414      1.985e-01      
      415      2.397e-01      
      427      1.444e-01      
      428      1.116e-01      
      1070      1.628e-01      
      1071      2.478e-01      
      1077      1.548e-01      
      1078      1.237e-01      
      1209      1.528e-01      
      1210      2.557e-01      
      1211      3.522e-01      
      1212      4.083e-01      
      1215      3.177e-01      
      1216      2.618e-01      
      1218      1.721e-01      
      1219      1.391e-01      
      2097      1.217e-01      
      2098      2.454e-01      
      2099      3.992e-01      
      2100      5.307e-01      
      2103      4.744e-01      
      2104      3.753e-01      
      2105      2.886e-01      
      2106      2.219e-01      
      2108      1.376e-01      
      2109      1.118e-01      
      2194      1.000e-01      
      2195      3.243e-01      
      2196      1.105e+00      
      2197      3.032e+00      
      2198      6.775e+00      
      2199      1.247e+01      
      2200      1.913e+01      
      2201      2.476e+01      
      2202      2.731e+01      
      2203      2.594e+01      
      2204      2.153e+01      
      2205      1.598e+01      
      2206      1.097e+01      
      2207      7.262e+00      
      2208      4.809e+00      
      2209      3.239e+00      
      2210      2.211e+00      
      2211      1.518e+00      
      2212      1.045e+00      
      2213      7.254e-01      
      2214      5.125e-01      
      2215      3.713e-01      
      2216      2.768e-01      
      2217      2.123e-01      
      2219      1.339e-01      
      2220      1.090e-01      
      2399      1.860e-01      
      2400      3.356e-01      
      2401      5.680e-01      
      2402      9.548e-01      
      2403      1.584e+00      
      2404      2.448e+00      
      2405      3.349e+00      
      2406      3.964e+00      
      2407      4.067e+00      
      2408      3.676e+00      
      2409      3.004e+00      
      2410      2.287e+00      
      2411      1.669e+00      
      2412      1.195e+00      
      2413      8.522e-01      
      2414      6.128e-01      
      2415      4.472e-01      
      2416      3.327e-01      
      2417      2.525e-01      
      2418      1.953e-01      
      2568      2.682e-01      
      2569      4.501e-01      
      2570      6.182e-01      
      2573      6.043e-01      
      2574      4.849e-01      
      2575      3.740e-01      
      2576      2.862e-01      
      2577      2.214e-01      
      2579      1.390e-01      
      2580      1.129e-01      
      3343      1.426e-01      
      3344      2.318e-01      
      3345      3.073e-01      
      3346      3.398e-01      
      3348      2.775e-01      
      3349      2.244e-01      
      3351      1.422e-01      
      3352      1.151e-01      


3624   1.151e-01