0.0      1.000e-01      
      1      1.000e-01      
      368      1.750e-01      
      369      2.783e-01      
      370      3.950e-01      
      371      4.964e-01      
      372      5.722e-01      
      373      6.436e-01      
      374      7.396e-01      
      375      8.613e-01      
      376      9.810e-01      
      377      1.070e+00      
      378      1.120e+00      
      381      1.213e+00      
      382      1.282e+00      
      383      1.367e+00      
      384      1.440e+00      
      387      1.365e+00      
      388      1.258e+00      
      389      1.151e+00      
      390      1.061e+00      
      391      9.874e-01      
      392      9.243e-01      
      393      8.654e-01      
      395      7.667e-01      
      396      7.397e-01      
      409      6.657e-01      
      410      6.044e-01      
      414      6.653e-01      
      415      7.588e-01      
      418      8.424e-01      
      419      8.704e-01      
      420      9.296e-01      
      421      1.007e+00      
      422      1.094e+00      
      423      1.212e+00      
      424      1.383e+00      
      425      1.593e+00      
      426      1.778e+00      
      429      1.743e+00      
      430      1.622e+00      
      431      1.515e+00      
      432      1.427e+00      
      433      1.350e+00      
      434      1.271e+00      
      435      1.181e+00      
      436      1.077e+00      
      437      9.617e-01      
      438      8.380e-01      
      439      7.131e-01      
      440      5.965e-01      
      441      4.971e-01      
      442      4.193e-01      
      444      3.230e-01      
      445      2.977e-01      
      451      2.161e-01      
      452      1.807e-01      
      1070      2.728e-01      
      1071      4.028e-01      
      1073      4.220e-01      
      1074      3.002e-01      
      1075      1.679e-01      
      1208      2.159e-01      
      1209      3.778e-01      
      1210      5.455e-01      
      1211      6.652e-01      
      1214      7.146e-01      
      1215      7.978e-01      
      1216      9.926e-01      
      1217      1.289e+00      
      1218      1.637e+00      
      1219      1.967e+00      
      1220      2.217e+00      
      1221      2.349e+00      
      1223      2.253e+00      
      1224      2.087e+00      
      1225      1.890e+00      
      1226      1.676e+00      
      1227      1.454e+00      
      1228      1.235e+00      
      1229      1.038e+00      
      1230      8.759e-01      
      1231      7.531e-01      
      1232      6.635e-01      
      1233      5.988e-01      
      1235      5.128e-01      
      1236      4.727e-01      
      1237      4.199e-01      
      1238      3.481e-01      
      1239      2.610e-01      
      1240      1.728e-01      
      2098      2.310e-01      
      2099      3.002e-01      
      2101      2.614e-01      
      2102      1.775e-01      
      2200      2.030e-01      
      2201      3.311e-01      
      2202      4.473e-01      
      2206      5.177e-01      
      2207      5.881e-01      
      2208      6.828e-01      
      2209      7.757e-01      
      2210      8.483e-01      
      2211      8.895e-01      
      2214      8.349e-01      
      2215      7.817e-01      
      2216      7.174e-01      
      2217      6.414e-01      
      2218      5.557e-01      
      2219      4.679e-01      
      2220      3.869e-01      
      2221      3.175e-01      
      2222      2.576e-01      
      2223      2.038e-01      
      2225      1.147e-01      
      2226      1.000e-01      
      2415      1.768e-01      
      2416      2.005e-01      
      2417      2.540e-01      
      2418      3.458e-01      
      2419      4.651e-01      
      2420      5.889e-01      
      2421      6.995e-01      
      2422      7.928e-01      
      2423      8.697e-01      
      2429      7.713e-01      
      2430      6.863e-01      
      2431      5.974e-01      
      2432      5.104e-01      
      2433      4.316e-01      
      2434      3.663e-01      
      2436      2.814e-01      
      2437      2.564e-01      
      2440      1.820e-01      
      2441      1.457e-01      
      3345      1.634e-01      
      3346      3.321e-01      
      3347      5.351e-01      
      3348      6.856e-01      
      3349      7.010e-01      
      3350      5.758e-01      
      3351      3.901e-01      
      3352      2.440e-01      
      3354      2.615e-01      
      3355      4.212e-01      
      3356      6.440e-01      
      3357      8.805e-01      
      3358      1.073e+00      
      3359      1.179e+00      
      3361      1.127e+00      
      3362      1.017e+00      
      3363      8.863e-01      
      3364      7.523e-01      
      3365      6.298e-01      
      3366      5.306e-01      
      3367      4.630e-01      
      3370      5.338e-01      
      3371      6.583e-01      
      3372      7.861e-01      
      3375      7.879e-01      
      3376      6.853e-01      
      3377      5.771e-01      
      3378      4.759e-01      
      3379      3.882e-01      
      3380      3.171e-01      
      3381      2.608e-01      
      3382      2.144e-01      
      3393      2.735e-01      
      3394      4.356e-01      
      3395      6.810e-01      
      3396      9.585e-01      
      3397      1.185e+00      
      3398      1.299e+00      
      3407      1.249e+00      
      3408      1.183e+00      
      3409      1.102e+00      
      3410      1.011e+00      
      3411      9.122e-01      
      3412      8.026e-01      
      3413      6.830e-01      
      3414      5.630e-01      
      3415      4.564e-01      
      3416      3.738e-01      
      3417      3.185e-01      
      3424      2.246e-01      
      3425      1.703e-01      
      3431      2.281e-01      
      3432      2.722e-01      
      3437      3.673e-01      
      3438      3.944e-01      
      3445      3.047e-01      
      3446      2.539e-01      
      3447      1.957e-01      
      3448      1.365e-01      
      3550      1.751e-01      
      3551      2.997e-01      
      3552      4.238e-01      
      3553      5.165e-01      
      3554      5.824e-01      
      3555      6.615e-01      
      3556      7.938e-01      
      3557      9.898e-01      
      3558      1.233e+00      
      3559      1.502e+00      
      3560      1.786e+00      
      3561      2.081e+00      
      3562      2.367e+00      
      3563      2.598e+00      
      3564      2.714e+00      
      3565      2.679e+00      
      3566      2.504e+00      
      3567      2.238e+00      
      3568      1.934e+00      
      3569      1.628e+00      
      3570      1.338e+00      
      3571      1.072e+00      
      3572      8.399e-01      
      3573      6.495e-01      
      3574      5.026e-01      
      3575      3.929e-01      
      3576      3.082e-01      
      3577      2.356e-01      
      3578      1.674e-01      
      3579      1.055e-01      


3624   1.055e-01