0.0      1.000e-01      
      1      1.000e-01      
      35      1.501e-01      
      36      2.256e-01      
      39      1.894e-01      
      40      1.173e-01      
      368      1.594e-01      
      369      2.727e-01      
      370      3.785e-01      
      373      2.950e-01      
      374      1.857e-01      
      414      2.826e-01      
      415      3.656e-01      
      417      3.474e-01      
      418      2.606e-01      
      419      1.675e-01      
      420      1.000e-01      
      423      1.661e-01      
      424      3.472e-01      
      425      6.089e-01      
      426      8.686e-01      
      427      1.005e+00      
      428      9.456e-01      
      429      7.296e-01      
      430      4.673e-01      
      431      2.540e-01      
      432      1.227e-01      
      444      2.000e-01      
      445      2.292e-01      
      455      3.224e-01      
      456      3.398e-01      
      459      4.173e-01      
      460      4.424e-01      
      467      5.407e-01      
      468      5.654e-01      
      481      6.452e-01      
      482      6.679e-01      
      504      7.386e-01      
      505      7.734e-01      
      538      8.699e-01      
      539      8.814e-01      
      548      7.819e-01      
      549      7.680e-01      
      586      6.772e-01      
      587      6.589e-01      
      592      5.660e-01      
      593      5.430e-01      
      616      4.572e-01      
      617      4.426e-01      
      642      3.426e-01      
      643      3.352e-01      
      667      2.465e-01      
      668      2.253e-01      
      784      1.287e-01      
      785      1.156e-01      
      1067      1.014e-01      
      1068      2.360e-01      
      1069      4.372e-01      
      1070      6.457e-01      
      1071      7.619e-01      
      1072      7.209e-01      
      1073      5.504e-01      
      1074      3.428e-01      
      1075      1.780e-01      
      1206      1.766e-01      
      1207      4.303e-01      
      1208      8.381e-01      
      1209      1.317e+00      
      1210      1.696e+00      
      1211      1.832e+00      
      1212      1.716e+00      
      1213      1.451e+00      
      1214      1.150e+00      
      1215      8.764e-01      
      1216      6.475e-01      
      1217      4.611e-01      
      1218      3.116e-01      
      1219      1.960e-01      
      1342      2.943e-01      
      1343      3.134e-01      
      1432      2.325e-01      
      1433      2.086e-01      
      1457      1.118e-01      
      1458      1.000e-01      
      1506      1.993e-01      
      1507      2.217e-01      
      1550      1.270e-01      
      1551      1.045e-01      
      2096      1.099e-01      
      2097      2.170e-01      
      2098      3.422e-01      
      2099      4.357e-01      
      2100      4.535e-01      
      2101      3.909e-01      
      2102      2.826e-01      
      2103      1.739e-01      
      2196      1.710e-01      
      2197      3.643e-01      
      2198      6.570e-01      
      2199      1.005e+00      
      2200      1.295e+00      
      2201      1.397e+00      
      2202      1.249e+00      
      2203      9.219e-01      
      2204      5.635e-01      
      2205      2.895e-01      
      2206      1.299e-01      
      2412      1.889e-01      
      2413      3.834e-01      
      2414      7.268e-01      
      2415      1.157e+00      
      2416      1.517e+00      
      2417      1.642e+00      
      2418      1.481e+00      
      2419      1.123e+00      
      2420      7.183e-01      
      2421      3.909e-01      
      2422      1.844e-01      
      2573      2.812e-01      
      2574      2.858e-01      
      2584      2.101e-01      
      2585      1.834e-01      
      2604      2.819e-01      
      2605      2.942e-01      
      2610      2.130e-01      
      2611      1.913e-01      
      2950      2.530e-01      
      2951      3.772e-01      
      2954      2.995e-01      
      2955      1.775e-01      
      3394      1.248e-01      
      3395      3.106e-01      
      3396      6.232e-01      
      3397      1.014e+00      
      3398      1.348e+00      
      3399      1.477e+00      
      3400      1.345e+00      
      3401      1.026e+00      
      3402      6.595e-01      
      3403      3.608e-01      
      3404      1.712e-01      


3624   1.712e-01