0.0      1.000e-01      
      1      1.000e-01      
      38      1.907e-01      
      39      2.148e-01      
      41      1.391e-01      
      42      1.000e-01      
      413      1.278e-01      
      414      2.917e-01      
      415      5.377e-01      
      416      7.847e-01      
      417      9.022e-01      
      418      8.177e-01      
      419      5.866e-01      
      420      3.364e-01      
      421      1.584e-01      
      426      1.986e-01      
      427      3.012e-01      
      430      2.785e-01      
      431      1.800e-01      
      439      2.379e-01      
      440      3.018e-01      
      441      3.708e-01      
      442      4.402e-01      
      443      5.087e-01      
      444      5.779e-01      
      445      6.493e-01      
      446      7.194e-01      
      448      8.181e-01      
      449      8.336e-01      
      453      7.553e-01      
      454      7.166e-01      
      457      6.246e-01      
      458      6.118e-01      
      467      5.165e-01      
      468      5.017e-01      
      472      4.147e-01      
      473      3.818e-01      
      500      2.845e-01      
      501      2.796e-01      
      521      1.886e-01      
      522      1.666e-01      
      1068      1.388e-01      
      1069      3.237e-01      
      1070      6.080e-01      
      1071      9.030e-01      
      1072      1.057e+00      
      1073      9.760e-01      
      1074      7.145e-01      
      1075      4.186e-01      
      1076      2.005e-01      
      1077      1.000e-01      
      1209      1.652e-01      
      1210      3.195e-01      
      1211      5.563e-01      
      1212      8.667e-01      
      1213      1.187e+00      
      1214      1.398e+00      
      1215      1.402e+00      
      1216      1.201e+00      
      1217      8.939e-01      
      1218      5.970e-01      
      1219      3.707e-01      
      1220      2.196e-01      
      1221      1.253e-01      
      1222      1.000e-01      
      1237      1.846e-01      
      1238      2.116e-01      
      1243      3.106e-01      
      1244      3.271e-01      
      1248      4.168e-01      
      1249      4.405e-01      
      1255      3.690e-01      
      1256      3.393e-01      
      1264      2.409e-01      
      1265      2.221e-01      
      1290      1.469e-01      
      1291      1.220e-01      
      1991      1.620e-01      
      1992      3.515e-01      
      1993      6.168e-01      
      1994      8.626e-01      
      1996      8.435e-01      
      1997      5.916e-01      
      1998      3.334e-01      
      1999      1.545e-01      
      2195      1.117e-01      
      2196      2.953e-01      
      2197      6.454e-01      
      2198      1.135e+00      
      2199      1.599e+00      
      2200      1.815e+00      
      2201      1.682e+00      
      2202      1.305e+00      
      2203      8.777e-01      
      2204      5.297e-01      
      2205      2.917e-01      
      2206      1.465e-01      
      2415      1.915e-01      
      2416      2.577e-01      
      2422      1.829e-01      
      2423      1.117e-01      
      3396      1.880e-01      
      3397      4.927e-01      
      3398      1.065e+00      
      3399      1.857e+00      
      3400      2.595e+00      
      3401      2.901e+00      
      3402      2.595e+00      
      3403      1.861e+00      
      3404      1.078e+00      
      3405      5.099e-01      
      3406      2.025e-01      
      3407      1.000e-01      
      3551      1.137e-01      
      3552      3.413e-01      
      3553      8.415e-01      
      3554      1.653e+00      
      3555      2.573e+00      
      3556      3.173e+00      
      3557      3.106e+00      
      3558      2.423e+00      
      3559      1.513e+00      
      3560      7.627e-01      
      3561      3.160e-01      
      3562      1.127e-01      


3624   1.127e-01