0.0      1.000e-01      
      1      1.000e-01      
      359      1.555e-01      
      360      2.338e-01      
      361      3.286e-01      
      362      4.222e-01      
      365      4.141e-01      
      366      3.069e-01      
      367      2.038e-01      
      368      1.317e-01      
      369      1.000e-01      
      383      1.912e-01      
      384      2.073e-01      
      394      3.035e-01      
      395      3.086e-01      
      407      3.972e-01      
      408      4.260e-01      
      451      3.271e-01      
      452      3.223e-01      
      482      2.244e-01      
      483      2.217e-01      
      579      1.218e-01      
      580      1.137e-01      
      1066      2.051e-01      
      1067      2.215e-01      
      1071      1.343e-01      
      1072      1.000e-01      
      1205      1.773e-01      
      1206      2.070e-01      
      1212      1.298e-01      
      1213      1.062e-01      
      1237      1.982e-01      
      1238      2.172e-01      
      1323      1.178e-01      
      1324      1.160e-01      
      2093      1.486e-01      
      2094      2.678e-01      
      2095      4.214e-01      
      2096      5.523e-01      
      2098      5.279e-01      
      2099      3.921e-01      
      2100      2.520e-01      
      2101      1.493e-01      
      2211      2.311e-01      
      2212      2.743e-01      
      2214      3.638e-01      
      2215      4.036e-01      
      2218      4.876e-01      
      2219      5.061e-01      
      2253      4.067e-01      
      2254      3.984e-01      
      2269      3.020e-01      
      2270      2.960e-01      
      2293      1.983e-01      
      2294      1.955e-01      
      2559      2.573e-01      
      2560      5.979e-01      
      2561      1.229e+00      
      2562      2.093e+00      
      2563      2.897e+00      
      2564      3.257e+00      
      2565      2.993e+00      
      2566      2.289e+00      
      2567      1.514e+00      
      2568      9.442e-01      
      2569      6.471e-01      
      2572      6.929e-01      
      2573      8.076e-01      
      2574      9.191e-01      
      2575      1.017e+00      
      2576      1.098e+00      
      2577      1.163e+00      
      2578      1.211e+00      
      2585      1.133e+00      
      2586      1.106e+00      
      2590      1.019e+00      
      2591      9.999e-01      
      2595      9.095e-01      
      2596      8.738e-01      
      2598      7.992e-01      
      2599      7.696e-01      
      2604      6.779e-01      
      2605      6.618e-01      
      2611      5.630e-01      
      2612      5.481e-01      
      2621      4.518e-01      
      2622      4.421e-01      
      2633      3.445e-01      
      2634      3.336e-01      
      2653      2.347e-01      
      2654      2.296e-01      
      2666      3.188e-01      
      2667      3.928e-01      
      2671      3.421e-01      
      2672      2.812e-01      
      2731      1.822e-01      
      2732      1.810e-01      


3624   1.810e-01