0.0      1.000e-01      
      1      1.000e-01      
      359      1.713e-01      
      360      5.211e-01      
      361      1.264e+00      
      362      2.439e+00      
      363      3.751e+00      
      364      4.609e+00      
      365      4.547e+00      
      366      3.628e+00      
      367      2.368e+00      
      368      1.288e+00      
      369      6.015e-01      
      370      2.552e-01      
      371      1.082e-01      
      1067      1.992e-01      
      1068      3.078e-01      
      1071      2.987e-01      
      1072      2.000e-01      
      2094      2.761e-01      
      2095      5.298e-01      
      2096      7.991e-01      
      2097      9.512e-01      
      2098      8.992e-01      
      2099      6.825e-01      
      2100      4.239e-01      
      2101      2.233e-01      
      2102      1.064e-01      
      2194      1.708e-01      
      2195      2.259e-01      
      2196      3.529e-01      
      2197      5.437e-01      
      2198      7.407e-01      
      2199      8.681e-01      
      2201      8.019e-01      
      2202      6.706e-01      
      2203      5.284e-01      
      2204      3.931e-01      
      2205      2.731e-01      
      2206      1.762e-01      
      2207      1.070e-01      
      2562      1.210e-01      
      2563      2.847e-01      
      2564      5.294e-01      
      2565      7.791e-01      
      2566      9.102e-01      
      2567      8.491e-01      
      2568      6.392e-01      
      2569      3.960e-01      
      2570      2.096e-01      
      2571      1.011e-01      


3624   1.011e-01