0.0      1.000e-01      
      1      1.000e-01      
      412      1.817e-01      
      413      2.648e-01      
      414      4.006e-01      
      415      5.897e-01      
      416      7.864e-01      
      417      9.103e-01      
      418      9.074e-01      
      419      7.987e-01      
      420      6.593e-01      
      421      5.552e-01      
      424      5.655e-01      
      425      6.721e-01      
      426      8.399e-01      
      427      1.039e+00      
      428      1.195e+00      
      430      1.156e+00      
      431      1.006e+00      
      432      8.615e-01      
      433      7.649e-01      
      434      7.202e-01      
      439      8.062e-01      
      440      8.400e-01      
      442      9.122e-01      
      443      9.480e-01      
      446      1.047e+00      
      447      1.077e+00      
      454      1.168e+00      
      455      1.225e+00      
      456      1.307e+00      
      457      1.403e+00      
      458      1.496e+00      
      459      1.574e+00      
      461      1.662e+00      
      462      1.680e+00      
      477      1.581e+00      
      478      1.577e+00      
      499      1.495e+00      
      500      1.460e+00      
      502      1.375e+00      
      503      1.344e+00      
      507      1.265e+00      
      508      1.214e+00      
      509      1.154e+00      
      510      1.092e+00      
      511      1.038e+00      
      512      9.912e-01      
      514      9.156e-01      
      515      8.847e-01      
      518      7.969e-01      
      519      7.538e-01      
      520      7.006e-01      
      521      6.426e-01      
      522      5.870e-01      
      523      5.381e-01      
      525      4.602e-01      
      526      4.284e-01      
      531      3.309e-01      
      532      3.225e-01      
      538      3.957e-01      
      539      4.236e-01      
      551      3.395e-01      
      552      3.212e-01      
      571      2.232e-01      
      572      2.201e-01      
      581      3.158e-01      
      582      3.307e-01      
      591      2.414e-01      
      592      2.218e-01      
      597      1.309e-01      
      598      1.195e-01      
      1068      1.000e-01      
      1069      2.330e-01      
      1070      4.457e-01      
      1071      6.826e-01      
      1072      8.350e-01      
      1073      8.209e-01      
      1074      6.573e-01      
      1075      4.388e-01      
      1076      2.544e-01      
      1077      1.369e-01      
      1210      1.566e-01      
      1211      2.730e-01      
      1212      4.290e-01      
      1213      5.972e-01      
      1214      7.224e-01      
      1216      6.709e-01      
      1217      5.211e-01      
      1218      3.601e-01      
      1219      2.303e-01      
      1220      1.453e-01      
      1221      1.000e-01      
      1228      1.849e-01      
      1229      2.130e-01      
      1232      3.007e-01      
      1233      3.311e-01      
      1236      4.248e-01      
      1237      4.547e-01      
      1266      3.709e-01      
      1267      3.490e-01      
      1309      2.496e-01      
      1310      2.412e-01      
      1385      1.590e-01      
      1386      1.396e-01      
      1992      1.498e-01      
      1993      2.733e-01      
      1994      4.025e-01      
      1997      3.528e-01      
      1998      2.318e-01      
      1999      1.354e-01      
      2000      1.000e-01      
      2195      1.142e-01      
      2196      2.944e-01      
      2197      6.356e-01      
      2198      1.121e+00      
      2199      1.610e+00      
      2200      1.899e+00      
      2201      1.870e+00      
      2202      1.583e+00      
      2203      1.189e+00      
      2204      8.121e-01      
      2205      5.083e-01      
      2206      2.924e-01      
      2207      1.577e-01      
      2231      2.537e-01      
      2232      2.854e-01      
      2235      3.818e-01      
      2236      4.081e-01      
      2240      4.943e-01      
      2241      5.147e-01      
      2277      4.180e-01      
      2278      4.132e-01      
      2317      3.226e-01      
      2318      3.095e-01      
      2343      2.112e-01      
      2344      2.067e-01      
      2363      1.077e-01      
      2364      1.028e-01      
      2408      1.328e-01      
      2409      2.479e-01      
      2410      3.747e-01      
      2417      4.391e-01      
      2418      4.936e-01      
      2421      3.979e-01      
      2422      2.961e-01      
      2423      2.079e-01      
      2424      1.506e-01      
      2431      2.392e-01      
      2432      2.729e-01      
      2434      3.412e-01      
      2435      3.743e-01      
      2438      4.600e-01      
      2439      4.816e-01      
      2466      3.954e-01      
      2467      3.751e-01      
      2489      2.856e-01      
      2490      2.581e-01      
      2495      1.624e-01      
      2496      1.557e-01      
      3396      1.078e-01      
      3397      2.578e-01      
      3398      5.347e-01      
      3399      9.197e-01      
      3400      1.289e+00      
      3401      1.466e+00      
      3402      1.355e+00      
      3403      1.026e+00      
      3404      6.486e-01      
      3405      3.535e-01      
      3406      1.762e-01      
      3552      2.626e-01      
      3553      6.458e-01      
      3554      1.279e+00      
      3555      2.028e+00      
      3556      2.580e+00      
      3557      2.652e+00      
      3558      2.225e+00      
      3559      1.546e+00      
      3560      9.097e-01      
      3561      4.693e-01      
      3562      2.240e-01      
      3563      1.068e-01      
      3583      1.972e-01      
      3584      2.234e-01      
      3587      3.004e-01      
      3588      3.239e-01      
      3606      4.239e-01      
      3607      4.268e-01      
      3619      5.252e-01      
      3620      5.325e-01      


3624   5.325e-01