0.0      1.000e-01      
      1      1.000e-01      
      35      1.477e-01      
      36      2.432e-01      
      37      3.543e-01      
      38      4.467e-01      
      39      4.825e-01      
      40      4.436e-01      
      41      3.472e-01      
      42      2.345e-01      
      43      1.418e-01      
      44      1.000e-01      
      414      1.969e-01      
      415      3.501e-01      
      416      5.190e-01      
      417      6.383e-01      
      419      5.936e-01      
      420      4.882e-01      
      421      3.956e-01      
      422      3.395e-01      
      431      4.332e-01      
      432      4.567e-01      
      434      5.315e-01      
      435      5.740e-01      
      437      6.484e-01      
      438      6.760e-01      
      456      5.863e-01      
      457      5.652e-01      
      468      4.661e-01      
      469      4.623e-01      
      476      3.656e-01      
      477      3.553e-01      
      480      4.339e-01      
      481      4.977e-01      
      482      5.717e-01      
      483      6.588e-01      
      484      7.664e-01      
      485      8.839e-01      
      486      9.724e-01      
      487      9.913e-01      
      488      9.381e-01      
      489      8.521e-01      
      490      7.786e-01      
      491      7.386e-01      
      499      6.427e-01      
      500      6.046e-01      
      502      5.215e-01      
      503      4.876e-01      
      511      3.910e-01      
      512      3.815e-01      
      519      2.926e-01      
      520      2.710e-01      
      539      1.721e-01      
      540      1.706e-01      
      1068      1.474e-01      
      1069      3.383e-01      
      1070      6.464e-01      
      1071      9.943e-01      
      1072      1.223e+00      
      1073      1.205e+00      
      1074      9.596e-01      
      1075      6.275e-01      
      1076      3.473e-01      
      1077      1.728e-01      
      1210      1.842e-01      
      1211      2.767e-01      
      1212      3.933e-01      
      1213      5.247e-01      
      1214      6.381e-01      
      1216      6.443e-01      
      1217      5.302e-01      
      1218      3.905e-01      
      1219      2.661e-01      
      1220      1.749e-01      
      1221      1.161e-01      
      1991      1.441e-01      
      1992      2.961e-01      
      1993      5.321e-01      
      1994      8.002e-01      
      1995      9.961e-01      
      1996      1.028e+00      
      1997      8.841e-01      
      1998      6.407e-01      
      1999      3.981e-01      
      2000      2.193e-01      
      2001      1.148e-01      
      2194      1.428e-01      
      2195      3.240e-01      
      2196      6.586e-01      
      2197      1.137e+00      
      2198      1.644e+00      
      2199      1.989e+00      
      2200      2.039e+00      
      2201      1.827e+00      
      2202      1.511e+00      
      2203      1.223e+00      
      2204      9.786e-01      
      2205      7.384e-01      
      2206      4.984e-01      
      2207      2.969e-01      
      2208      1.648e-01      
      2216      2.406e-01      
      2217      2.705e-01      
      2245      1.747e-01      
      2246      1.654e-01      
      2414      1.455e-01      
      2415      2.839e-01      
      2416      4.885e-01      
      2417      7.014e-01      
      2418      8.313e-01      
      2419      8.234e-01      
      2420      7.032e-01      
      2421      5.428e-01      
      2422      3.963e-01      
      2423      2.788e-01      
      2424      1.879e-01      
      2425      1.222e-01      
      2577      1.728e-01      
      2578      2.441e-01      
      2583      1.509e-01      
      2584      1.011e-01      
      2950      1.371e-01      
      2951      2.366e-01      
      2952      3.433e-01      
      2955      3.014e-01      
      2956      1.984e-01      
      3397      1.727e-01      
      3398      3.521e-01      
      3399      5.981e-01      
      3400      8.415e-01      
      3401      9.841e-01      
      3402      9.631e-01      
      3403      7.956e-01      
      3404      5.608e-01      
      3405      3.432e-01      
      3406      1.886e-01      
      3553      2.336e-01      
      3554      4.672e-01      
      3555      7.804e-01      
      3556      1.062e+00      
      3557      1.173e+00      
      3558      1.054e+00      
      3559      7.769e-01      
      3560      4.783e-01      
      3561      2.551e-01      
      3562      1.270e-01      


3624   1.270e-01