0.0      1.000e-01      
      1      1.000e-01      
      34      1.255e-01      
      35      2.385e-01      
      36      3.556e-01      
      39      2.902e-01      
      40      1.788e-01      
      367      1.968e-01      
      368      3.803e-01      
      369      5.784e-01      
      370      6.953e-01      
      371      6.648e-01      
      372      5.111e-01      
      373      3.223e-01      
      374      1.732e-01      
      409      1.145e-01      
      410      3.308e-01      
      411      7.602e-01      
      412      1.390e+00      
      413      2.026e+00      
      414      2.357e+00      
      415      2.197e+00      
      416      1.652e+00      
      417      1.015e+00      
      418      5.265e-01      
      419      2.631e-01      
      421      3.367e-01      
      422      6.706e-01      
      423      1.166e+00      
      424      1.658e+00      
      425      1.912e+00      
      426      1.791e+00      
      427      1.373e+00      
      428      8.728e-01      
      429      4.727e-01      
      430      2.306e-01      
      431      1.134e-01      
      1065      1.000e-01      
      1066      2.293e-01      
      1067      4.996e-01      
      1068      9.151e-01      
      1069      1.415e+00      
      1070      1.842e+00      
      1071      2.000e+00      
      1072      1.795e+00      
      1073      1.323e+00      
      1074      8.013e-01      
      1075      4.048e-01      
      1076      1.780e-01      
      1205      1.044e-01      
      1206      2.958e-01      
      1207      6.802e-01      
      1208      1.281e+00      
      1209      1.997e+00      
      1210      2.616e+00      
      1211      2.926e+00      
      1212      2.840e+00      
      1213      2.417e+00      
      1214      1.806e+00      
      1215      1.177e+00      
      1216      6.645e-01      
      1217      3.270e-01      
      1218      1.451e-01      
      1680      1.570e-01      
      1681      3.384e-01      
      1682      5.870e-01      
      1683      8.237e-01      
      1684      9.399e-01      
      1685      8.776e-01      
      1686      6.762e-01      
      1687      4.362e-01      
      1688      2.423e-01      
      1689      1.225e-01      
      1988      2.020e-01      
      1989      2.567e-01      
      1990      3.198e-01      
      1991      3.817e-01      
      1993      3.668e-01      
      1994      2.745e-01      
      1995      1.726e-01      
      2096      2.007e-01      
      2097      3.892e-01      
      2098      6.243e-01      
      2099      8.323e-01      
      2101      8.544e-01      
      2102      6.580e-01      
      2103      4.239e-01      
      2104      2.324e-01      
      2105      1.134e-01      
      2195      1.332e-01      
      2196      3.841e-01      
      2197      9.050e-01      
      2198      1.766e+00      
      2199      2.894e+00      
      2200      4.018e+00      
      2201      4.734e+00      
      2202      4.701e+00      
      2203      3.891e+00      
      2204      2.661e+00      
      2205      1.500e+00      
      2206      7.047e-01      
      2207      2.865e-01      
      2208      1.105e-01      
      2404      1.000e-01      
      2405      2.869e-01      
      2406      6.792e-01      
      2407      1.279e+00      
      2408      1.936e+00      
      2409      2.422e+00      
      2410      2.688e+00      
      2411      2.992e+00      
      2412      3.651e+00      
      2413      4.622e+00      
      2414      5.423e+00      
      2415      5.556e+00      
      2416      4.915e+00      
      2417      3.791e+00      
      2418      2.583e+00      
      2419      1.577e+00      
      2420      8.943e-01      
      2421      5.200e-01      
      2422      3.599e-01      
      2425      2.704e-01      
      2426      2.443e-01      
      2429      1.611e-01      
      2430      1.353e-01      
      2567      1.468e-01      
      2568      3.271e-01      
      2569      5.992e-01      
      2570      9.137e-01      
      2571      1.172e+00      
      2572      1.273e+00      
      2573      1.173e+00      
      2574      9.176e-01      
      2575      6.112e-01      
      2576      3.509e-01      
      2577      1.807e-01      
      2946      1.413e-01      
      2947      3.707e-01      
      2948      7.708e-01      
      2949      1.272e+00      
      2950      1.671e+00      
      2951      1.751e+00      
      2952      1.471e+00      
      2953      9.982e-01      
      2954      5.556e-01      
      2955      2.624e-01      
      2956      1.132e-01      
      3139      1.278e-01      
      3140      3.663e-01      
      3141      8.788e-01      
      3142      1.702e+00      
      3143      2.634e+00      
      3144      3.263e+00      
      3145      3.300e+00      
      3146      2.859e+00      
      3147      2.331e+00      
      3148      1.976e+00      
      3149      1.733e+00      
      3150      1.424e+00      
      3151      1.009e+00      
      3152      5.985e-01      
      3153      3.020e-01      
      3154      1.377e-01      
      3343      1.591e-01      
      3344      3.867e-01      
      3345      7.725e-01      
      3346      1.265e+00      
      3347      1.690e+00      
      3348      1.833e+00      
      3349      1.610e+00      
      3350      1.145e+00      
      3351      6.656e-01      
      3352      3.234e-01      
      3353      1.390e-01      
      3395      2.272e-01      
      3396      2.514e-01      
      3398      1.906e-01      
      3399      1.358e-01      
      3553      1.921e-01      
      3554      3.988e-01      
      3555      7.146e-01      
      3556      1.048e+00      
      3557      1.234e+00      
      3558      1.163e+00      
      3559      8.804e-01      
      3560      5.416e-01      
      3561      2.776e-01      
      3562      1.253e-01      


3624   1.253e-01